143
diam	c	r	EConv0	EConv1	EConv2	OConv0	OConv1
6	3	3	3.54	3.30	3.30	1.00	-1.71	44	
6	3	8	4.77	3.47	3.36	-0.21	-1.46	45	
6	3	13	36.15	22.36	1.02	-20.53	-8.13	46	
6	3	18	-85.56	-54.76	4.71	45.05	13.36	47	
6	3	23	17.42	10.44	7.96	-2.59	1.09	48	
6	3	28	20.03	55.68	11.98	-34.22	-34.32	49	
6	3	33	-10.51	1.86	-4.44	-20.59	-113.01	50	
6	3	38	9.93	-7.79	43.32	55.10	-81.44	51	
6	3	43	16.11	11.53	0.19	-25.11	-10.65	52	
6	7	3	3.49	4.04	3.46	0.70	0.47	53	
6	7	8	2.12	2.63	3.84	1.18	0.60	54	
6	7	13	52.44	43.99	4.73	-85.35	-35.15	55	
6	7	18	-17.54	-13.04	-0.07	125.16	44.53	56	
6	7	23	14.36	53.77	1.38	-52.16	-57.80	57	
6	7	28	-15.93	-66.64	-5.01	-48.13	-64.98	58	
6	7	33	3.04	-45.85	-21.90	15.21	86.51	59	
6	7	38	-31.83	7.71	-76.35	20.88	5.87	60	
6	7	43	39.61	-1.32	47.36	27.15	-1.12	61	
6	11	3	1.58	2.82	2.91	-0.54	-0.72	62	
6	11	8	-0.16	-0.81	5.19	8.20	1.39	63	
6	11	13	-4.22	-2.67	0.84	-125.65	-41.72	64	
6	11	18	65.25	73.37	6.79	70.82	-39.05	65	
6	11	23	-29.51	-81.21	8.13	-38.90	-38.57	66	
6	11	28	-2.09	0.71	-1.44	69.16	105.35	67	
6	11	33	7.85	35.91	20.27	10.45	24.68	68	
6	11	38	15.70	37.86	13.22	-112.77	39.10	69	
6	11	43	60.60	11.68	6.54	62.45	-16.74	70	
6	15	3	7.61	5.21	4.32	-0.26	0.34	71	
6	15	8	16.17	12.79	3.94	12.71	-0.99	72	
6	15	13	-46.95	-27.32	5.47	-85.00	-29.03	73	
6	15	18	5.21	-46.90	1.30	9.00	-23.30	74	
6	15	23	11.50	29.68	1.28	69.16	96.78	75	
6	15	28	11.09	16.98	3.93	4.73	-1.26	76	
6	15	33	-1.33	-1.47	2.34	6.35	8.20	77	
6	15	38	-1.67	1.70	5.58	-124.34	-32.99	78	
6	15	43	64.19	32.87	22.31	74.62	22.10	79	
6	19	3	8.33	5.94	5.53	-3.63	-0.03	80	
6	19	8	43.62	26.81	-0.36	-33.45	-7.07	81	
6	19	13	-34.95	-26.50	-2.15	-27.58	-3.69	82	
6	19	18	2.55	16.65	5.07	100.21	82.21	83	
6	19	23	6.13	15.34	3.23	-0.39	-4.54	84	
6	19	28	3.14	2.36	4.01	2.50	-0.74	85	
6	19	33	17.29	19.58	-3.38	-4.35	-9.52	86	
6	19	38	-66.91	-69.33	24.71	-26.85	-16.32	87	
6	19	43	43.31	29.93	-10.20	-12.88	-1.10	88	
6	23	3	4.61	2.70	3.72	-0.75	1.46	89	
6	23	8	58.36	21.46	12.99	-66.71	-7.18	90	
6	23	13	-46.71	-41.00	2.49	43.54	21.64	91	
6	23	18	24.12	26.86	-4.66	27.46	19.45	92	
6	23	23	-0.11	2.40	5.37	-3.18	-1.59	93	
6	23	28	1.81	4.69	2.14	4.26	7.26	94	
6	23	33	17.23	32.21	-3.57	-90.99	-66.54	95	
6	23	38	-14.59	-13.90	-7.01	103.31	65.58	96	
6	23	43	5.41	6.52	13.12	-20.06	2.44	97	
6	27	3	3.22	4.42	3.65	-0.93	-0.23	98	
6	27	8	54.80	10.10	17.94	-68.92	3.55	99	
6	27	13	-30.72	3.48	12.57	114.82	23.61	100	
6	27	18	3.26	6.63	0.31	-12.16	-0.90	101	
6	27	23	-0.50	-2.33	2.75	1.29	-1.24	102	
6	27	28	30.19	42.99	2.78	-39.09	-35.84	103	
6	27	33	-48.59	-83.53	14.89	5.26	-4.45	104	
6	27	38	26.34	40.13	-3.24	28.33	21.24	105	
6	27	43	6.87	-5.16	0.76	-28.60	0.01	106	
6	31	3	3.25	3.16	3.01	-2.69	-1.55	107	
6	31	8	42.93	3.56	26.07	-34.07	9.12	108	
6	31	13	-45.78	19.79	-59.69	25.87	-30.44	109	
6	31	18	20.30	22.34	47.85	13.75	-60.04	110	
6	31	23	16.57	58.25	20.04	-31.25	-72.55	111	
6	31	28	-21.78	-70.90	13.32	-39.04	-65.50	112	
6	31	33	13.72	44.27	-5.39	67.65	76.16	113	
6	31	38	1.03	3.97	3.38	-4.30	-4.08	114	
6	31	43	9.87	12.82	3.22	-14.00	0.40	115	
6	35	3	1.71	2.08	3.53	-0.34	-1.85	116	
6	35	8	12.47	3.17	10.39	-1.37	1.00	117	
6	35	13	-11.81	-15.94	-7.34	-79.91	78.35	118	
6	35	18	-0.62	-36.36	-69.39	5.50	-11.34	119	
6	35	23	-5.51	-83.05	-27.23	-0.36	10.08	120	
6	35	28	0.40	15.30	-5.78	77.44	93.46	121	
6	35	33	5.70	8.24	2.38	-7.02	-1.90	122	
6	35	38	4.97	3.47	4.57	2.02	-1.27	123	
6	35	43	15.90	-1.24	7.70	-30.75	1.61	124	
6	39	3	2.05	3.63	1.97	-0.16	2.37	125	
6	39	8	3.96	4.99	3.63	2.98	-3.23	126	
6	39	13	1.51	6.29	22.86	-7.96	18.14	127	
6	39	18	-5.41	18.30	37.28	-10.68	70.83	128	
6	39	23	5.48	51.46	21.70	17.82	56.71	129	
6	39	28	7.38	15.61	6.59	7.49	4.45	130	
6	39	33	2.47	2.04	5.46	-1.52	1.55	131	
6	39	38	3.77	4.46	2.23	-0.89	-0.05	132	
6	39	43	5.40	10.46	6.69	-5.53	-8.68	133	
6	43	3	3.53	3.05	4.87	-1.20	-1.13	134	
6	43	8	5.13	3.27	3.88	-0.95	3.04	135	
6	43	13	6.19	4.46	4.62	-0.37	0.00	136	
6	43	18	5.77	7.40	2.50	1.75	-0.96	137	
6	43	23	0.91	0.23	0.95	-1.57	-4.63	138	
6	43	28	5.22	4.52	3.66	-0.01	-3.59	139	
6	43	33	1.10	2.93	0.49	1.88	-0.54	140	
6	43	38	5.62	5.24	4.06	-3.24	2.80	141	
6	43	43	11.58	0.47	6.67	-15.92	4.72	142	
