143
diam	c	r	EConv0	EConv1	EConv2	OConv0	OConv1
6	3	3	4.85	4.60	2.65	0.51	0.63	44	
6	3	8	4.87	5.00	4.48	0.12	0.56	45	
6	3	13	4.05	3.81	4.56	1.63	0.13	46	
6	3	18	1.82	5.70	14.25	-2.04	6.78	47	
6	3	23	2.64	2.01	-1.38	-0.89	-0.78	48	
6	3	28	3.89	5.91	4.66	-1.01	1.91	49	
6	3	33	2.64	11.82	6.87	1.00	-6.40	50	
6	3	38	3.16	22.99	7.29	-12.23	-22.53	51	
6	3	43	7.82	3.83	15.10	3.63	-2.08	52	
6	7	3	5.56	4.60	4.95	-1.10	0.13	53	
6	7	8	2.18	3.01	0.97	0.84	-0.72	54	
6	7	13	4.87	6.51	5.59	-1.65	-2.36	55	
6	7	18	3.11	4.12	4.86	1.76	1.67	56	
6	7	23	4.02	8.98	3.19	-4.94	-3.16	57	
6	7	28	1.51	14.06	1.85	-14.90	-29.75	58	
6	7	33	1.73	-11.35	-0.21	-9.35	-28.28	59	
6	7	38	10.43	-3.64	-3.73	-9.55	-10.06	60	
6	7	43	27.71	4.63	16.13	36.19	-5.19	61	
6	11	3	5.76	3.62	4.71	0.83	0.81	62	
6	11	8	3.06	4.29	3.29	-3.71	-3.28	63	
6	11	13	3.11	3.81	5.39	-0.70	-2.96	64	
6	11	18	7.95	21.41	7.08	-4.49	-14.45	65	
6	11	23	-3.26	-4.81	5.89	-16.38	-46.46	66	
6	11	28	-0.79	-20.31	3.33	-2.84	2.24	67	
6	11	33	4.04	-5.57	-7.33	12.34	32.46	68	
6	11	38	4.46	9.12	-15.87	-28.91	12.54	69	
6	11	43	29.89	10.10	5.52	51.84	4.23	70	
6	15	3	5.50	4.64	4.00	-0.83	-1.88	71	
6	15	8	3.31	3.94	5.96	-4.37	-2.94	72	
6	15	13	7.02	29.36	1.67	-24.92	-42.05	73	
6	15	18	1.02	-35.30	-1.63	-4.88	-23.97	74	
6	15	23	3.18	-6.35	1.05	26.87	50.39	75	
6	15	28	1.34	20.11	5.48	6.93	23.55	76	
6	15	33	5.81	8.00	6.57	-2.40	1.73	77	
6	15	38	-14.08	-14.57	18.63	-32.20	-15.93	78	
6	15	43	16.97	18.33	-4.47	18.82	9.49	79	
6	19	3	3.38	3.40	2.31	-0.19	1.06	80	
6	19	8	3.02	18.30	0.40	-41.99	-52.38	81	
6	19	13	-0.24	-31.41	14.65	13.02	16.53	82	
6	19	18	5.99	27.41	-0.03	28.31	41.90	83	
6	19	23	3.55	6.07	2.19	-1.87	0.24	84	
6	19	28	4.31	2.30	3.00	1.03	4.41	85	
6	19	33	9.36	24.67	14.75	-23.89	-34.74	86	
6	19	38	-24.22	-16.32	-1.07	23.01	7.93	87	
6	19	43	4.18	1.68	3.63	3.43	-2.13	88	
6	23	3	19.70	30.19	7.28	-21.37	-56.96	89	
6	23	8	-7.96	-11.41	17.11	4.52	-16.68	90	
6	23	13	12.92	18.19	-1.84	33.73	-8.09	91	
6	23	18	3.82	6.31	3.63	9.05	-41.10	92	
6	23	23	3.79	19.49	5.41	-7.13	-51.68	93	
6	23	28	7.99	9.39	13.63	-13.61	-75.55	94	
6	23	33	-2.49	-15.79	2.22	8.38	-17.20	95	
6	23	38	3.71	17.95	-0.84	26.95	-3.22	96	
6	23	43	1.01	5.14	1.34	-6.97	-39.35	97	
6	27	3	26.00	9.54	8.71	-51.07	50.49	98	
6	27	8	-6.98	12.49	25.69	45.49	22.84	99	
6	27	13	7.74	40.90	27.08	-9.02	18.65	100	
6	27	18	5.42	40.64	26.75	-15.44	-19.31	101	
6	27	23	-2.89	-8.86	5.95	-19.92	0.61	102	
6	27	28	-11.25	-26.78	3.49	27.30	50.49	103	
6	27	33	6.96	32.59	15.42	9.15	52.24	104	
6	27	38	4.76	15.76	14.12	3.62	31.17	105	
6	27	43	5.25	16.95	20.75	-1.79	34.52	106	
6	31	3	15.72	-2.17	20.92	-10.57	9.86	107	
6	31	8	-22.27	7.22	-41.73	-13.91	16.53	108	
6	31	13	-4.29	-28.77	-13.97	-5.74	-23.35	109	
6	31	18	1.58	-0.34	3.77	9.88	7.53	110	
6	31	23	0.77	-23.61	8.50	21.88	38.20	111	
6	31	28	13.79	35.10	2.28	15.83	16.96	112	
6	31	33	6.13	5.43	4.28	-8.40	-0.08	113	
6	31	38	4.98	0.14	1.67	9.95	1.29	114	
6	31	43	4.80	5.55	4.35	-0.33	1.97	115	
6	35	3	-0.23	25.83	-18.50	-31.35	-37.09	116	
6	35	8	-7.96	-8.10	25.08	-31.78	-22.50	117	
6	35	13	1.06	-6.34	-0.45	-0.16	11.84	118	
6	35	18	5.55	4.29	3.16	35.00	53.93	119	
6	35	23	7.75	18.01	4.76	8.04	12.85	120	
6	35	28	3.48	2.90	3.23	-2.45	2.22	121	
6	35	33	5.95	3.36	7.92	-3.43	2.82	122	
6	35	38	5.24	6.21	3.10	2.62	3.36	123	
6	35	43	3.89	4.87	4.43	-0.84	-1.78	124	
6	39	3	15.65	-12.61	28.36	-46.68	31.32	125	
6	39	8	-1.53	-15.85	-11.14	15.26	66.46	126	
6	39	13	6.76	27.82	11.66	16.27	38.51	127	
6	39	18	5.46	8.44	3.62	1.18	0.26	128	
6	39	23	4.15	5.18	3.45	0.61	-2.41	129	
6	39	28	3.80	3.48	5.49	-1.51	-0.94	130	
6	39	33	5.59	6.15	5.49	0.52	0.94	131	
6	39	38	5.04	5.85	1.34	-0.42	-1.52	132	
6	39	43	0.92	0.21	3.07	2.71	-2.01	133	
6	43	3	3.45	3.71	3.68	-0.93	1.86	134	
6	43	8	3.73	5.27	3.43	0.04	-0.71	135	
6	43	13	5.02	6.04	5.74	-0.99	1.63	136	
6	43	18	4.63	5.03	5.47	1.89	0.68	137	
6	43	23	4.00	3.74	3.81	-0.22	0.63	138	
6	43	28	5.82	5.31	4.21	-1.28	0.41	139	
6	43	33	5.92	13.35	4.85	-1.65	-11.13	140	
6	43	38	1.28	7.93	4.22	-18.42	-49.62	141	
6	43	43	14.92	8.96	19.41	14.14	-10.64	142	
