143
diam	c	r	EConv0	EConv1	EConv2	OConv0	OConv1
6	3	3	16.11	53.17	4.07	-21.54	-27.17	44	
6	3	8	-43.76	-97.23	13.86	-16.58	-23.29	45	
6	3	13	38.23	89.49	3.27	23.16	17.14	46	
6	3	18	-11.62	-66.32	5.36	-40.71	-54.59	47	
6	3	23	7.56	43.66	4.22	54.62	95.72	48	
6	3	28	2.34	-2.34	2.97	-6.72	-8.07	49	
6	3	33	3.97	5.56	7.46	-0.42	1.94	50	
6	3	38	9.03	2.93	2.20	1.45	8.73	51	
6	3	43	5.44	4.44	-0.25	-1.45	7.17	52	
6	7	3	-31.43	-72.06	-23.96	-51.05	-26.39	53	
6	7	8	32.41	64.20	-9.39	64.86	54.50	54	
6	7	13	-21.15	-80.18	12.24	-41.70	-45.64	55	
6	7	18	25.52	52.37	2.78	50.96	58.73	56	
6	7	23	3.33	-3.50	1.38	-3.17	-7.48	57	
6	7	28	3.69	1.22	3.83	3.19	5.88	58	
6	7	33	6.12	56.25	16.64	-24.73	-45.71	59	
6	7	38	-3.74	-11.32	-20.80	-36.68	-101.74	60	
6	7	43	28.07	-12.55	57.30	57.08	-57.06	61	
6	11	3	-10.62	28.38	23.80	10.78	54.54	62	
6	11	8	48.04	-1.50	9.52	-76.28	-0.61	63	
6	11	13	41.25	53.08	1.20	76.58	54.76	64	
6	11	18	3.84	-0.43	5.74	-0.17	-2.40	65	
6	11	23	7.17	14.24	3.95	0.41	3.26	66	
6	11	28	4.52	16.37	-4.37	-55.66	-87.18	67	
6	11	33	-5.59	-83.87	-25.21	-0.09	37.45	68	
6	11	38	22.54	19.60	24.72	23.77	98.45	69	
6	11	43	-54.99	8.68	-42.77	78.48	15.11	70	
6	15	3	4.98	3.88	2.13	2.49	1.84	71	
6	15	8	7.67	11.81	15.73	0.02	2.32	72	
6	15	13	5.57	0.29	3.16	-0.42	-1.26	73	
6	15	18	10.57	42.30	5.22	-16.52	-25.06	74	
6	15	23	-13.03	-48.26	-18.77	-45.42	-69.62	75	
6	15	28	1.88	-18.80	13.94	42.59	81.75	76	
6	15	33	12.14	41.35	12.92	7.88	10.03	77	
6	15	38	2.14	0.31	3.27	2.31	-9.13	78	
6	15	43	-66.26	-32.72	-4.07	44.40	3.69	79	
6	19	3	4.70	4.04	1.26	-0.20	-0.62	80	
6	19	8	0.58	2.22	4.04	-2.39	-0.02	81	
6	19	13	19.44	51.69	-5.23	-37.03	-45.26	82	
6	19	18	-15.65	-80.13	1.04	1.78	-9.72	83	
6	19	23	6.03	38.77	15.79	34.31	70.92	84	
6	19	28	6.98	12.22	4.68	-0.01	-3.89	85	
6	19	33	4.13	2.96	6.93	-0.40	1.52	86	
6	19	38	35.75	42.27	1.06	-46.99	-26.23	87	
6	19	43	29.71	19.17	-1.63	67.73	27.48	88	
6	23	3	3.26	2.67	4.19	-1.45	-0.11	89	
6	23	8	18.56	41.21	-2.51	-19.12	-15.54	90	
6	23	13	-20.04	-70.56	31.53	5.18	21.97	91	
6	23	18	20.92	58.08	5.72	28.99	32.72	92	
6	23	23	2.44	1.17	1.81	-3.83	-6.57	93	
6	23	28	3.58	3.42	2.33	-1.03	-1.19	94	
6	23	33	12.92	19.59	3.63	2.23	2.25	95	
6	23	38	-44.27	-78.51	16.90	-11.99	-12.81	96	
6	23	43	17.75	24.88	4.35	3.80	2.73	97	
6	27	3	4.37	3.25	5.37	4.89	2.09	98	
6	27	8	-41.11	-60.33	3.69	-49.80	-37.88	99	
6	27	13	31.72	51.41	-5.89	33.61	28.57	100	
6	27	18	4.37	0.05	5.48	-0.71	0.44	101	
6	27	23	3.58	5.49	5.44	1.93	2.93	102	
6	27	28	2.49	3.62	6.00	3.14	7.60	103	
6	27	33	-5.65	-22.11	0.60	-70.12	-75.47	104	
6	27	38	30.45	45.15	-6.64	61.07	47.56	105	
6	27	43	3.85	2.46	2.68	-3.01	-0.47	106	
6	31	3	40.34	26.31	-1.85	-25.42	-11.68	107	
6	31	8	2.50	-4.13	9.02	85.88	49.33	108	
6	31	13	1.81	1.32	8.38	-4.46	-3.52	109	
6	31	18	5.14	-2.12	5.53	1.86	6.34	110	
6	31	23	14.34	40.60	5.90	-8.65	-5.92	111	
6	31	28	10.29	10.37	18.17	-28.27	-98.87	112	
6	31	33	8.54	7.71	12.73	68.59	77.18	113	
6	31	38	5.30	5.42	5.16	-2.74	-7.61	114	
6	31	43	3.02	3.45	3.55	-0.06	0.09	115	
6	35	3	57.60	5.97	16.19	-58.84	1.13	116	
6	35	8	43.14	42.99	37.59	76.73	-60.98	117	
6	35	13	10.97	24.43	19.21	-2.07	3.90	118	
6	35	18	4.03	56.42	15.95	-25.86	-91.62	119	
6	35	23	-15.20	-92.54	8.60	-18.18	-45.87	120	
6	35	28	3.33	31.58	4.78	32.87	97.59	121	
6	35	33	11.27	10.21	5.00	-0.17	0.25	122	
6	35	38	3.12	4.49	4.88	-0.18	2.46	123	
6	35	43	4.18	4.57	4.41	0.01	-0.50	124	
6	39	3	11.74	0.30	19.72	-2.39	6.10	125	
6	39	8	-17.92	11.55	-61.54	-78.71	48.04	126	
6	39	13	11.79	-70.16	-39.81	19.07	-51.69	127	
6	39	18	5.09	-26.51	9.20	18.54	110.51	128	
6	39	23	14.60	66.14	2.40	38.32	59.02	129	
6	39	28	1.30	-5.38	1.49	-2.95	-9.11	130	
6	39	33	2.45	1.77	2.07	-3.03	-2.64	131	
6	39	38	3.14	3.22	3.64	-0.52	-0.63	132	
6	39	43	3.88	3.61	5.74	1.93	1.39	133	
6	43	3	5.12	5.58	2.29	-2.86	-4.77	134	
6	43	8	4.44	-7.27	46.48	-19.82	25.56	135	
6	43	13	7.70	51.24	25.73	12.04	43.87	136	
6	43	18	3.51	4.20	0.28	-2.56	-14.66	137	
6	43	23	5.84	-1.36	4.37	-1.60	-6.20	138	
6	43	28	4.93	6.00	4.97	-0.10	0.03	139	
6	43	33	4.25	4.78	4.82	-1.14	0.38	140	
6	43	38	5.02	4.51	5.15	0.55	0.18	141	
6	43	43	6.03	5.70	4.53	1.38	-1.11	142	
