143
diam	c	r	EConv0	EConv1	EConv2	OConv0	OConv1
6	3	3	7.64	22.47	0.30	-10.96	-13.25	44	
6	3	8	-10.69	-27.43	0.54	-42.52	-65.35	45	
6	3	13	-6.34	-44.42	-19.35	20.76	45.33	46	
6	3	18	8.91	32.54	8.25	30.30	57.20	47	
6	3	23	3.44	11.29	-0.10	-74.29	-25.38	48	
6	3	28	21.49	12.95	3.21	21.07	4.14	49	
6	3	33	2.71	2.70	4.33	1.38	0.36	50	
6	3	38	1.31	3.72	2.07	-0.51	-0.93	51	
6	3	43	3.36	3.83	4.14	-0.55	-0.69	52	
6	7	3	6.53	-18.83	-5.99	-65.13	-8.50	53	
6	7	8	-9.95	-12.57	-14.06	34.82	81.48	54	
6	7	13	9.58	31.72	7.35	11.92	14.32	55	
6	7	18	2.27	3.84	5.29	0.27	6.55	56	
6	7	23	-40.29	-18.36	-10.53	-57.79	-10.31	57	
6	7	28	32.51	4.29	15.93	22.16	-2.00	58	
6	7	33	3.80	9.17	6.46	4.28	-5.22	59	
6	7	38	-0.45	19.65	19.02	-1.54	-15.66	60	
6	7	43	2.97	6.79	5.02	-0.91	-6.83	61	
6	11	3	-0.74	8.91	15.04	0.24	16.36	62	
6	11	8	4.25	3.46	4.06	1.50	-0.62	63	
6	11	13	2.00	0.22	2.29	3.21	-1.52	64	
6	11	18	4.10	4.96	3.42	-1.21	-0.73	65	
6	11	23	-24.79	-10.88	1.32	-41.54	32.03	66	
6	11	28	35.13	49.70	7.02	11.74	-28.12	67	
6	11	33	3.63	-4.58	5.22	-32.50	-89.15	68	
6	11	38	-2.64	-43.00	-38.97	-6.76	-38.64	69	
6	11	43	9.76	-31.81	15.02	75.80	-32.54	70	
6	15	3	3.21	2.89	3.57	-1.65	0.09	71	
6	15	8	4.21	4.59	3.51	0.65	3.21	72	
6	15	13	2.51	4.58	3.65	0.06	-0.98	73	
6	15	18	3.57	4.02	5.00	-1.35	-1.11	74	
6	15	23	-1.47	15.96	-2.59	-58.57	-13.41	75	
6	15	28	0.28	-34.37	-8.40	-16.50	-20.98	76	
6	15	33	2.19	19.43	12.32	9.26	3.07	77	
6	15	38	-2.45	5.90	9.80	0.61	-6.98	78	
6	15	43	15.68	16.42	-4.20	75.74	25.23	79	
6	19	3	3.48	2.94	3.42	-0.18	-0.23	80	
6	19	8	3.79	0.94	2.40	-1.66	-0.28	81	
6	19	13	6.63	5.26	5.01	-0.49	-0.29	82	
6	19	18	7.40	24.55	-6.84	-25.55	-30.14	83	
6	19	23	-18.86	-40.69	11.57	-12.95	-24.48	84	
6	19	28	5.69	-16.21	4.57	22.96	53.63	85	
6	19	33	3.83	20.74	21.02	10.82	91.85	86	
6	19	38	-25.45	23.90	-8.39	-43.72	37.63	87	
6	19	43	23.56	20.40	1.63	19.94	12.86	88	
6	23	3	1.88	1.96	2.30	0.21	2.18	89	
6	23	8	3.90	4.54	2.68	-3.21	0.41	90	
6	23	13	7.78	10.55	1.94	-6.71	-7.20	91	
6	23	18	-21.43	-40.64	8.63	-32.23	-18.96	92	
6	23	23	-2.08	12.91	-4.34	41.14	68.69	93	
6	23	28	3.58	14.84	1.64	4.31	6.41	94	
6	23	33	15.97	28.19	4.05	-27.49	-29.14	95	
6	23	38	-14.53	-40.54	1.99	21.10	41.94	96	
6	23	43	5.29	2.68	2.75	2.49	0.68	97	
6	27	3	1.98	2.68	3.36	0.63	1.18	98	
6	27	8	4.54	5.63	1.79	-6.61	0.04	99	
6	27	13	2.36	-2.74	-1.06	-34.54	-26.09	100	
6	27	18	9.15	25.13	6.15	33.60	53.92	101	
6	27	23	4.89	6.40	2.33	-0.34	-0.65	102	
6	27	28	16.76	31.96	5.90	-25.82	-29.48	103	
6	27	33	-11.97	-58.09	5.02	16.99	17.53	104	
6	27	38	12.68	18.55	-1.52	14.41	12.79	105	
6	27	43	2.19	3.96	2.59	-0.72	0.45	106	
6	31	3	5.53	3.28	5.19	1.81	-3.07	107	
6	31	8	9.76	9.90	0.48	-18.87	-10.12	108	
6	31	13	-1.60	-2.28	10.57	15.76	27.66	109	
6	31	18	12.35	2.14	3.70	-0.58	0.27	110	
6	31	23	14.29	26.89	-1.04	-26.64	-36.09	111	
6	31	28	-13.97	-48.83	-0.13	32.20	14.40	112	
6	31	33	9.60	30.30	2.56	14.77	15.58	113	
6	31	38	1.76	2.30	3.82	-0.70	0.20	114	
6	31	43	3.00	3.88	3.03	-1.83	-2.02	115	
6	35	3	8.89	2.66	4.85	1.31	-2.74	116	
6	35	8	-31.38	-17.45	4.16	-12.75	-27.80	117	
6	35	13	6.73	17.25	3.04	2.15	1.10	118	
6	35	18	-5.78	26.73	-2.29	-37.96	-86.36	119	
6	35	23	-2.49	-37.83	15.12	26.40	31.65	120	
6	35	28	9.09	30.71	6.81	4.79	17.44	121	
6	35	33	4.83	5.38	8.34	2.71	1.49	122	
6	35	38	-4.14	1.89	0.83	-2.40	-9.82	123	
6	35	43	2.68	0.36	2.42	-0.22	1.44	124	
6	39	3	13.58	36.66	-4.97	-25.61	-26.19	125	
6	39	8	-39.67	10.39	-13.69	20.64	-61.71	126	
6	39	13	-6.00	-37.52	14.16	-27.04	-77.37	127	
6	39	18	-2.48	-1.32	13.23	38.73	84.14	128	
6	39	23	3.71	22.45	-4.39	9.17	12.14	129	
6	39	28	6.73	9.42	2.58	-4.18	-1.28	130	
6	39	33	-32.29	-27.57	-40.20	-40.00	-59.40	131	
6	39	38	15.78	-4.01	7.44	24.67	4.89	132	
6	39	43	6.24	4.79	4.23	-1.53	-1.25	133	
6	43	3	9.90	-12.42	-13.83	-90.45	-6.62	134	
6	43	8	0.09	-36.63	-13.89	1.80	33.28	135	
6	43	13	2.26	10.49	-12.81	64.93	72.18	136	
6	43	18	5.30	11.39	3.00	0.36	1.51	137	
6	43	23	3.98	4.68	5.65	-2.10	0.27	138	
6	43	28	25.89	2.66	9.46	-23.83	1.49	139	
6	43	33	-24.52	-24.97	-0.15	35.14	35.60	140	
6	43	38	6.31	6.28	0.27	8.11	2.25	141	
6	43	43	5.19	3.62	3.46	-4.99	0.73	142	
