143
diam	c	r	EConv0	EConv1	EConv2	OConv0	OConv1
6	3	3	50.08	3.37	14.84	-58.20	4.33	44	
6	3	8	-23.00	27.09	-32.16	79.92	-48.38	45	
6	3	13	21.13	35.20	38.45	-21.27	-88.51	46	
6	3	18	-26.02	-62.84	11.12	-28.90	-13.98	47	
6	3	23	12.44	27.56	0.59	61.76	81.78	48	
6	3	28	2.96	11.80	5.04	-0.68	4.47	49	
6	3	33	3.47	5.10	5.16	-0.47	1.06	50	
6	3	38	2.44	-2.89	3.81	5.98	8.13	51	
6	3	43	-0.33	6.04	-1.69	-5.52	5.22	52	
6	7	3	15.48	-1.12	20.03	-14.89	9.01	53	
6	7	8	-19.93	-9.73	-26.00	-47.79	77.27	54	
6	7	13	5.23	-41.65	-38.36	-1.80	46.57	55	
6	7	18	12.29	26.46	4.55	63.13	75.30	56	
6	7	23	8.30	11.26	3.62	-0.22	1.82	57	
6	7	28	2.27	-5.25	6.49	6.54	5.58	58	
6	7	33	5.73	36.72	-1.63	-15.11	-15.03	59	
6	7	38	-7.44	27.98	7.13	-22.10	-111.25	60	
6	7	43	9.44	-13.73	48.56	38.89	-54.90	61	
6	11	3	5.72	3.42	4.28	4.22	-1.65	62	
6	11	8	-1.67	3.76	22.44	-10.32	16.35	63	
6	11	13	3.79	26.04	23.86	-7.34	27.68	64	
6	11	18	1.47	5.45	1.84	-1.01	3.09	65	
6	11	23	2.64	-2.05	1.12	-1.68	2.52	66	
6	11	28	14.03	48.32	-4.86	-21.78	-43.89	67	
6	11	33	-8.74	-42.14	1.71	-50.93	-84.67	68	
6	11	38	2.60	-39.42	-27.16	-2.89	31.72	69	
6	11	43	-13.26	-10.45	-9.98	118.10	-5.76	70	
6	15	3	2.99	4.99	1.55	0.09	0.27	71	
6	15	8	1.63	3.04	5.20	2.68	2.11	72	
6	15	13	1.62	2.29	4.12	-1.16	2.83	73	
6	15	18	0.58	3.48	3.17	2.91	-0.53	74	
6	15	23	12.66	33.18	-5.34	-22.42	-29.27	75	
6	15	28	-21.78	-60.25	2.87	-45.22	-52.40	76	
6	15	33	2.29	-11.70	2.69	58.23	98.22	77	
6	15	38	46.73	69.74	23.71	-47.52	30.54	78	
6	15	43	0.36	0.76	-6.51	96.24	31.59	79	
6	19	3	2.05	2.28	3.46	-2.27	0.48	80	
6	19	8	2.49	2.22	3.64	3.48	1.57	81	
6	19	13	0.48	-2.16	1.35	1.48	4.77	82	
6	19	18	19.55	44.20	4.77	-22.88	-21.76	83	
6	19	23	-15.73	-51.07	7.48	-48.31	-65.40	84	
6	19	28	7.14	14.62	4.18	61.42	89.23	85	
6	19	33	16.49	36.96	2.78	2.28	0.66	86	
6	19	38	-18.06	-37.67	11.47	-66.31	-48.38	87	
6	19	43	35.27	30.37	-1.06	57.47	24.94	88	
6	23	3	2.87	1.95	3.01	0.37	0.92	89	
6	23	8	3.56	2.17	0.46	-0.42	0.47	90	
6	23	13	16.97	21.48	1.11	-6.00	-10.82	91	
6	23	18	-15.93	-34.79	-1.86	-66.75	-68.30	92	
6	23	23	3.76	4.57	1.32	76.15	79.13	93	
6	23	28	11.79	20.48	4.29	6.73	0.67	94	
6	23	33	8.90	14.41	3.43	-62.74	-74.60	95	
6	23	38	-17.11	-24.54	3.47	68.83	50.85	96	
6	23	43	5.35	12.30	0.09	1.85	3.14	97	
6	27	3	3.80	3.75	3.10	0.52	1.31	98	
6	27	8	2.80	4.49	1.84	1.50	0.23	99	
6	27	13	10.33	15.93	1.21	-75.82	-71.65	100	
6	27	18	-10.73	-31.86	19.37	71.85	72.07	101	
6	27	23	11.25	26.36	-0.33	7.37	10.25	102	
6	27	28	17.40	42.10	1.69	-62.42	-69.89	103	
6	27	33	-27.25	-63.34	3.99	32.66	36.83	104	
6	27	38	20.70	34.95	4.81	30.71	23.98	105	
6	27	43	1.97	2.13	1.11	1.66	-1.02	106	
6	31	3	3.22	3.76	3.27	-1.09	-1.63	107	
6	31	8	32.39	25.28	-0.89	-29.27	-6.68	108	
6	31	13	-27.94	-29.98	0.69	-35.46	-27.49	109	
6	31	18	37.07	42.71	27.19	87.67	-28.47	110	
6	31	23	2.20	18.19	7.88	-58.12	-91.25	111	
6	31	28	-23.46	-80.96	2.27	19.27	28.60	112	
6	31	33	17.17	43.35	-4.70	32.36	40.69	113	
6	31	38	7.30	3.88	0.73	3.68	0.09	114	
6	31	43	5.05	2.67	4.36	0.17	2.03	115	
6	35	3	0.41	1.58	1.78	-1.40	-0.31	116	
6	35	8	48.44	11.06	11.93	-66.20	-2.03	117	
6	35	13	-13.01	-5.80	-9.15	-7.73	4.05	118	
6	35	18	11.15	-27.58	-36.23	20.53	-34.02	119	
6	35	23	-6.75	-53.09	-6.42	37.71	66.54	120	
6	35	28	15.54	46.42	-0.58	29.89	42.39	121	
6	35	33	4.72	-4.61	2.38	1.88	7.40	122	
6	35	38	5.11	1.54	5.39	8.05	7.72	123	
6	35	43	2.20	1.06	0.76	-1.39	3.67	124	
6	39	3	2.82	2.94	2.98	-0.78	2.59	125	
6	39	8	19.46	-2.54	23.03	-25.61	6.67	126	
6	39	13	-7.99	-1.44	10.57	-14.02	106.26	127	
6	39	18	8.38	38.98	14.25	31.61	96.59	128	
6	39	23	10.56	31.82	3.21	8.48	27.19	129	
6	39	28	4.34	2.48	5.33	3.13	4.60	130	
6	39	33	8.13	51.13	10.49	-27.72	-57.43	131	
6	39	38	-5.98	11.69	4.54	-9.99	-112.96	132	
6	39	43	6.14	-6.58	37.85	37.86	-64.03	133	
6	43	3	3.94	3.12	4.12	-0.73	0.92	134	
6	43	8	1.70	3.51	4.45	-0.64	0.60	135	
6	43	13	3.85	5.84	7.95	3.47	-0.32	136	
6	43	18	4.96	1.88	1.01	-2.27	-2.63	137	
6	43	23	5.54	-2.39	0.64	0.04	0.60	138	
6	43	28	14.53	35.70	-4.42	-48.61	-65.58	139	
6	43	33	-15.18	-75.06	-9.63	-16.62	-23.13	140	
6	43	38	15.86	-18.64	-24.16	-5.49	71.09	141	
6	43	43	-31.55	-1.02	-33.87	69.20	-35.27	142	
