143
diam	c	r	EConv0	EConv1	EConv2	OConv0	OConv1
6	3	3	4.26	3.58	4.70	-1.93	1.07	44	
6	3	8	4.51	3.59	2.58	0.06	-0.57	45	
6	3	13	2.70	2.69	3.28	-2.38	0.26	46	
6	3	18	4.09	1.27	-0.25	3.44	0.19	47	
6	3	23	2.66	0.96	0.57	-4.33	1.09	48	
6	3	28	6.08	5.55	6.81	-3.57	0.54	49	
6	3	33	3.97	1.68	4.34	-0.14	3.24	50	
6	3	38	3.04	4.71	2.91	-1.99	0.58	51	
6	3	43	5.28	7.22	2.96	-7.69	2.37	52	
6	7	3	5.85	3.78	4.06	2.42	-0.70	53	
6	7	8	3.32	3.03	4.80	-1.49	-0.67	54	
6	7	13	2.19	2.97	3.29	-0.36	1.88	55	
6	7	18	1.89	2.89	2.58	0.18	-1.19	56	
6	7	23	2.69	3.07	4.03	-2.09	-4.94	57	
6	7	28	5.56	8.72	3.40	-1.57	-2.51	58	
6	7	33	6.81	49.65	12.30	-29.06	-63.98	59	
6	7	38	-0.80	18.53	39.90	19.17	-87.14	60	
6	7	43	18.12	0.65	10.69	-12.76	-9.72	61	
6	11	3	3.02	1.79	1.44	0.12	-2.08	62	
6	11	8	3.53	4.15	3.41	0.60	-0.00	63	
6	11	13	3.84	3.62	2.62	-1.03	-0.46	64	
6	11	18	2.06	1.72	5.03	3.47	-0.92	65	
6	11	23	2.11	8.40	4.00	-2.17	-0.58	66	
6	11	28	5.93	28.87	-1.51	-61.17	-85.58	67	
6	11	33	-5.53	-42.01	-4.17	-28.67	-49.73	68	
6	11	38	-15.95	-13.16	-40.32	21.08	-22.71	69	
6	11	43	51.77	1.78	46.26	52.32	-21.19	70	
6	15	3	4.42	3.70	3.65	-0.10	1.70	71	
6	15	8	2.18	2.92	2.76	1.05	-0.67	72	
6	15	13	4.65	4.18	4.76	-0.51	-0.16	73	
6	15	18	0.41	4.33	1.55	0.77	-1.79	74	
6	15	23	5.56	27.88	-14.96	-70.69	-72.03	75	
6	15	28	-18.00	-56.73	2.50	-10.02	-13.49	76	
6	15	33	10.54	-13.91	3.22	40.32	102.25	77	
6	15	38	40.07	28.37	9.93	-39.19	113.52	78	
6	15	43	42.97	4.40	6.95	95.64	-14.14	79	
6	19	3	3.11	4.06	3.29	-0.08	-1.72	80	
6	19	8	2.81	4.49	3.23	-0.70	0.94	81	
6	19	13	4.20	4.60	3.02	-2.56	-3.27	82	
6	19	18	23.00	51.11	-3.94	-53.41	-55.12	83	
6	19	23	-30.12	-74.89	9.49	-19.49	-12.85	84	
6	19	28	4.20	14.36	5.89	64.80	94.59	85	
6	19	33	4.07	26.38	8.41	9.75	8.92	86	
6	19	38	32.23	15.98	9.35	-44.99	-15.86	87	
6	19	43	-1.12	7.58	-10.19	90.13	1.76	88	
6	23	3	2.26	0.72	2.08	-1.44	2.82	89	
6	23	8	2.51	2.11	4.29	0.12	-0.67	90	
6	23	13	11.25	31.06	-5.10	-28.51	-22.39	91	
6	23	18	-32.22	-66.09	10.19	-53.65	-41.02	92	
6	23	23	13.20	26.68	-2.76	75.65	89.57	93	
6	23	28	7.83	13.79	-0.93	2.34	3.64	94	
6	23	33	3.55	10.03	2.45	-1.21	-1.61	95	
6	23	38	4.31	0.01	6.96	-60.60	-39.60	96	
6	23	43	31.54	16.21	-2.32	41.85	35.49	97	
6	27	3	4.24	4.73	5.18	3.76	-2.71	98	
6	27	8	8.09	15.28	0.87	-8.34	-10.90	99	
6	27	13	-7.26	-25.48	9.24	-74.70	-68.19	100	
6	27	18	2.17	7.56	2.49	80.34	80.59	101	
6	27	23	6.75	7.94	2.19	1.29	2.34	102	
6	27	28	3.77	3.70	6.08	3.89	-2.18	103	
6	27	33	10.40	30.92	-1.97	-32.18	-29.03	104	
6	27	38	-27.96	-41.11	8.69	41.25	25.37	105	
6	27	43	4.53	22.68	-4.60	-1.25	-4.46	106	
6	31	3	3.13	2.65	1.21	-0.44	0.69	107	
6	31	8	30.95	17.28	-9.94	-63.12	-11.16	108	
6	31	13	-30.29	-39.28	6.20	63.51	52.91	109	
6	31	18	13.50	27.20	1.36	9.71	12.98	110	
6	31	23	-2.00	-1.66	-2.37	-1.29	3.00	111	
6	31	28	10.52	34.09	2.21	-28.69	-31.61	112	
6	31	33	-21.99	-61.04	7.60	-2.74	-1.58	113	
6	31	38	8.25	28.67	-6.42	29.94	31.86	114	
6	31	43	-5.17	-9.59	10.77	-21.97	6.98	115	
6	35	3	5.37	4.77	4.12	0.25	-0.10	116	
6	35	8	19.75	-6.65	27.76	-43.06	19.63	117	
6	35	13	13.21	60.17	12.70	32.97	18.18	118	
6	35	18	1.08	29.13	33.24	-8.73	-39.22	119	
6	35	23	8.40	31.22	18.84	-28.57	-59.77	120	
6	35	28	-11.01	-65.54	5.46	-10.95	-17.24	121	
6	35	33	18.31	28.21	-5.04	40.85	43.62	122	
6	35	38	6.42	4.02	4.86	-1.47	3.23	123	
6	35	43	-5.38	8.59	-6.64	-5.90	-7.27	124	
6	39	3	4.08	2.71	3.62	0.28	-1.75	125	
6	39	8	25.29	8.18	5.77	-22.20	0.95	126	
6	39	13	-20.82	-41.91	-51.81	-33.75	-67.09	127	
6	39	18	1.04	-45.68	-43.50	0.89	-42.78	128	
6	39	23	-10.73	-58.31	-7.12	40.16	11.12	129	
6	39	28	10.14	37.26	3.63	37.00	53.57	130	
6	39	33	2.72	7.24	4.75	-2.23	-3.99	131	
6	39	38	6.58	5.13	4.28	-0.55	-1.59	132	
6	39	43	0.23	0.15	8.06	-13.42	3.67	133	
6	43	3	3.10	1.46	2.34	3.14	1.62	134	
6	43	8	9.53	-0.57	7.03	-10.16	-0.47	135	
6	43	13	-9.84	11.26	32.56	-2.34	94.28	136	
6	43	18	4.72	33.21	33.64	0.52	83.00	137	
6	43	23	21.70	71.38	-27.10	-64.36	1.97	138	
6	43	28	34.57	-7.28	50.94	51.20	-47.09	139	
6	43	33	1.91	3.37	5.97	-0.11	1.70	140	
6	43	38	2.08	2.16	3.39	1.46	1.14	141	
6	43	43	-11.44	-0.16	-4.46	-13.90	-6.71	142	
