143
diam	c	r	EConv0	EConv1	EConv2	OConv0	OConv1
6	3	3	48.45	-4.05	9.81	-131.71	9.42	44	
6	3	8	33.40	20.36	25.23	87.49	-93.61	45	
6	3	13	-34.56	-42.67	17.87	-95.12	-53.70	46	
6	3	18	5.48	-4.82	13.43	77.28	91.97	47	
6	3	23	13.23	19.07	1.90	6.43	5.63	48	
6	3	28	5.21	5.33	5.54	3.00	-0.43	49	
6	3	33	4.63	4.71	4.85	0.08	-0.69	50	
6	3	38	4.44	5.12	3.37	-0.16	0.12	51	
6	3	43	3.29	12.52	7.85	-11.78	-5.84	52	
6	7	3	18.82	-5.80	42.10	-27.46	21.81	53	
6	7	8	27.20	49.07	-3.67	-3.81	88.91	54	
6	7	13	-16.07	-17.51	3.71	58.13	95.65	55	
6	7	18	11.42	25.70	-3.69	13.75	9.07	56	
6	7	23	4.31	0.07	3.38	2.00	2.52	57	
6	7	28	2.01	2.39	-2.40	-0.12	0.61	58	
6	7	33	4.76	2.16	1.71	4.41	0.60	59	
6	7	38	0.95	10.87	18.38	0.58	-8.02	60	
6	7	43	-1.84	2.07	9.20	-16.04	6.20	61	
6	11	3	2.48	1.39	1.55	-1.36	-3.08	62	
6	11	8	11.42	2.49	11.75	-7.21	-0.84	63	
6	11	13	5.58	20.69	4.11	6.66	7.91	64	
6	11	18	4.54	4.50	3.76	-0.94	1.59	65	
6	11	23	4.52	5.96	5.45	5.83	-2.18	66	
6	11	28	4.87	27.87	11.15	-7.43	-13.23	67	
6	11	33	3.79	28.76	3.52	-50.66	-114.96	68	
6	11	38	-40.36	-43.93	-38.16	38.55	-105.09	69	
6	11	43	10.25	-3.72	7.30	-21.31	5.24	70	
6	15	3	2.74	3.25	3.50	-1.33	3.89	71	
6	15	8	4.78	2.75	3.01	-3.41	1.21	72	
6	15	13	1.12	0.06	0.03	0.41	0.43	73	
6	15	18	5.51	2.03	2.93	-0.46	2.49	74	
6	15	23	11.83	47.88	-2.21	-31.40	-52.86	75	
6	15	28	-4.39	-44.61	-5.96	-48.60	-96.74	76	
6	15	33	-10.16	-71.23	-6.02	35.89	73.93	77	
6	15	38	-21.08	27.06	-35.72	-32.62	75.60	78	
6	15	43	22.57	5.87	-0.11	-17.06	-0.25	79	
6	19	3	3.20	3.39	3.83	-1.09	-0.91	80	
6	19	8	4.59	4.32	4.76	-2.97	3.13	81	
6	19	13	2.54	6.58	4.71	0.35	0.33	82	
6	19	18	21.06	49.99	-1.11	-35.89	-38.17	83	
6	19	23	-23.91	-82.27	2.38	-33.35	-33.59	84	
6	19	28	3.42	6.19	0.35	56.15	109.81	85	
6	19	33	18.58	53.40	11.36	11.60	27.16	86	
6	19	38	-76.75	-64.00	10.56	-29.19	-28.57	87	
6	19	43	2.80	14.85	-0.94	-21.49	-7.01	88	
6	23	3	3.16	4.59	4.80	-2.03	-0.53	89	
6	23	8	4.75	1.46	3.97	-1.06	0.39	90	
6	23	13	17.02	36.47	1.36	-18.91	-14.87	91	
6	23	18	-30.99	-82.33	5.45	-54.06	-46.27	92	
6	23	23	22.35	43.74	5.01	59.18	86.41	93	
6	23	28	3.07	7.69	3.76	0.77	2.98	94	
6	23	33	22.68	39.64	0.86	-66.23	-58.01	95	
6	23	38	-0.92	8.81	-5.95	83.33	58.19	96	
6	23	43	3.05	3.82	15.66	-15.50	1.08	97	
6	27	3	1.24	2.58	1.90	-0.34	1.04	98	
6	27	8	4.23	3.91	1.08	0.25	2.33	99	
6	27	13	-7.68	-18.29	3.62	-85.51	-59.85	100	
6	27	18	20.39	36.43	7.86	73.75	78.27	101	
6	27	23	4.24	2.97	3.35	-0.08	2.02	102	
6	27	28	20.01	51.12	1.83	-41.13	-33.89	103	
6	27	33	-35.51	-82.46	9.87	20.63	23.50	104	
6	27	38	16.95	21.43	1.65	8.52	13.18	105	
6	27	43	1.07	2.36	10.96	-8.72	5.92	106	
6	31	3	2.83	3.35	3.52	-0.29	0.38	107	
6	31	8	34.16	46.77	-9.42	-50.76	-36.61	108	
6	31	13	-24.62	-47.63	16.41	79.06	61.02	109	
6	31	18	6.63	13.20	1.27	4.07	9.00	110	
6	31	23	11.63	54.07	7.46	-31.91	-52.67	111	
6	31	28	-33.29	-96.44	10.20	-11.29	-8.41	112	
6	31	33	19.09	47.07	1.60	27.37	40.27	113	
6	31	38	3.81	2.55	3.47	-2.13	-0.18	114	
6	31	43	-7.77	-6.90	-6.39	-16.73	2.33	115	
6	35	3	5.61	3.32	6.19	-2.00	0.85	116	
6	35	8	7.31	7.92	-9.51	-139.16	-36.22	117	
6	35	13	33.80	55.48	5.00	53.10	-109.63	118	
6	35	18	4.92	-11.44	-1.55	-14.24	-135.65	119	
6	35	23	-21.73	-106.52	-10.32	15.49	16.37	120	
6	35	28	17.96	51.44	-1.82	42.57	49.67	121	
6	35	33	1.58	2.38	2.32	-1.84	3.40	122	
6	35	38	2.20	3.18	4.73	-1.44	-2.20	123	
6	35	43	-9.04	2.52	-8.70	-10.24	-13.24	124	
6	39	3	2.70	4.31	3.31	2.55	-2.16	125	
6	39	8	-5.40	-38.78	39.54	-81.46	78.90	126	
6	39	13	-4.26	1.60	2.35	13.89	120.06	127	
6	39	18	-1.90	34.76	20.88	19.50	118.86	128	
6	39	23	10.30	47.71	8.40	21.85	34.84	129	
6	39	28	4.10	1.94	3.74	1.47	-0.53	130	
6	39	33	3.42	3.17	3.42	-2.20	-1.36	131	
6	39	38	2.60	3.90	3.39	0.29	3.66	132	
6	39	43	-7.04	11.48	10.49	-9.16	-3.46	133	
6	43	3	2.49	3.55	2.35	-0.19	0.92	134	
6	43	8	7.19	4.77	7.14	-3.31	-0.95	135	
6	43	13	-2.28	3.40	-2.21	5.33	-1.54	136	
6	43	18	-1.75	-3.86	-3.32	-6.33	-9.78	137	
6	43	23	3.47	0.54	0.84	12.27	-6.72	138	
6	43	28	2.83	3.08	3.48	1.16	-0.25	139	
6	43	33	4.20	4.10	4.33	-0.74	0.98	140	
6	43	38	4.64	4.73	3.06	-0.44	0.12	141	
6	43	43	-5.29	10.25	13.88	-5.65	7.96	142	
