143
diam	c	r	EConv0	EConv1	EConv2	OConv0	OConv1
6	3	3	1.10	3.78	2.54	-1.49	4.13	44	
6	3	8	2.25	5.55	3.27	0.38	-4.24	45	
6	3	13	11.76	-5.02	20.96	-18.06	14.74	46	
6	3	18	-7.70	10.31	7.65	3.12	66.38	47	
6	3	23	6.13	28.10	12.12	12.39	26.26	48	
6	3	28	2.19	3.52	7.86	0.76	3.25	49	
6	3	33	0.14	8.72	2.18	-0.33	1.59	50	
6	3	38	2.06	6.98	10.19	0.24	1.19	51	
6	3	43	2.04	2.73	1.57	1.99	-0.10	52	
6	7	3	5.13	4.68	3.56	-0.33	0.72	53	
6	7	8	1.24	0.96	0.89	0.95	1.25	54	
6	7	13	3.73	2.67	3.20	-0.65	-0.98	55	
6	7	18	6.31	4.48	7.59	-0.48	2.49	56	
6	7	23	3.15	8.80	2.74	-1.70	-3.78	57	
6	7	28	8.83	33.93	3.50	-28.53	-40.83	58	
6	7	33	-0.84	-24.89	-15.30	-9.01	-59.32	59	
6	7	38	0.70	-20.87	-22.99	4.78	-50.70	60	
6	7	43	21.17	0.93	13.15	13.77	-6.15	61	
6	11	3	3.10	2.92	3.19	-2.67	-0.96	62	
6	11	8	5.13	5.42	5.23	0.25	0.82	63	
6	11	13	3.83	1.40	3.66	1.45	0.35	64	
6	11	18	8.00	36.63	8.18	-12.36	-26.19	65	
6	11	23	-5.95	-20.25	-5.14	-26.46	-59.61	66	
6	11	28	-3.49	-49.60	-2.74	15.78	27.76	67	
6	11	33	10.63	26.44	22.42	11.56	55.95	68	
6	11	38	-18.59	17.43	4.73	-36.09	11.27	69	
6	11	43	17.46	8.90	4.38	15.60	4.17	70	
6	15	3	0.70	2.42	2.75	-2.66	-0.98	71	
6	15	8	1.97	2.84	0.63	-3.64	-0.12	72	
6	15	13	13.97	32.02	-9.96	-34.92	-32.67	73	
6	15	18	-9.36	-62.07	-4.39	-3.43	-8.59	74	
6	15	23	10.42	22.62	5.36	32.90	62.71	75	
6	15	28	5.48	19.23	5.71	2.88	13.80	76	
6	15	33	11.60	25.00	-0.57	-29.51	-28.55	77	
6	15	38	-13.41	-25.24	6.82	28.83	25.89	78	
6	15	43	5.25	5.77	-0.93	5.64	2.30	79	
6	19	3	0.91	1.79	2.67	-1.86	1.74	80	
6	19	8	6.38	6.58	1.17	-6.90	-1.99	81	
6	19	13	-18.61	-43.69	22.00	-11.99	-13.08	82	
6	19	18	12.11	37.60	12.45	21.71	30.18	83	
6	19	23	4.71	2.36	4.39	1.42	-0.25	84	
6	19	28	12.59	31.19	1.55	-23.64	-25.89	85	
6	19	33	-17.77	-50.00	5.92	8.71	6.82	86	
6	19	38	9.71	19.08	4.33	10.27	16.34	87	
6	19	43	4.34	5.23	5.21	1.11	-0.64	88	
6	23	3	4.25	3.54	3.77	0.42	1.30	89	
6	23	8	29.61	28.71	-4.27	-52.60	-25.96	90	
6	23	13	27.50	15.29	6.03	56.89	33.90	91	
6	23	18	5.17	6.10	0.40	3.40	3.20	92	
6	23	23	9.89	32.50	0.52	-31.72	-40.16	93	
6	23	28	-11.98	-57.80	-6.46	4.78	5.10	94	
6	23	33	10.60	25.65	-3.42	20.88	23.89	95	
6	23	38	1.78	5.71	1.14	-1.85	-2.07	96	
6	23	43	0.66	13.23	16.62	1.23	-15.77	97	
6	27	3	2.29	3.00	2.28	0.12	-2.22	98	
6	27	8	-9.92	-12.29	3.40	-75.24	-25.32	99	
6	27	13	31.37	37.59	27.53	38.99	-32.41	100	
6	27	18	5.84	30.36	8.91	-35.18	-72.63	101	
6	27	23	-21.76	-65.82	-2.02	23.20	12.14	102	
6	27	28	9.42	28.38	0.56	16.51	22.34	103	
6	27	33	2.81	2.40	3.15	0.35	2.31	104	
6	27	38	24.22	26.34	-7.29	-42.86	-20.86	105	
6	27	43	-32.59	-36.97	-16.69	49.05	-38.75	106	
6	31	3	9.73	6.15	1.28	-8.53	-1.25	107	
6	31	8	-28.24	-10.15	5.92	-24.56	-18.73	108	
6	31	13	-6.00	-29.46	-17.98	-0.41	-19.04	109	
6	31	18	-4.96	-30.57	-4.97	32.57	75.19	110	
6	31	23	9.88	35.14	4.41	16.41	20.90	111	
6	31	28	4.78	2.16	3.34	0.05	-0.06	112	
6	31	33	4.54	3.80	3.94	2.09	-1.18	113	
6	31	38	18.10	-18.56	17.26	-53.41	22.44	114	
6	31	43	-2.52	17.28	-16.78	55.44	66.04	115	
6	35	3	11.24	1.04	8.29	-9.33	-0.65	116	
6	35	8	-22.97	-34.35	-14.21	-4.30	82.80	117	
6	35	13	5.65	38.19	10.28	27.59	69.40	118	
6	35	18	5.90	14.85	4.59	-1.57	2.75	119	
6	35	23	0.98	4.53	5.34	-0.28	2.33	120	
6	35	28	11.48	22.48	-2.00	-13.84	-17.09	121	
6	35	33	16.70	1.20	15.62	11.79	-4.32	122	
6	35	38	2.38	4.65	9.17	1.88	6.77	123	
6	35	43	3.91	5.56	5.06	-2.73	-1.49	124	
6	39	3	3.95	4.52	5.28	0.09	1.42	125	
6	39	8	4.67	8.99	4.24	0.72	-0.68	126	
6	39	13	4.23	1.59	5.58	1.16	-2.50	127	
6	39	18	-0.42	-0.64	1.36	-0.58	-3.18	128	
6	39	23	3.32	4.81	5.19	0.39	2.18	129	
6	39	28	12.05	-10.18	15.15	-26.17	16.56	130	
6	39	33	18.48	14.67	-3.06	19.07	5.25	131	
6	39	38	2.95	1.13	1.21	1.57	-2.04	132	
6	39	43	3.14	2.24	3.23	1.81	-1.54	133	
6	43	3	4.94	3.19	2.15	-1.39	2.25	134	
6	43	8	2.31	2.46	3.00	2.32	0.80	135	
6	43	13	3.81	3.82	3.70	-2.76	0.62	136	
6	43	18	3.72	4.97	4.35	0.51	0.99	137	
6	43	23	1.07	1.95	2.68	3.01	0.31	138	
6	43	28	0.46	3.79	1.56	-1.68	0.57	139	
6	43	33	3.27	4.18	4.74	-0.83	2.51	140	
6	43	38	2.26	4.24	1.62	-1.08	-1.27	141	
6	43	43	2.46	2.35	4.10	3.04	0.46	142	
