143
diam	c	r	EConv0	EConv1	EConv2	OConv0	OConv1
6	3	3	3.51	3.07	3.95	-1.39	1.22	44	
6	3	8	2.79	2.11	2.40	-0.39	2.08	45	
6	3	13	5.82	9.94	8.49	1.89	6.11	46	
6	3	18	4.52	0.99	3.74	-0.70	-1.98	47	
6	3	23	2.82	6.50	2.16	-2.14	3.32	48	
6	3	28	5.78	4.12	2.20	-1.56	-0.97	49	
6	3	33	6.02	7.30	3.84	0.23	2.25	50	
6	3	38	-0.70	31.22	23.43	-3.92	-30.47	51	
6	3	43	6.18	0.35	6.08	0.88	-3.24	52	
6	7	3	4.06	3.77	4.72	0.54	-1.31	53	
6	7	8	1.81	-0.73	0.64	-1.40	-1.51	54	
6	7	13	5.86	4.42	3.69	-3.73	2.14	55	
6	7	18	4.89	4.48	3.23	-0.03	-0.05	56	
6	7	23	5.36	2.14	3.65	-0.66	1.82	57	
6	7	28	11.16	32.12	1.27	-13.96	-18.89	58	
6	7	33	-3.23	-1.07	-3.14	-56.02	-116.59	59	
6	7	38	-29.64	-49.04	-33.26	12.53	-61.51	60	
6	7	43	35.86	6.13	14.74	25.40	-5.62	61	
6	11	3	3.05	3.21	2.17	1.71	-0.69	62	
6	11	8	2.65	3.50	2.65	1.25	-0.15	63	
6	11	13	2.68	1.19	2.37	-3.18	-0.70	64	
6	11	18	4.25	2.62	3.60	-1.42	0.26	65	
6	11	23	19.87	46.08	2.42	-18.75	-22.87	66	
6	11	28	-10.76	-42.09	3.93	-66.00	-85.92	67	
6	11	33	-6.11	-58.85	-14.48	27.63	64.79	68	
6	11	38	-39.69	5.23	-36.98	-10.68	33.83	69	
6	11	43	38.96	17.80	6.17	26.18	7.93	70	
6	15	3	2.01	3.83	4.58	-0.08	1.13	71	
6	15	8	2.86	5.23	1.42	-0.93	-1.09	72	
6	15	13	2.95	2.88	4.29	0.94	-0.52	73	
6	15	18	8.69	16.08	-1.38	-7.26	-3.36	74	
6	15	23	-18.15	-35.79	4.20	-85.89	-79.38	75	
6	15	28	-2.06	-25.40	8.58	69.88	90.41	76	
6	15	33	23.19	59.62	12.21	14.83	28.16	77	
6	15	38	-81.08	-69.34	12.30	4.15	1.71	78	
6	15	43	18.56	12.24	4.74	4.65	-2.24	79	
6	19	3	3.63	3.44	2.57	2.07	2.47	80	
6	19	8	4.20	4.36	6.32	-1.28	-1.69	81	
6	19	13	1.85	3.82	3.69	0.45	-2.86	82	
6	19	18	13.25	22.09	-0.90	-95.72	-87.97	83	
6	19	23	-12.95	-40.21	9.04	73.51	87.61	84	
6	19	28	12.79	30.22	3.56	14.04	16.00	85	
6	19	33	36.79	40.15	-5.91	-84.16	-49.13	86	
6	19	38	6.61	2.25	2.81	114.17	47.36	87	
6	19	43	-0.46	3.07	0.64	-0.43	2.78	88	
6	23	3	4.67	2.24	3.42	-0.67	-1.56	89	
6	23	8	3.89	6.18	3.44	-1.91	-2.60	90	
6	23	13	34.78	47.62	-1.29	-43.74	-32.39	91	
6	23	18	-52.86	-81.12	21.30	34.23	24.18	92	
6	23	23	15.21	38.57	-3.67	14.54	15.57	93	
6	23	28	10.50	21.63	-0.86	-6.11	-4.10	94	
6	23	33	-56.88	-73.25	19.97	-53.43	-31.06	95	
6	23	38	32.94	42.54	-2.21	35.68	26.99	96	
6	23	43	4.19	4.41	3.34	-0.69	-2.31	97	
6	27	3	4.00	3.90	1.15	-0.06	0.44	98	
6	27	8	4.36	3.44	6.72	3.37	5.10	99	
6	27	13	-17.36	-18.83	3.52	-101.54	-68.55	100	
6	27	18	-14.38	25.82	-35.30	65.52	-41.63	101	
6	27	23	8.53	-9.01	36.42	37.89	-27.66	102	
6	27	28	20.65	33.80	-0.12	-94.64	-65.23	103	
6	27	33	-10.63	-13.55	6.58	104.79	58.99	104	
6	27	38	0.79	2.52	0.31	-2.40	1.30	105	
6	27	43	3.63	3.66	4.95	-2.01	1.67	106	
6	31	3	3.12	2.50	4.81	-1.09	-1.84	107	
6	31	8	29.71	15.64	4.41	-19.27	-4.34	108	
6	31	13	-36.37	-22.22	-3.67	-28.04	-5.81	109	
6	31	18	25.93	4.39	28.18	28.06	61.49	110	
6	31	23	-0.22	24.88	-46.16	28.91	-75.38	111	
6	31	28	-40.18	-87.17	12.60	3.40	-6.02	112	
6	31	33	25.21	45.32	-10.02	37.68	33.41	113	
6	31	38	2.03	3.86	4.85	-2.73	-1.25	114	
6	31	43	3.51	4.17	3.73	-0.36	-1.65	115	
6	35	3	2.40	3.17	2.78	-2.74	0.15	116	
6	35	8	26.71	4.33	10.30	-21.17	0.24	117	
6	35	13	-15.60	-20.31	-34.89	-34.20	70.72	118	
6	35	18	4.50	-21.19	-50.36	5.77	-33.45	119	
6	35	23	-16.90	-59.80	-7.65	9.24	31.30	120	
6	35	28	18.52	50.94	-1.47	68.76	80.60	121	
6	35	33	3.03	0.76	2.47	-0.75	-2.23	122	
6	35	38	4.09	4.07	1.79	-4.22	2.63	123	
6	35	43	3.53	4.83	4.05	0.35	-1.28	124	
6	39	3	2.31	2.91	3.42	-0.25	0.64	125	
6	39	8	6.31	1.20	7.66	-4.45	3.50	126	
6	39	13	6.29	11.33	31.32	-11.78	33.52	127	
6	39	18	-5.41	31.86	38.40	0.51	91.81	128	
6	39	23	-3.58	53.28	18.76	16.01	55.73	129	
6	39	28	3.13	2.36	3.60	-0.45	-1.75	130	
6	39	33	1.21	4.69	2.15	1.06	-0.27	131	
6	39	38	3.67	2.56	4.67	-2.70	-2.51	132	
6	39	43	2.48	1.93	3.31	-0.24	2.23	133	
6	43	3	2.03	1.21	1.00	-0.15	1.82	134	
6	43	8	4.13	2.88	2.58	-0.48	-0.06	135	
6	43	13	4.11	5.45	4.64	-1.38	2.80	136	
6	43	18	4.81	3.25	3.75	-0.19	0.61	137	
6	43	23	2.08	1.03	1.24	3.65	2.03	138	
6	43	28	1.94	5.03	3.04	0.35	-1.87	139	
6	43	33	2.70	2.81	4.19	-2.89	-2.31	140	
6	43	38	3.65	1.92	3.36	1.40	0.30	141	
6	43	43	4.22	5.12	2.76	-0.09	0.01	142	
