143
diam	c	r	EConv0	EConv1	EConv2	OConv0	OConv1
6	3	3	-8.64	11.99	24.50	-3.25	41.14	44	
6	3	8	4.10	8.22	3.80	4.32	1.21	45	
6	3	13	-0.40	2.34	-1.08	1.46	-3.13	46	
6	3	18	3.55	2.15	2.78	1.70	-1.69	47	
6	3	23	6.56	9.28	2.00	-4.23	-3.53	48	
6	3	28	1.72	32.34	14.34	-9.09	-47.94	49	
6	3	33	-5.09	14.29	23.54	-1.85	-62.57	50	
6	3	38	5.00	6.90	25.04	6.83	-21.72	51	
6	3	43	3.06	-0.25	0.93	0.78	-0.20	52	
6	7	3	2.14	1.62	3.72	1.41	4.80	53	
6	7	8	2.58	4.55	2.34	-2.48	4.82	54	
6	7	13	2.94	3.82	2.45	2.52	4.06	55	
6	7	18	5.45	31.02	1.38	-17.89	-27.61	56	
6	7	23	2.69	-15.63	3.25	-30.55	-65.39	57	
6	7	28	1.48	-11.72	-1.24	-0.39	-7.02	58	
6	7	33	-2.25	-0.17	-1.39	2.45	6.46	59	
6	7	38	-2.30	2.46	-22.48	15.44	-30.19	60	
6	7	43	13.29	-8.36	25.23	24.74	-22.34	61	
6	11	3	2.83	4.07	-1.42	1.43	3.10	62	
6	11	8	3.12	1.47	4.31	-0.03	1.11	63	
6	11	13	14.58	36.06	0.78	-29.92	-30.48	64	
6	11	18	-5.59	-27.80	2.54	-11.77	-22.62	65	
6	11	23	-5.08	-24.26	-4.69	-0.87	13.19	66	
6	11	28	4.24	-24.50	-10.44	19.95	59.38	67	
6	11	33	5.07	-7.41	-24.90	-8.55	69.91	68	
6	11	38	3.73	1.44	-15.65	-12.28	8.77	69	
6	11	43	11.68	-3.74	8.49	82.60	-7.40	70	
6	15	3	2.23	3.26	2.62	-1.60	-0.64	71	
6	15	8	10.94	25.44	-3.99	-24.01	-20.22	72	
6	15	13	-2.94	-20.25	8.10	-22.83	-27.14	73	
6	15	18	-5.23	-32.62	-4.61	20.13	48.85	74	
6	15	23	10.48	36.83	12.08	18.25	40.56	75	
6	15	28	0.05	7.91	3.30	1.64	2.82	76	
6	15	33	3.34	-0.02	7.53	-5.23	-3.33	77	
6	15	38	25.90	20.02	30.68	-38.27	40.35	78	
6	15	43	15.01	7.65	2.10	88.99	7.50	79	
6	19	3	1.17	2.71	2.34	-0.92	-0.09	80	
6	19	8	-12.19	-13.21	1.09	-58.10	-38.59	81	
6	19	13	8.94	0.24	8.49	51.77	57.39	82	
6	19	18	3.58	19.39	9.53	3.69	8.28	83	
6	19	23	2.97	-2.33	-0.26	-0.23	-1.39	84	
6	19	28	1.63	1.04	0.32	-1.12	3.07	85	
6	19	33	2.13	0.49	4.69	1.53	1.54	86	
6	19	38	26.86	24.77	3.46	-63.66	-42.50	87	
6	19	43	43.13	21.06	0.10	64.67	18.15	88	
6	23	3	20.15	13.21	2.49	-12.56	-4.90	89	
6	23	8	-35.39	-26.35	11.17	31.44	4.26	90	
6	23	13	11.84	24.99	0.98	-34.38	-39.93	91	
6	23	18	20.18	1.25	-2.64	29.47	0.29	92	
6	23	23	2.46	6.39	1.98	4.72	-0.10	93	
6	23	28	-1.15	1.35	-1.78	-6.12	0.63	94	
6	23	33	13.46	36.23	4.28	-31.23	-41.70	95	
6	23	38	-28.70	-56.11	15.27	-0.40	4.55	96	
6	23	43	17.11	21.51	2.79	9.20	9.87	97	
6	27	3	33.48	11.57	3.72	-36.70	1.15	98	
6	27	8	-2.04	9.78	-13.33	14.99	-0.55	99	
6	27	13	-7.43	-19.33	7.53	43.79	35.25	100	
6	27	18	3.19	12.43	5.80	-5.29	-7.91	101	
6	27	23	4.40	26.30	13.62	-9.17	-30.47	102	
6	27	28	5.58	3.10	7.40	-23.25	-53.59	103	
6	27	33	-8.51	-34.69	5.61	-6.76	0.66	104	
6	27	38	6.90	28.96	-0.77	44.58	43.59	105	
6	27	43	2.68	2.94	0.63	0.46	0.17	106	
6	31	3	13.41	-3.32	14.91	-18.80	2.75	107	
6	31	8	-4.36	17.87	-11.80	-43.05	23.23	108	
6	31	13	9.61	5.12	-19.38	16.24	-47.65	109	
6	31	18	2.74	-22.80	-6.89	-7.96	-44.52	110	
6	31	23	3.31	-30.80	-13.56	-8.17	0.93	111	
6	31	28	-0.46	-28.66	-13.48	20.98	36.33	112	
6	31	33	0.70	21.07	0.63	24.05	41.61	113	
6	31	38	1.14	7.56	4.21	2.59	1.26	114	
6	31	43	2.75	2.40	2.74	-0.62	-0.42	115	
6	35	3	4.06	0.64	6.89	-0.85	0.69	116	
6	35	8	-10.40	-22.78	-2.79	-53.77	21.68	117	
6	35	13	-2.37	-23.89	-17.19	8.88	54.40	118	
6	35	18	0.90	-2.41	-3.99	12.35	55.52	119	
6	35	23	5.73	20.50	10.88	14.67	35.26	120	
6	35	28	4.92	14.17	5.31	4.84	13.21	121	
6	35	33	5.82	3.35	4.02	0.31	5.69	122	
6	35	38	3.47	4.15	4.29	0.92	3.13	123	
6	35	43	2.92	1.98	2.49	1.74	0.09	124	
6	39	3	2.65	3.62	1.83	1.38	2.72	125	
6	39	8	0.21	5.22	13.40	-6.44	12.81	126	
6	39	13	4.71	10.41	7.13	2.11	5.88	127	
6	39	18	-0.80	3.34	1.64	3.71	1.49	128	
6	39	23	2.67	4.98	4.28	-1.71	0.22	129	
6	39	28	1.82	2.45	0.98	1.41	-2.93	130	
6	39	33	4.46	4.04	3.81	1.14	-1.11	131	
6	39	38	4.23	4.49	3.26	-1.80	-0.23	132	
6	39	43	4.82	5.81	5.50	1.83	-3.33	133	
6	43	3	4.65	4.50	4.62	1.34	-2.19	134	
6	43	8	3.13	2.85	4.06	-0.84	-1.25	135	
6	43	13	2.39	5.83	2.12	-0.09	-0.51	136	
6	43	18	2.69	5.22	3.23	-1.36	-0.80	137	
6	43	23	0.46	0.18	2.19	0.48	-1.58	138	
6	43	28	2.78	2.89	3.69	-0.76	2.90	139	
6	43	33	4.28	3.97	2.42	0.11	-1.32	140	
6	43	38	4.57	2.75	4.14	-1.52	-1.82	141	
6	43	43	-1.44	0.62	-0.33	0.99	-4.03	142	
