143
diam	c	r	EConv0	EConv1	EConv2	OConv0	OConv1
6	3	3	4.25	13.15	13.63	1.40	15.00	44	
6	3	8	6.04	5.56	3.37	0.05	-6.49	45	
6	3	13	5.08	4.09	4.96	0.10	2.41	46	
6	3	18	2.63	5.60	3.20	0.93	-2.69	47	
6	3	23	1.73	7.62	12.16	3.18	6.30	48	
6	3	28	5.41	13.01	0.76	0.34	6.16	49	
6	3	33	-2.84	36.63	13.53	-21.25	-59.18	50	
6	3	38	-0.57	5.26	36.19	25.49	-58.51	51	
6	3	43	2.74	1.95	3.03	-1.18	-1.23	52	
6	7	3	2.92	1.52	5.13	3.41	0.37	53	
6	7	8	2.47	5.90	2.30	-3.46	1.43	54	
6	7	13	1.87	0.93	1.53	1.08	-7.56	55	
6	7	18	2.83	2.16	3.56	0.74	4.96	56	
6	7	23	11.48	25.08	8.03	-2.60	-4.04	57	
6	7	28	5.45	2.34	-4.66	-49.19	-66.78	58	
6	7	33	-9.14	-48.75	-15.28	-3.27	0.94	59	
6	7	38	-29.92	-13.16	-30.59	57.23	-10.46	60	
6	7	43	10.70	3.16	6.75	2.30	-2.80	61	
6	11	3	2.58	5.69	2.25	1.28	-0.86	62	
6	11	8	1.19	0.91	0.67	-2.07	0.34	63	
6	11	13	2.81	2.60	6.67	0.81	2.80	64	
6	11	18	16.37	28.42	-2.96	-22.55	-14.73	65	
6	11	23	3.16	-12.98	1.94	-43.96	-78.07	66	
6	11	28	-7.16	-51.36	-6.18	43.60	49.01	67	
6	11	33	14.34	39.71	20.84	10.96	60.57	68	
6	11	38	-30.80	11.20	4.23	9.71	30.38	69	
6	11	43	12.14	9.02	5.45	1.17	0.79	70	
6	15	3	3.22	3.39	3.70	-0.71	-0.80	71	
6	15	8	4.76	-0.07	4.98	-0.48	1.06	72	
6	15	13	8.09	27.11	3.26	-8.15	-3.96	73	
6	15	18	-2.97	-15.53	6.42	-59.91	-59.50	74	
6	15	23	-9.83	-25.95	0.84	38.11	61.78	75	
6	15	28	18.94	36.12	6.56	18.26	18.14	76	
6	15	33	17.71	23.19	5.75	-21.13	-16.41	77	
6	15	38	-16.85	-11.65	2.17	26.79	10.77	78	
6	15	43	3.91	4.66	4.22	-4.60	-3.12	79	
6	19	3	8.09	-0.19	4.57	-1.32	3.39	80	
6	19	8	15.86	24.40	4.64	1.11	-8.00	81	
6	19	13	-9.52	-8.58	-0.37	-54.54	-69.87	82	
6	19	18	-6.93	-39.97	9.11	44.61	44.11	83	
6	19	23	13.22	31.35	-0.57	19.30	27.18	84	
6	19	28	3.40	2.69	1.46	2.02	1.24	85	
6	19	33	-11.31	-9.00	5.76	-38.96	-23.39	86	
6	19	38	14.05	14.40	1.53	30.07	16.88	87	
6	19	43	0.94	0.88	3.48	0.17	-0.34	88	
6	23	3	2.97	1.37	-1.49	8.19	-1.76	89	
6	23	8	7.61	10.15	-7.66	-68.61	-50.68	90	
6	23	13	-24.45	-24.53	1.83	23.41	9.11	91	
6	23	18	25.52	36.58	4.23	37.53	30.80	92	
6	23	23	6.33	3.10	4.42	-9.08	-2.95	93	
6	23	28	22.02	23.36	1.11	-32.92	-24.87	94	
6	23	33	-25.20	-33.48	3.30	27.34	1.96	95	
6	23	38	10.35	9.41	0.85	6.34	1.57	96	
6	23	43	1.62	4.25	2.75	-2.41	-0.11	97	
6	27	3	18.61	12.68	5.51	-5.19	-2.35	98	
6	27	8	-27.09	-17.34	-2.02	-50.34	-22.45	99	
6	27	13	-25.01	-13.20	-0.71	54.96	9.59	100	
6	27	18	13.51	4.47	5.99	13.92	3.06	101	
6	27	23	7.27	35.86	10.19	-23.33	-35.11	102	
6	27	28	-16.35	-35.37	5.64	-16.74	-45.62	103	
6	27	33	9.76	22.89	-1.10	41.81	26.61	104	
6	27	38	4.89	3.92	6.96	-2.32	-0.78	105	
6	27	43	2.58	3.51	4.60	1.37	1.99	106	
6	31	3	26.11	7.56	11.55	-9.71	0.04	107	
6	31	8	-36.79	-10.25	-16.43	-29.09	6.16	108	
6	31	13	-14.19	5.36	-0.20	66.81	7.79	109	
6	31	18	21.98	46.89	9.03	-34.22	-58.29	110	
6	31	23	-9.26	-52.18	-6.68	-20.61	-26.77	111	
6	31	28	5.64	10.78	3.61	51.25	54.28	112	
6	31	33	0.32	3.19	1.95	2.09	6.64	113	
6	31	38	5.19	3.73	3.76	4.22	-1.13	114	
6	31	43	5.06	3.53	5.25	1.57	-0.54	115	
6	35	3	7.61	-1.37	8.68	6.51	1.37	116	
6	35	8	-24.02	13.42	-6.76	-71.05	14.73	117	
6	35	13	-5.72	14.15	-18.86	21.96	-46.13	118	
6	35	18	-13.54	-58.21	4.98	-2.77	-4.99	119	
6	35	23	7.74	17.20	5.67	39.10	60.90	120	
6	35	28	4.80	13.38	0.24	5.94	2.39	121	
6	35	33	10.03	11.02	-0.34	-4.91	-6.20	122	
6	35	38	2.25	1.87	21.07	13.55	-17.93	123	
6	35	43	3.49	5.39	0.41	0.22	2.55	124	
6	39	3	2.72	3.75	2.87	8.97	-1.32	125	
6	39	8	-15.19	-37.56	-9.96	-74.45	51.40	126	
6	39	13	0.49	-18.03	1.29	35.99	94.70	127	
6	39	18	16.20	52.39	9.42	20.22	51.74	128	
6	39	23	4.86	6.82	5.33	3.56	-13.57	129	
6	39	28	2.60	3.47	4.86	-0.02	-1.91	130	
6	39	33	22.59	4.40	-1.51	-38.22	-13.31	131	
6	39	38	-4.72	-20.43	-11.83	63.07	-6.86	132	
6	39	43	5.93	-1.38	4.98	1.37	-1.34	133	
6	43	3	-2.11	9.81	1.29	3.48	-10.41	134	
6	43	8	-1.04	10.03	25.00	-9.76	0.44	135	
6	43	13	1.94	24.08	12.73	1.85	-8.94	136	
6	43	18	1.23	9.41	14.25	-2.82	-13.75	137	
6	43	23	3.23	23.77	16.23	-3.38	-12.95	138	
6	43	28	2.77	11.11	12.86	1.07	-10.02	139	
6	43	33	10.09	12.76	23.52	-19.82	6.27	140	
6	43	38	6.13	32.70	3.10	23.97	13.62	141	
6	43	43	1.73	11.34	10.56	7.81	-15.86	142	
