143
diam	c	r	EConv0	EConv1	EConv2	OConv0	OConv1
6	3	3	23.18	-8.06	-5.94	-81.64	-11.62	44	
6	3	8	-8.14	-44.72	-11.36	29.62	57.49	45	
6	3	13	19.91	47.40	-0.05	43.52	43.56	46	
6	3	18	21.18	21.91	11.86	-66.23	-49.51	47	
6	3	23	-5.97	-30.15	0.64	53.85	74.09	48	
6	3	28	12.02	17.84	1.83	10.95	-1.21	49	
6	3	33	8.13	13.24	11.27	-1.05	-0.21	50	
6	3	38	-8.40	28.61	27.78	0.56	-41.48	51	
6	3	43	1.67	0.51	3.70	1.77	-1.90	52	
6	7	3	1.88	-0.43	29.70	-14.77	25.36	53	
6	7	8	6.17	36.35	11.18	8.65	22.96	54	
6	7	13	29.96	40.93	-6.28	-35.73	-31.21	55	
6	7	18	-31.00	-64.89	5.97	23.08	14.05	56	
6	7	23	25.58	35.01	6.97	11.65	2.93	57	
6	7	28	7.38	9.81	5.54	3.57	5.76	58	
6	7	33	-10.42	-6.10	-12.00	-56.70	-85.19	59	
6	7	38	-37.74	-39.61	-20.79	35.04	-27.38	60	
6	7	43	15.22	6.42	6.69	5.05	-0.13	61	
6	11	3	-0.02	-1.75	-1.70	-4.10	1.17	62	
6	11	8	14.25	16.15	3.61	-0.63	2.66	63	
6	11	13	-29.47	-61.74	11.24	-39.58	-46.75	64	
6	11	18	21.27	45.83	-4.06	49.98	38.14	65	
6	11	23	-4.69	-2.90	2.80	-2.13	5.71	66	
6	11	28	17.28	27.46	-8.02	-69.91	-60.92	67	
6	11	33	-11.23	-49.09	6.78	42.41	63.93	68	
6	11	38	-55.62	5.44	-20.17	10.84	37.54	69	
6	11	43	8.38	6.23	3.08	0.53	1.23	70	
6	15	3	17.35	24.55	7.10	-0.71	-0.65	71	
6	15	8	10.61	-0.78	10.48	-57.44	-80.93	72	
6	15	13	-6.33	-1.96	-6.76	78.37	66.31	73	
6	15	18	-3.60	-2.00	1.24	-5.11	-3.10	74	
6	15	23	18.54	40.26	-1.34	-46.70	-57.17	75	
6	15	28	-19.05	-65.42	11.91	26.09	36.23	76	
6	15	33	34.00	71.94	-2.95	5.21	13.72	77	
6	15	38	-46.85	-42.87	9.18	48.40	5.88	78	
6	15	43	1.61	3.74	2.65	-1.25	1.54	79	
6	19	3	25.35	21.31	-6.65	-78.37	-42.84	80	
6	19	8	-15.52	-39.60	3.91	63.00	56.93	81	
6	19	13	18.53	23.87	4.87	5.61	5.93	82	
6	19	18	19.03	27.30	5.25	-10.57	-3.31	83	
6	19	23	-41.23	-66.57	4.04	1.87	18.97	84	
6	19	28	13.96	35.55	1.90	28.64	16.17	85	
6	19	33	-0.95	-9.55	6.78	-76.47	-50.63	86	
6	19	38	33.24	34.43	-5.87	61.57	42.93	87	
6	19	43	1.80	3.15	0.71	0.08	-0.15	88	
6	23	3	-47.65	-53.13	5.06	-30.23	10.80	89	
6	23	8	23.16	47.71	5.90	17.95	26.82	90	
6	23	13	2.51	3.59	-1.45	-1.82	-3.56	91	
6	23	18	-11.71	-23.63	6.92	-55.12	-53.65	92	
6	23	23	27.59	32.67	6.92	42.47	32.45	93	
6	23	28	21.14	39.66	-1.54	-42.18	-37.36	94	
6	23	33	-17.52	-45.82	-0.92	52.93	54.75	95	
6	23	38	11.72	9.67	2.24	-5.12	-6.07	96	
6	23	43	4.07	1.01	1.03	0.86	-1.67	97	
6	27	3	-11.19	8.59	1.53	23.21	42.26	98	
6	27	8	4.73	-1.85	5.33	1.82	-1.88	99	
6	27	13	29.28	52.17	1.41	-51.80	-36.25	100	
6	27	18	-34.09	-37.97	15.69	76.17	15.70	101	
6	27	23	12.24	39.04	-0.71	-12.48	-13.36	102	
6	27	28	-42.10	-71.43	10.60	-7.79	-4.09	103	
6	27	33	23.21	32.66	0.31	15.83	8.42	104	
6	27	38	3.82	2.51	4.54	-0.63	1.36	105	
6	27	43	3.68	3.63	5.60	-0.22	0.48	106	
6	31	3	1.74	3.84	0.97	-1.75	1.07	107	
6	31	8	19.65	25.04	2.30	-0.67	-6.61	108	
6	31	13	-21.47	-42.04	5.06	-53.05	-47.36	109	
6	31	18	6.73	38.01	1.79	93.19	-14.83	110	
6	31	23	-23.52	-58.61	4.57	-40.81	-41.45	111	
6	31	28	16.09	39.85	-6.02	46.27	53.53	112	
6	31	33	1.83	1.29	1.63	-1.91	-0.39	113	
6	31	38	0.74	1.95	1.97	0.54	-0.69	114	
6	31	43	3.21	3.34	1.35	-1.79	0.16	115	
6	35	3	0.57	0.27	6.43	3.11	1.12	116	
6	35	8	33.86	33.95	-6.33	-81.41	-33.65	117	
6	35	13	-3.17	1.03	2.01	0.83	2.13	118	
6	35	18	-4.35	-28.93	-16.75	21.22	-8.79	119	
6	35	23	10.17	20.46	-2.13	56.06	60.88	120	
6	35	28	4.67	1.15	7.98	-7.69	-4.67	121	
6	35	33	6.24	4.04	3.38	0.38	-0.43	122	
6	35	38	2.27	3.18	2.99	1.89	0.23	123	
6	35	43	3.39	4.90	3.89	-1.46	-0.61	124	
6	39	3	4.25	5.23	1.44	1.43	-0.42	125	
6	39	8	-12.79	-29.25	2.94	-85.94	-31.93	126	
6	39	13	6.46	-14.61	-2.61	1.88	4.92	127	
6	39	18	12.08	17.72	4.42	83.31	63.44	128	
6	39	23	0.86	6.34	-1.63	-8.01	-5.76	129	
6	39	28	2.22	5.93	1.94	2.11	0.63	130	
6	39	33	6.18	4.66	4.61	1.44	-0.37	131	
6	39	38	1.60	3.45	1.63	-0.09	-1.35	132	
6	39	43	0.63	0.51	4.17	2.41	-1.09	133	
6	43	3	9.72	7.61	4.70	-5.67	-5.42	134	
6	43	8	-7.05	4.59	23.90	-1.00	70.80	135	
6	43	13	1.81	33.89	26.24	11.63	82.95	136	
6	43	18	12.19	20.92	4.30	3.32	4.12	137	
6	43	23	0.88	1.28	2.50	2.03	-1.71	138	
6	43	28	4.10	4.10	4.71	-0.40	0.29	139	
6	43	33	3.08	2.86	3.55	0.33	-2.13	140	
6	43	38	2.03	1.98	3.44	-0.10	-0.19	141	
6	43	43	3.06	5.84	4.93	3.38	-1.40	142	
