143
diam	c	r	EConv0	EConv1	EConv2	OConv0	OConv1
6	3	3	3.44	4.30	2.39	2.86	-1.11	44	
6	3	8	3.94	3.67	4.53	0.27	-0.81	45	
6	3	13	2.95	4.25	3.63	-1.35	-1.23	46	
6	3	18	-0.05	2.94	2.34	-1.85	2.55	47	
6	3	23	5.15	5.37	4.93	-5.50	1.40	48	
6	3	28	4.19	7.93	3.89	1.70	-6.74	49	
6	3	33	-2.67	19.01	25.37	6.01	-30.26	50	
6	3	38	4.73	6.82	10.57	-4.83	-2.70	51	
6	3	43	5.32	2.86	4.03	2.39	-6.46	52	
6	7	3	3.96	4.23	2.46	-1.32	0.58	53	
6	7	8	4.40	3.57	3.05	0.97	-0.56	54	
6	7	13	2.94	3.69	3.27	-2.96	-2.65	55	
6	7	18	0.74	2.39	2.02	2.05	-2.50	56	
6	7	23	11.72	34.11	6.78	-20.41	-32.90	57	
6	7	28	2.00	14.65	1.16	-37.71	-103.39	58	
6	7	33	-15.13	-20.39	-26.58	7.18	-87.69	59	
6	7	38	-1.65	-19.40	26.70	59.40	-78.14	60	
6	7	43	3.21	4.06	2.94	-0.37	0.11	61	
6	11	3	3.35	1.92	3.60	-1.91	-0.80	62	
6	11	8	4.94	6.19	5.52	-1.43	-4.50	63	
6	11	13	0.29	0.29	4.66	-0.97	-0.77	64	
6	11	18	14.55	39.26	4.81	-24.11	-30.63	65	
6	11	23	-6.98	-24.50	0.32	-55.26	-82.95	66	
6	11	28	-2.83	-27.49	-5.71	-3.17	1.46	67	
6	11	33	1.93	-8.88	-20.30	-4.64	20.40	68	
6	11	38	-26.36	6.53	-40.33	51.76	-35.84	69	
6	11	43	29.49	-3.99	31.89	29.75	-10.88	70	
6	15	3	3.95	3.62	3.15	-1.55	0.41	71	
6	15	8	3.74	3.67	6.58	-0.37	2.65	72	
6	15	13	7.73	45.60	-5.94	-29.84	-48.41	73	
6	15	18	-9.49	-38.11	1.35	-55.17	-75.34	74	
6	15	23	-6.03	-47.47	-1.02	34.25	60.57	75	
6	15	28	8.63	18.06	18.05	41.17	102.90	76	
6	15	33	16.76	19.88	30.29	-20.50	103.53	77	
6	15	38	-26.30	12.37	-47.93	-45.19	41.18	78	
6	15	43	60.40	2.89	30.24	105.37	-8.47	79	
6	19	3	6.03	4.45	4.44	-3.07	0.54	80	
6	19	8	21.63	38.63	-6.71	-37.78	-33.97	81	
6	19	13	-21.27	-52.92	-0.88	-49.30	-60.77	82	
6	19	18	-6.83	-37.69	3.10	56.89	78.62	83	
6	19	23	13.75	46.64	13.31	44.04	51.26	84	
6	19	28	-3.43	6.38	-2.81	2.53	5.19	85	
6	19	33	1.39	2.64	1.14	7.10	-1.11	86	
6	19	38	5.45	-0.26	5.79	-126.58	50.19	87	
6	19	43	42.73	9.77	15.78	139.52	-17.33	88	
6	23	3	14.32	20.66	1.86	-13.47	-9.60	89	
6	23	8	-11.96	-23.03	5.27	-83.97	-74.12	90	
6	23	13	-8.53	-29.98	5.97	68.11	84.77	91	
6	23	18	12.47	36.11	5.14	31.76	36.18	92	
6	23	23	0.94	4.59	2.41	-1.75	-1.14	93	
6	23	28	5.57	7.13	5.53	0.06	-3.15	94	
6	23	33	4.44	-0.13	1.99	0.89	1.88	95	
6	23	38	60.35	41.76	31.33	-106.12	-10.88	96	
6	23	43	4.29	14.54	3.37	133.84	-32.57	97	
6	27	3	23.01	32.21	-17.39	-101.39	-45.08	98	
6	27	8	-38.89	-39.93	4.45	18.92	-0.81	99	
6	27	13	35.42	42.28	-0.75	30.28	35.27	100	
6	27	18	6.03	3.86	1.20	3.28	-2.97	101	
6	27	23	3.96	6.45	2.39	-1.71	-0.16	102	
6	27	28	9.14	5.88	7.70	2.50	6.01	103	
6	27	33	15.86	50.42	8.65	-34.34	-67.29	104	
6	27	38	-2.76	-39.79	17.71	-65.98	-77.12	105	
6	27	43	-32.58	-24.91	-36.61	107.43	22.14	106	
6	31	3	-25.19	-14.46	-3.66	-133.21	-33.86	107	
6	31	8	-45.30	2.21	-17.49	52.51	-7.72	108	
6	31	13	28.97	10.51	37.59	10.12	-8.04	109	
6	31	18	3.06	14.23	12.06	-3.34	-1.91	110	
6	31	23	9.90	24.92	9.30	-10.55	-7.22	111	
6	31	28	10.24	30.45	3.47	-51.41	-102.79	112	
6	31	33	-8.81	-48.83	-0.57	-29.24	-52.22	113	
6	31	38	-13.40	-41.86	-0.86	55.04	74.49	114	
6	31	43	13.09	48.68	-0.52	37.58	52.76	115	
6	35	3	-32.09	-24.43	-16.66	-118.59	42.34	116	
6	35	8	-6.31	1.80	-18.18	7.42	2.00	117	
6	35	13	18.00	2.35	-20.13	32.97	-118.16	118	
6	35	18	-0.61	-0.66	-4.05	7.89	-118.91	119	
6	35	23	5.53	-28.20	-1.87	-37.19	-112.81	120	
6	35	28	-16.12	-67.06	0.80	10.78	11.40	121	
6	35	33	0.88	1.34	-1.69	39.95	117.07	122	
6	35	38	6.81	41.41	4.26	32.29	38.79	123	
6	35	43	1.33	3.04	4.11	-3.24	-1.02	124	
6	39	3	10.29	-2.36	49.73	-27.85	46.20	125	
6	39	8	-3.27	3.86	11.82	-19.68	122.90	126	
6	39	13	-22.31	20.71	-44.10	-55.88	38.84	127	
6	39	18	-1.70	-3.33	0.82	4.17	1.69	128	
6	39	23	-10.96	-45.82	-3.24	38.78	58.72	129	
6	39	28	5.06	38.26	-7.76	60.96	85.31	130	
6	39	33	3.50	9.93	4.52	4.59	3.41	131	
6	39	38	1.72	4.41	3.82	0.22	1.14	132	
6	39	43	2.68	3.52	4.38	0.05	-1.29	133	
6	43	3	1.85	0.38	1.33	-1.97	3.17	134	
6	43	8	0.66	3.98	1.22	0.52	-0.38	135	
6	43	13	-14.31	-34.12	21.87	-85.42	78.27	136	
6	43	18	-7.64	-3.16	-7.15	28.72	111.15	137	
6	43	23	12.22	50.16	5.94	35.93	55.51	138	
6	43	28	4.26	-0.88	3.56	-2.28	-1.11	139	
6	43	33	5.31	4.92	-0.67	1.04	0.51	140	
6	43	38	5.71	2.31	6.33	1.13	-1.11	141	
6	43	43	3.70	2.27	3.25	1.25	1.03	142	
