143
diam	c	r	EConv0	EConv1	EConv2	OConv0	OConv1
6	3	3	7.42	-12.40	20.59	-50.54	-38.41	44	
6	3	8	4.79	-13.17	-1.46	28.45	55.48	45	
6	3	13	-2.10	27.67	-11.49	-0.02	-14.30	46	
6	3	18	19.00	16.99	21.50	-2.52	-53.15	47	
6	3	23	-5.30	-15.87	7.60	-17.85	-20.74	48	
6	3	28	-3.21	2.81	-4.35	28.19	23.64	49	
6	3	33	21.01	37.34	16.03	-3.27	-35.87	50	
6	3	38	-5.93	11.32	3.26	-24.06	-68.24	51	
6	3	43	4.67	-17.47	15.50	50.73	-27.97	52	
6	7	3	-13.12	-34.05	13.51	38.53	4.67	53	
6	7	8	21.45	33.65	4.71	-2.06	-3.23	54	
6	7	13	-9.49	-9.88	-9.33	-33.77	-3.13	55	
6	7	18	-5.83	-31.58	-11.44	12.99	-4.25	56	
6	7	23	3.22	4.65	0.09	29.53	43.04	57	
6	7	28	13.88	31.75	1.09	-35.53	-26.14	58	
6	7	33	-2.71	-28.74	-13.41	-19.55	-45.94	59	
6	7	38	-12.24	-25.93	-21.13	-14.17	-3.07	60	
6	7	43	25.75	14.07	7.65	77.93	13.28	61	
6	11	3	6.37	23.49	1.53	56.26	11.94	62	
6	11	8	0.40	-7.27	13.84	-21.15	-9.84	63	
6	11	13	9.84	1.01	17.79	9.11	55.41	64	
6	11	18	-2.35	19.04	-1.67	10.75	56.09	65	
6	11	23	-1.38	14.88	-5.08	-11.92	-28.76	66	
6	11	28	-3.48	-29.23	13.70	-27.69	5.45	67	
6	11	33	10.16	7.76	11.14	21.65	85.53	68	
6	11	38	-2.82	19.38	4.85	-37.74	54.41	69	
6	11	43	18.73	11.22	1.30	61.40	6.93	70	
6	15	3	3.64	-2.86	-1.04	27.83	-32.43	71	
6	15	8	0.17	-5.97	3.12	34.21	14.47	72	
6	15	13	5.62	10.60	3.00	5.15	-0.92	73	
6	15	18	12.18	13.87	4.03	-32.45	-37.35	74	
6	15	23	-1.72	-22.21	4.62	-3.44	-2.43	75	
6	15	28	14.20	12.81	7.96	32.36	33.80	76	
6	15	33	16.99	27.03	-2.78	-3.80	-9.04	77	
6	15	38	-18.59	-17.87	10.89	-33.59	-30.38	78	
6	15	43	15.91	11.87	-2.79	45.72	11.07	79	
6	19	3	-6.62	-2.34	-8.06	34.60	64.01	80	
6	19	8	9.37	18.44	-2.41	10.08	15.19	81	
6	19	13	13.51	16.57	-1.01	-18.92	-20.42	82	
6	19	18	-6.93	-24.13	9.47	1.54	-3.18	83	
6	19	23	3.85	11.85	5.35	18.81	39.37	84	
6	19	28	8.17	26.46	0.76	-0.32	-9.37	85	
6	19	33	7.98	1.83	8.67	-42.64	-46.81	86	
6	19	38	-12.72	-16.94	-0.89	27.31	24.34	87	
6	19	43	12.06	8.94	1.06	20.14	1.35	88	
6	23	3	4.53	17.40	5.90	6.40	5.22	89	
6	23	8	7.05	6.90	7.48	-5.15	-4.92	90	
6	23	13	-4.29	-5.56	3.56	-26.77	-15.46	91	
6	23	18	1.47	13.87	6.79	33.81	24.82	92	
6	23	23	5.60	23.76	7.88	-14.09	-13.86	93	
6	23	28	-0.87	-7.52	-7.38	-45.39	-40.70	94	
6	23	33	-1.27	-30.37	4.81	25.35	29.17	95	
6	23	38	7.15	22.95	-0.79	12.85	32.66	96	
6	23	43	2.66	3.00	4.04	9.25	-4.07	97	
6	27	3	1.86	0.12	3.32	2.09	3.12	98	
6	27	8	8.29	20.44	-1.10	-25.94	-20.36	99	
6	27	13	-13.74	-10.73	16.64	18.02	0.50	100	
6	27	18	10.65	29.70	2.17	-22.93	-29.20	101	
6	27	23	-7.57	-29.03	-0.75	-7.00	-43.21	102	
6	27	28	-12.04	-25.69	-0.68	23.39	45.27	103	
6	27	33	9.33	25.63	3.91	16.23	21.79	104	
6	27	38	3.17	0.66	1.10	-5.07	3.25	105	
6	27	43	-0.28	5.91	2.82	10.13	1.44	106	
6	31	3	10.61	8.43	8.80	-0.03	1.46	107	
6	31	8	-11.67	2.55	-13.30	-61.82	-42.61	108	
6	31	13	5.43	8.33	-0.15	17.27	-59.30	109	
6	31	18	0.20	-44.79	-4.37	-3.65	-13.81	110	
6	31	23	-2.97	-3.74	-6.66	44.61	47.69	111	
6	31	28	9.59	22.65	7.20	3.80	14.62	112	
6	31	33	3.73	4.78	3.23	-0.35	-2.56	113	
6	31	38	4.51	2.52	4.18	-3.40	-2.12	114	
6	31	43	0.43	3.40	2.56	5.02	0.77	115	
6	35	3	14.34	6.32	1.75	-5.68	-3.95	116	
6	35	8	-23.10	-32.77	-7.01	-55.89	16.95	117	
6	35	13	-6.19	-19.67	-7.75	36.76	75.34	118	
6	35	18	8.44	28.22	6.46	33.69	53.26	119	
6	35	23	1.62	12.81	1.58	1.78	7.32	120	
6	35	28	3.32	3.56	3.15	0.25	-1.16	121	
6	35	33	3.08	3.15	3.96	-1.55	-0.42	122	
6	35	38	4.58	3.61	3.40	-2.06	0.23	123	
6	35	43	1.69	3.00	2.97	3.18	0.66	124	
6	39	3	9.57	8.16	7.05	-0.17	-3.26	125	
6	39	8	-5.02	4.82	20.84	-8.31	53.56	126	
6	39	13	7.12	23.89	10.20	16.90	20.32	127	
6	39	18	2.29	6.25	-0.43	-0.50	-0.98	128	
6	39	23	2.09	1.90	4.95	0.08	-3.92	129	
6	39	28	1.19	3.61	2.89	-1.50	-0.14	130	
6	39	33	3.09	3.01	4.43	1.83	0.95	131	
6	39	38	4.82	4.34	3.98	-2.95	2.51	132	
6	39	43	1.33	2.90	2.61	3.47	0.19	133	
6	43	3	1.83	1.31	3.71	-1.21	-13.83	134	
6	43	8	4.61	2.72	2.63	5.36	-17.34	135	
6	43	13	3.15	6.61	5.82	4.02	-9.94	136	
6	43	18	4.46	7.05	6.07	-4.56	-9.35	137	
6	43	23	2.35	5.51	5.40	1.97	-10.12	138	
6	43	28	3.57	5.80	5.93	-1.73	-9.77	139	
6	43	33	2.78	5.20	5.68	4.16	-10.93	140	
6	43	38	5.45	6.72	7.54	-1.68	-8.26	141	
6	43	43	1.31	6.80	5.07	-0.49	-8.89	142	
