143
diam	c	r	EConv0	EConv1	EConv2	OConv0	OConv1
6	3	3	15.61	14.18	0.50	-70.09	-30.48	44	
6	3	8	7.06	-0.42	0.71	65.90	49.04	45	
6	3	13	4.94	8.72	-2.21	5.54	-5.39	46	
6	3	18	26.46	20.62	19.52	-56.09	-24.77	47	
6	3	23	-18.41	-27.34	4.55	33.08	32.67	48	
6	3	28	15.61	35.71	1.05	29.24	26.85	49	
6	3	33	-0.56	1.04	1.09	-0.53	-1.12	50	
6	3	38	2.41	1.79	1.00	0.04	1.66	51	
6	3	43	5.20	2.05	1.51	-2.18	-1.95	52	
6	7	3	-50.01	-35.59	10.31	-27.42	-9.92	53	
6	7	8	18.70	28.67	-3.58	10.20	14.57	54	
6	7	13	9.67	28.13	-1.56	-25.74	-34.63	55	
6	7	18	-24.16	-54.89	1.22	-19.00	-27.65	56	
6	7	23	11.44	27.35	0.46	46.44	40.23	57	
6	7	28	7.34	5.91	7.27	-3.93	-1.31	58	
6	7	33	3.46	32.12	1.43	-14.62	-33.54	59	
6	7	38	-9.23	18.58	29.07	6.21	-89.99	60	
6	7	43	8.25	-2.10	17.42	7.29	-14.78	61	
6	11	3	-42.30	-4.12	-22.59	-5.13	-20.68	62	
6	11	8	11.47	0.85	6.80	-4.72	-105.22	63	
6	11	13	-10.03	-49.52	2.36	-9.16	-41.28	64	
6	11	18	8.33	11.75	3.69	54.09	60.27	65	
6	11	23	7.16	23.68	5.66	-1.11	1.27	66	
6	11	28	7.39	32.45	9.03	-36.36	-57.16	67	
6	11	33	-6.94	-31.39	-0.70	-28.61	-59.68	68	
6	11	38	-1.04	-2.36	-2.70	5.77	3.28	69	
6	11	43	15.43	-10.30	16.10	76.72	-30.19	70	
6	15	3	-21.71	-3.68	-26.64	-41.42	39.50	71	
6	15	8	-9.43	-23.67	7.58	11.52	36.73	72	
6	15	13	3.95	15.63	1.54	43.15	83.67	73	
6	15	18	12.06	36.85	-5.44	-15.86	-26.48	74	
6	15	23	9.44	4.09	5.96	-46.23	-79.36	75	
6	15	28	-7.34	-57.35	-10.03	8.82	7.25	76	
6	15	33	12.98	-3.35	16.51	18.38	94.94	77	
6	15	38	-5.01	28.16	-37.38	-43.45	42.68	78	
6	15	43	2.42	-5.31	-4.87	100.24	11.38	79	
6	19	3	6.67	7.24	43.01	-14.16	41.63	80	
6	19	8	-0.15	35.46	9.87	18.42	67.61	81	
6	19	13	14.97	39.31	-1.94	-28.59	-25.84	82	
6	19	18	-11.86	-40.93	-2.43	-34.44	-51.10	83	
6	19	23	-2.44	-34.01	1.29	33.91	74.43	84	
6	19	28	11.44	45.44	11.53	28.23	57.40	85	
6	19	33	5.02	16.33	7.71	0.58	-5.68	86	
6	19	38	-15.54	-12.78	16.29	-84.83	-9.41	87	
6	19	43	30.14	30.27	-5.45	61.45	25.32	88	
6	23	3	4.75	6.45	-1.14	-1.59	-1.66	89	
6	23	8	17.15	23.98	-7.95	-29.64	-34.53	90	
6	23	13	-8.80	-52.47	5.40	-28.44	-49.36	91	
6	23	18	3.24	1.72	0.40	49.10	73.93	92	
6	23	23	9.53	29.74	0.81	10.53	14.25	93	
6	23	28	3.32	8.34	5.87	-9.20	-5.51	94	
6	23	33	4.80	26.03	-4.62	-41.64	-51.06	95	
6	23	38	-22.63	-51.11	11.78	39.99	15.09	96	
6	23	43	12.52	11.08	2.95	11.17	8.46	97	
6	27	3	10.40	3.67	1.52	-8.02	-2.66	98	
6	27	8	-12.45	-22.20	6.47	-52.99	-40.69	99	
6	27	13	5.31	20.85	6.52	50.13	70.24	100	
6	27	18	7.55	18.84	7.15	-2.36	3.62	101	
6	27	23	8.34	24.88	7.77	-13.17	-25.40	102	
6	27	28	0.77	-3.92	-0.84	-39.21	-81.70	103	
6	27	33	-8.81	-56.26	1.10	19.02	25.10	104	
6	27	38	15.47	36.91	-7.82	36.65	35.82	105	
6	27	43	2.32	2.62	1.38	-1.22	0.53	106	
6	31	3	34.35	24.75	-1.61	-34.38	-11.00	107	
6	31	8	-19.48	-3.42	31.37	62.58	16.99	108	
6	31	13	10.31	23.12	23.49	4.45	-4.82	109	
6	31	18	11.77	34.99	4.95	-24.85	-29.98	110	
6	31	23	-8.61	-31.38	-4.52	-39.40	-58.66	111	
6	31	28	-4.15	-31.40	0.70	38.27	50.33	112	
6	31	33	11.42	45.84	1.87	19.29	36.58	113	
6	31	38	-5.18	17.15	40.32	6.59	-53.19	114	
6	31	43	4.85	4.83	5.18	1.43	-2.02	115	
6	35	3	43.38	12.40	14.54	-53.92	-3.06	116	
6	35	8	5.55	-3.24	-28.56	13.52	-20.33	117	
6	35	13	6.21	-32.77	-39.45	3.73	-74.11	118	
6	35	18	2.12	-59.78	-19.41	-3.07	-31.15	119	
6	35	23	-5.86	-19.01	-5.04	44.07	75.10	120	
6	35	28	12.58	34.37	4.73	14.69	33.77	121	
6	35	33	29.12	17.40	-2.27	-64.83	-23.82	122	
6	35	38	-31.13	-24.37	-27.06	43.66	-16.94	123	
6	35	43	17.26	6.34	6.38	1.85	3.16	124	
6	39	3	31.10	20.17	17.10	-63.37	-26.29	125	
6	39	8	3.97	1.01	7.27	6.68	3.60	126	
6	39	13	-3.90	-11.54	1.52	20.32	27.47	127	
6	39	18	6.16	33.51	21.21	50.93	37.82	128	
6	39	23	8.82	46.68	29.11	4.08	-21.49	129	
6	39	28	-0.06	8.96	12.95	-4.03	-36.18	130	
6	39	33	8.85	-15.52	23.01	-54.81	8.38	131	
6	39	38	-11.21	11.61	-14.83	25.57	42.79	132	
6	39	43	9.14	18.71	20.71	6.76	-35.43	133	
6	43	3	13.04	-30.69	3.35	-19.96	54.87	134	
6	43	8	-7.09	-11.00	-16.76	14.09	92.80	135	
6	43	13	0.42	9.82	-8.10	6.44	61.79	136	
6	43	18	11.58	3.75	0.85	-0.67	31.63	137	
6	43	23	2.27	-13.90	-10.75	-1.34	49.78	138	
6	43	28	8.89	2.21	0.35	4.77	35.47	139	
6	43	33	3.58	-1.24	-3.75	-2.56	32.40	140	
6	43	38	2.32	-6.41	2.75	-3.20	39.26	141	
6	43	43	-2.00	-4.25	-10.74	-4.08	43.46	142	
