143
diam	c	r	EConv0	EConv1	EConv2	OConv0	OConv1
6	3	3	-1.39	2.46	10.03	-3.29	26.64	44	
6	3	8	15.80	8.89	10.95	-5.28	12.24	45	
6	3	13	-20.48	-7.18	-4.27	-29.76	36.88	46	
6	3	18	19.88	5.01	-0.83	-19.37	35.59	47	
6	3	23	0.47	-1.35	2.57	6.43	-3.11	48	
6	3	28	-3.14	-4.72	1.45	27.32	-0.45	49	
6	3	33	9.04	17.65	8.39	24.26	25.41	50	
6	3	38	1.42	6.18	-0.97	4.63	6.55	51	
6	3	43	2.85	3.24	6.17	-1.99	5.27	52	
6	7	3	7.85	6.51	3.51	-2.33	-5.47	53	
6	7	8	3.41	-0.07	4.80	7.35	-7.18	54	
6	7	13	-10.29	-3.79	8.35	-16.57	24.26	55	
6	7	18	25.25	6.48	20.82	-21.30	29.63	56	
6	7	23	-18.43	-4.66	-16.55	-12.04	26.85	57	
6	7	28	-2.01	2.63	-4.11	24.13	25.81	58	
6	7	33	2.01	4.24	2.14	14.74	-3.76	59	
6	7	38	3.35	16.30	5.31	-15.30	-15.93	60	
6	7	43	2.77	5.26	13.66	9.76	-24.81	61	
6	11	3	5.45	1.80	5.05	0.40	3.35	62	
6	11	8	3.74	6.50	1.26	4.34	2.34	63	
6	11	13	3.13	3.66	3.84	-5.15	2.94	64	
6	11	18	7.95	4.76	7.16	3.37	-4.47	65	
6	11	23	-11.46	4.38	10.47	-17.07	37.54	66	
6	11	28	5.10	18.74	1.70	-3.40	3.59	67	
6	11	33	-1.50	11.57	-2.30	-4.35	-38.14	68	
6	11	38	3.83	-7.39	3.53	-17.66	-37.98	69	
6	11	43	-10.41	-10.23	-0.41	31.53	-34.30	70	
6	15	3	3.38	2.81	2.48	0.46	-0.23	71	
6	15	8	1.64	0.30	2.90	3.02	-0.57	72	
6	15	13	1.69	3.79	1.61	-2.79	0.65	73	
6	15	18	6.80	14.12	-1.05	-10.56	-6.79	74	
6	15	23	9.46	15.53	11.52	-9.10	-24.08	75	
6	15	28	7.39	1.34	6.25	-16.76	-18.53	76	
6	15	33	4.32	-12.54	-6.27	-10.20	5.74	77	
6	15	38	10.41	1.46	6.66	3.04	-2.81	78	
6	15	43	-20.05	-12.00	-11.36	39.89	8.71	79	
6	19	3	4.49	5.13	3.07	1.58	-1.66	80	
6	19	8	2.23	5.62	1.64	2.51	-3.31	81	
6	19	13	4.05	9.69	4.43	-10.03	-13.86	82	
6	19	18	3.53	2.06	5.20	-22.26	-31.02	83	
6	19	23	1.40	-9.78	0.03	-2.53	-4.65	84	
6	19	28	2.45	-9.67	4.17	4.48	25.02	85	
6	19	33	16.86	15.14	3.61	-14.05	31.42	86	
6	19	38	-5.85	4.53	-4.97	-1.23	10.37	87	
6	19	43	-6.57	4.07	-3.62	34.99	17.62	88	
6	23	3	5.84	3.45	3.46	-2.30	0.21	89	
6	23	8	12.01	9.29	1.73	-9.84	-2.11	90	
6	23	13	2.58	2.30	1.47	-18.76	-27.30	91	
6	23	18	-2.75	-17.83	3.13	3.92	8.55	92	
6	23	23	5.22	2.10	1.00	11.49	30.91	93	
6	23	28	8.11	18.07	5.81	9.35	14.09	94	
6	23	33	12.22	14.99	10.64	-36.20	-20.54	95	
6	23	38	-10.02	-9.23	7.19	4.44	0.54	96	
6	23	43	10.52	10.55	3.12	16.03	21.33	97	
6	27	3	5.30	2.78	5.85	2.24	0.36	98	
6	27	8	14.54	12.96	4.23	-27.18	-10.22	99	
6	27	13	-12.04	-8.71	0.34	-8.80	-10.49	100	
6	27	18	9.45	9.85	12.85	35.98	18.35	101	
6	27	23	5.53	18.98	6.66	-9.40	-5.90	102	
6	27	28	7.93	9.68	4.52	-16.94	-32.16	103	
6	27	33	0.40	-15.77	3.63	-16.54	-13.98	104	
6	27	38	-4.67	-5.34	-1.31	34.19	23.33	105	
6	27	43	3.99	6.34	5.63	9.61	2.06	106	
6	31	3	5.56	3.94	4.28	5.83	-2.88	107	
6	31	8	7.23	6.78	0.28	-42.62	-17.19	108	
6	31	13	-7.53	-2.39	1.96	7.43	-4.98	109	
6	31	18	14.20	15.26	1.12	17.23	-25.27	110	
6	31	23	0.21	-7.37	4.02	-9.31	-30.95	111	
6	31	28	-4.44	-11.07	0.24	-4.35	-11.37	112	
6	31	33	3.60	-0.39	5.45	11.83	22.61	113	
6	31	38	5.23	13.26	1.64	20.48	17.71	114	
6	31	43	-2.30	4.70	-2.63	1.23	-0.11	115	
6	35	3	3.90	4.89	1.43	-0.29	-4.26	116	
6	35	8	-1.35	-1.34	-4.21	-53.92	-12.54	117	
6	35	13	6.71	2.14	1.91	6.15	-1.58	118	
6	35	18	3.35	-11.45	-9.28	4.44	-9.48	119	
6	35	23	2.41	-8.39	2.27	13.43	16.43	120	
6	35	28	-2.89	-0.71	-3.83	4.94	33.02	121	
6	35	33	7.87	11.04	6.76	15.44	21.44	122	
6	35	38	-4.32	5.89	-4.11	-4.07	-0.10	123	
6	35	43	-3.30	-0.76	4.97	-2.05	1.09	124	
6	39	3	2.62	0.44	3.63	1.09	5.17	125	
6	39	8	-1.94	-9.27	1.04	-48.15	24.61	126	
6	39	13	6.41	-3.43	0.07	15.91	35.44	127	
6	39	18	4.42	4.11	3.10	8.38	41.27	128	
6	39	23	2.31	11.99	0.91	16.95	26.88	129	
6	39	28	4.37	10.53	9.67	-1.66	15.13	130	
6	39	33	7.76	10.07	0.57	-5.95	-4.19	131	
6	39	38	1.54	9.36	5.16	-15.66	-28.46	132	
6	39	43	7.89	-1.97	15.88	22.92	-16.07	133	
6	43	3	1.54	4.89	4.53	7.26	-2.11	134	
6	43	8	1.34	1.19	16.33	-17.56	20.74	135	
6	43	13	1.02	11.62	3.24	7.56	20.15	136	
6	43	18	3.20	9.14	5.57	1.84	4.13	137	
6	43	23	5.55	4.94	4.84	0.43	3.42	138	
6	43	28	8.08	3.82	4.84	0.42	2.99	139	
6	43	33	10.47	3.30	7.15	-9.37	9.15	140	
6	43	38	-3.81	-7.94	-6.44	-20.60	1.06	141	
6	43	43	15.54	1.36	1.50	47.03	-1.76	142	
