143
diam	c	r	EConv0	EConv1	EConv2	OConv0	OConv1
6	3	3	4.28	4.37	3.41	-0.41	-0.30	44	
6	3	8	7.28	19.60	1.72	-24.31	-25.63	45	
6	3	13	-5.41	-24.96	5.97	6.46	4.27	46	
6	3	18	5.54	21.22	0.88	13.89	21.21	47	
6	3	23	6.94	3.16	4.63	-1.92	-0.15	48	
6	3	28	2.94	1.77	6.16	3.97	0.35	49	
6	3	33	2.64	3.95	3.56	-2.85	1.80	50	
6	3	38	5.50	4.54	4.11	1.60	0.18	51	
6	3	43	5.52	4.32	4.81	0.44	0.22	52	
6	7	3	3.94	3.46	3.67	-1.43	0.71	53	
6	7	8	-12.57	-18.72	-1.13	-27.72	27.11	54	
6	7	13	11.58	19.37	4.03	12.40	23.16	55	
6	7	18	2.35	4.80	2.67	1.25	0.26	56	
6	7	23	10.92	16.66	3.18	-19.86	-20.43	57	
6	7	28	-22.13	-5.07	-6.04	25.06	-54.11	58	
6	7	33	2.74	3.52	4.95	0.07	1.79	59	
6	7	38	4.36	4.56	3.08	-0.89	0.52	60	
6	7	43	4.73	4.01	4.71	1.46	-2.39	61	
6	11	3	3.92	4.35	4.37	-1.42	1.52	62	
6	11	8	1.25	3.74	6.34	-1.68	5.05	63	
6	11	13	6.43	3.30	3.19	-1.82	1.04	64	
6	11	18	9.48	18.78	1.48	-14.38	-15.81	65	
6	11	23	-5.73	-29.65	10.81	-1.82	-6.79	66	
6	11	28	1.92	10.01	-0.63	-18.08	52.37	67	
6	11	33	14.74	4.56	6.95	8.98	-0.34	68	
6	11	38	6.10	5.08	5.58	-2.35	2.39	69	
6	11	43	3.56	4.47	3.74	1.14	-0.05	70	
6	15	3	4.59	3.81	5.08	0.76	1.56	71	
6	15	8	4.85	4.57	4.70	-0.80	1.65	72	
6	15	13	7.39	11.69	2.29	-6.13	-8.20	73	
6	15	18	-12.01	-19.21	5.56	-17.71	-15.48	74	
6	15	23	8.39	19.55	1.78	29.82	24.23	75	
6	15	28	1.40	7.75	10.25	-10.91	-9.60	76	
6	15	33	8.47	5.92	3.49	7.44	-0.14	77	
6	15	38	4.78	3.38	5.23	1.04	-0.82	78	
6	15	43	3.22	5.07	3.15	-0.85	1.19	79	
6	19	3	4.25	4.05	4.05	2.01	-0.00	80	
6	19	8	5.21	6.12	2.53	-3.50	-2.81	81	
6	19	13	6.84	5.01	3.06	-32.50	-25.12	82	
6	19	18	3.36	7.31	4.08	28.45	24.40	83	
6	19	23	8.96	14.36	-1.27	-3.66	-7.61	84	
6	19	28	-22.81	-19.41	-2.61	11.94	-5.03	85	
6	19	33	3.88	4.49	3.72	2.74	-0.00	86	
6	19	38	4.50	4.95	3.48	0.43	-1.02	87	
6	19	43	4.84	4.13	4.77	-1.77	-0.48	88	
6	23	3	4.48	4.40	4.20	1.27	-0.32	89	
6	23	8	9.28	7.58	2.67	-11.16	-3.68	90	
6	23	13	-12.48	-14.17	4.48	8.27	21.21	91	
6	23	18	7.54	17.16	-1.64	-4.80	-0.25	92	
6	23	23	-1.03	-11.28	13.94	-12.14	-33.80	93	
6	23	28	12.09	14.18	2.11	23.64	19.87	94	
6	23	33	3.70	5.50	3.32	0.50	1.48	95	
6	23	38	3.72	3.79	3.65	-1.58	-1.21	96	
6	23	43	4.48	3.59	4.59	0.24	0.38	97	
6	27	3	4.68	4.93	3.75	-0.52	-3.38	98	
6	27	8	26.98	11.22	5.21	-27.52	1.49	99	
6	27	13	15.24	29.77	1.63	-11.26	-48.36	100	
6	27	18	7.82	-23.04	19.34	-11.17	-43.70	101	
6	27	23	13.02	17.64	2.10	35.30	43.92	102	
6	27	28	-5.09	2.40	13.30	20.73	-30.49	103	
6	27	33	5.92	4.33	2.88	0.92	0.90	104	
6	27	38	3.91	4.84	4.29	-1.55	-0.35	105	
6	27	43	4.50	4.78	5.06	1.19	-0.85	106	
6	31	3	3.82	3.41	3.86	-0.92	-0.10	107	
6	31	8	18.84	-1.37	15.75	-11.97	5.61	108	
6	31	13	-13.07	-34.85	-23.79	-9.63	51.25	109	
6	31	18	4.79	20.05	-5.22	37.35	53.62	110	
6	31	23	2.36	4.72	1.36	1.87	0.14	111	
6	31	28	-28.85	-3.14	-17.79	4.68	29.90	112	
6	31	33	6.02	2.63	4.16	0.89	-0.81	113	
6	31	38	4.12	3.61	3.33	-3.41	0.43	114	
6	31	43	3.75	3.02	3.68	2.11	-3.13	115	
6	35	3	4.33	3.86	4.56	-1.41	0.98	116	
6	35	8	3.51	3.56	1.62	-0.26	-0.15	117	
6	35	13	2.02	6.63	9.48	-0.71	8.38	118	
6	35	18	4.95	5.70	3.72	3.80	5.31	119	
6	35	23	1.84	2.32	3.29	-2.35	5.22	120	
6	35	28	3.29	4.29	4.82	1.53	2.37	121	
6	35	33	5.48	4.66	4.12	0.27	0.38	122	
6	35	38	4.72	3.46	4.35	-2.20	0.52	123	
6	35	43	3.50	4.62	3.79	2.03	0.71	124	
6	39	3	2.93	3.13	3.88	-0.47	1.08	125	
6	39	8	4.23	4.92	4.48	-1.15	4.06	126	
6	39	13	6.12	6.59	4.07	-2.58	1.59	127	
6	39	18	4.79	3.39	4.00	2.94	-3.80	128	
6	39	23	4.48	4.61	5.51	1.83	-1.88	129	
6	39	28	5.08	5.16	4.36	-1.64	0.54	130	
6	39	33	4.52	3.89	3.99	-0.02	-0.57	131	
6	39	38	4.39	4.08	3.58	-1.82	0.02	132	
6	39	43	4.64	4.26	3.63	-0.08	1.56	133	
6	43	3	4.38	4.91	5.28	0.03	0.14	134	
6	43	8	5.67	5.01	5.04	-0.92	0.89	135	
6	43	13	5.88	3.86	4.90	-3.53	1.09	136	
6	43	18	3.65	4.69	3.42	1.30	0.49	137	
6	43	23	3.88	4.78	3.75	1.72	-1.75	138	
6	43	28	3.97	3.99	5.52	0.33	-2.37	139	
6	43	33	3.77	4.10	4.42	-0.59	-0.16	140	
6	43	38	4.61	4.31	5.00	-0.47	0.67	141	
6	43	43	5.36	5.76	4.72	-2.23	-0.85	142	
