143
diam	c	r	EConv0	EConv1	EConv2	OConv0	OConv1
6	3	3	-31.33	-8.44	-4.92	-32.92	-7.62	44	
6	3	8	6.76	3.21	9.54	-25.45	-26.36	45	
6	3	13	10.16	2.52	-13.60	2.36	-22.43	46	
6	3	18	-3.70	-18.26	0.13	22.19	20.54	47	
6	3	23	5.08	14.09	-1.30	6.56	8.57	48	
6	3	28	4.41	0.81	1.32	0.17	-3.78	49	
6	3	33	4.36	12.67	4.96	-6.00	-12.42	50	
6	3	38	-12.75	-0.17	1.39	-0.50	-27.26	51	
6	3	43	4.23	-0.32	14.27	14.76	-16.09	52	
6	7	3	-0.45	1.81	-3.24	-44.56	15.79	53	
6	7	8	-7.37	-20.38	-7.16	11.08	1.12	54	
6	7	13	3.92	3.31	4.56	19.79	35.58	55	
6	7	18	6.66	13.16	7.75	3.44	9.79	56	
6	7	23	3.78	4.27	1.47	-2.16	-2.15	57	
6	7	28	10.45	15.99	-1.06	-15.47	-19.95	58	
6	7	33	-4.52	-16.31	-5.77	-13.69	-32.33	59	
6	7	38	0.33	-6.45	-5.22	-0.05	13.13	60	
6	7	43	-6.84	-3.08	1.83	42.37	-16.24	61	
6	11	3	13.40	-3.26	21.02	-21.59	18.90	62	
6	11	8	4.25	28.08	8.76	19.37	39.82	63	
6	11	13	1.26	1.93	-1.00	0.92	2.92	64	
6	11	18	2.82	11.58	1.41	-6.22	-11.18	65	
6	11	23	3.14	0.27	5.55	-21.15	-29.18	66	
6	11	28	4.11	-22.23	2.95	6.55	-1.16	67	
6	11	33	5.38	17.78	15.05	14.72	45.93	68	
6	11	38	21.01	25.20	19.46	-14.08	24.57	69	
6	11	43	-14.57	-2.55	-7.11	43.07	15.99	70	
6	15	3	2.91	1.73	3.12	-1.73	-0.16	71	
6	15	8	0.20	2.10	2.46	-3.33	0.63	72	
6	15	13	8.21	12.21	-2.51	-11.07	-12.01	73	
6	15	18	-5.40	-23.42	-5.09	-13.99	-26.19	74	
6	15	23	5.00	1.33	4.24	21.32	27.73	75	
6	15	28	-0.18	14.18	2.24	2.73	20.56	76	
6	15	33	2.79	6.47	-0.24	-2.53	-3.13	77	
6	15	38	2.58	-3.79	1.54	-17.56	-13.31	78	
6	15	43	13.62	15.74	1.71	18.09	17.20	79	
6	19	3	1.72	3.82	2.53	1.49	-1.05	80	
6	19	8	4.33	7.04	3.00	-7.00	-4.89	81	
6	19	13	-11.91	-20.78	-0.39	-14.47	-13.31	82	
6	19	18	3.27	15.16	8.91	23.14	36.74	83	
6	19	23	1.40	9.06	4.18	-0.96	4.44	84	
6	19	28	3.41	0.75	4.88	-2.54	-2.28	85	
6	19	33	4.77	6.05	3.71	-8.94	-6.32	86	
6	19	38	0.23	-1.34	7.65	8.87	14.99	87	
6	19	43	0.52	2.99	1.02	2.92	1.14	88	
6	23	3	7.38	4.49	3.88	-4.29	0.95	89	
6	23	8	4.65	15.49	-6.30	-38.53	-25.63	90	
6	23	13	7.31	9.31	3.02	27.18	21.78	91	
6	23	18	2.46	2.85	2.69	-3.25	-5.96	92	
6	23	23	1.44	1.66	0.54	0.91	-0.19	93	
6	23	28	2.78	7.49	1.14	-6.17	-3.11	94	
6	23	33	-5.66	-8.85	4.13	-1.59	1.21	95	
6	23	38	5.56	7.58	2.11	4.86	3.43	96	
6	23	43	2.93	4.14	3.16	0.23	-2.53	97	
6	27	3	5.66	7.92	1.24	-7.00	-6.01	98	
6	27	8	-42.41	-36.11	13.05	-3.22	-10.15	99	
6	27	13	-1.06	5.62	1.87	-3.39	-12.79	100	
6	27	18	1.81	3.28	3.95	2.50	-0.96	101	
6	27	23	4.38	13.53	5.88	-4.94	-7.19	102	
6	27	28	-2.67	-8.57	8.60	-0.94	-5.14	103	
6	27	33	0.41	7.40	-0.38	6.22	7.65	104	
6	27	38	5.15	5.12	4.07	1.59	0.38	105	
6	27	43	2.96	2.65	3.33	-0.78	1.38	106	
6	31	3	21.66	8.07	1.80	-28.01	-1.82	107	
6	31	8	-11.87	0.01	-14.63	27.82	-15.80	108	
6	31	13	14.03	6.06	12.62	15.25	2.43	109	
6	31	18	9.31	21.05	7.28	-26.07	-45.17	110	
6	31	23	3.05	-29.15	-1.19	14.03	-16.96	111	
6	31	28	4.28	8.09	-2.21	11.64	7.30	112	
6	31	33	3.04	2.35	3.25	1.96	1.30	113	
6	31	38	2.51	2.46	2.70	-2.39	0.72	114	
6	31	43	2.96	2.65	2.67	1.66	0.97	115	
6	35	3	33.11	9.10	9.58	-32.53	0.70	116	
6	35	8	0.85	9.70	-10.82	8.42	-3.16	117	
6	35	13	3.86	-21.13	-5.55	-0.01	-47.18	118	
6	35	18	-3.13	-15.30	-1.58	24.11	43.47	119	
6	35	23	6.61	22.69	8.80	7.55	17.90	120	
6	35	28	5.60	5.52	3.38	-3.20	4.92	121	
6	35	33	4.99	2.18	3.16	3.43	0.19	122	
6	35	38	2.10	2.61	2.82	-1.25	0.93	123	
6	35	43	3.12	2.98	2.74	1.02	0.51	124	
6	39	3	10.59	-2.03	17.56	-9.07	5.71	125	
6	39	8	8.49	8.94	22.29	-14.26	73.52	126	
6	39	13	0.78	29.83	1.46	21.67	64.89	127	
6	39	18	6.60	11.68	5.57	4.78	8.55	128	
6	39	23	5.19	6.77	4.49	0.86	2.50	129	
6	39	28	5.09	11.56	0.74	-6.10	-6.62	130	
6	39	33	-3.54	8.41	19.50	2.78	-33.27	131	
6	39	38	3.32	2.81	3.70	-0.97	-1.45	132	
6	39	43	3.70	2.55	3.56	1.58	0.47	133	
6	43	3	1.06	4.59	2.23	-0.42	-0.95	134	
6	43	8	-0.59	-1.39	-2.33	1.41	-15.27	135	
6	43	13	4.34	8.33	8.97	-4.00	-10.33	136	
6	43	18	4.88	5.64	4.87	-0.54	-5.94	137	
6	43	23	3.76	0.53	3.04	-2.56	-3.79	138	
6	43	28	0.49	6.84	-3.10	-40.76	-35.14	139	
6	43	33	-5.22	-1.91	-20.63	8.01	-9.05	140	
6	43	38	15.33	-3.73	18.19	31.30	-18.33	141	
6	43	43	4.42	9.63	5.58	-2.05	-4.77	142	
