143
diam	c	r	EConv0	EConv1	EConv2	OConv0	OConv1
6	3	3	2.85	3.74	2.41	-0.24	1.06	44	
6	3	8	2.72	3.70	1.90	-0.45	-1.49	45	
6	3	13	4.30	3.72	9.47	-1.10	4.94	46	
6	3	18	5.43	17.27	22.72	7.80	18.31	47	
6	3	23	2.58	9.46	-2.58	-3.22	0.14	48	
6	3	28	2.76	-1.95	0.09	-0.42	-2.01	49	
6	3	33	3.15	2.80	0.30	1.44	-5.29	50	
6	3	38	1.43	3.24	4.97	4.25	-2.54	51	
6	3	43	2.60	3.72	4.43	-4.57	-0.68	52	
6	7	3	3.15	3.20	3.35	-1.53	0.27	53	
6	7	8	2.50	2.45	2.50	-0.91	-0.32	54	
6	7	13	3.94	-0.33	3.07	3.60	-0.47	55	
6	7	18	2.73	5.40	-1.78	6.59	-0.48	56	
6	7	23	-0.56	-0.12	0.41	-4.23	-3.79	57	
6	7	28	4.80	5.06	4.56	1.67	-3.81	58	
6	7	33	2.36	2.03	6.53	2.44	1.15	59	
6	7	38	3.04	5.34	-0.34	-3.91	4.30	60	
6	7	43	3.63	1.10	3.23	1.65	-0.94	61	
6	11	3	3.14	3.48	3.51	-0.83	-0.72	62	
6	11	8	2.70	2.56	3.11	-0.97	0.37	63	
6	11	13	2.68	6.18	2.12	0.89	-3.34	64	
6	11	18	5.25	-0.85	2.36	1.58	4.70	65	
6	11	23	4.95	6.39	6.71	2.31	2.70	66	
6	11	28	4.34	23.14	6.68	-13.58	-19.10	67	
6	11	33	-0.63	18.36	13.95	3.89	-49.38	68	
6	11	38	2.83	-1.82	17.97	7.86	-23.50	69	
6	11	43	3.06	4.93	2.05	-1.39	-3.10	70	
6	15	3	1.25	1.48	1.21	2.51	0.39	71	
6	15	8	1.73	3.66	2.75	-2.08	-0.79	72	
6	15	13	7.47	11.61	-3.13	-11.06	-0.48	73	
6	15	18	-4.52	14.93	14.69	14.04	-51.11	74	
6	15	23	10.48	30.56	14.64	-33.86	-56.00	75	
6	15	28	-1.06	-31.24	-15.38	-30.12	-52.39	76	
6	15	33	-2.14	-30.96	-33.51	-0.78	-30.59	77	
6	15	38	8.24	0.21	3.30	51.49	-50.00	78	
6	15	43	13.58	-4.51	12.65	6.57	-1.02	79	
6	19	3	2.99	4.54	3.76	-0.54	1.71	80	
6	19	8	-0.15	1.05	2.13	-1.07	0.31	81	
6	19	13	26.11	17.85	0.03	-53.80	-22.41	82	
6	19	18	-11.10	-22.76	-21.15	0.81	-42.56	83	
6	19	23	-3.19	-52.71	-5.49	17.61	6.08	84	
6	19	28	12.02	18.11	22.20	32.28	72.54	85	
6	19	33	11.55	20.24	19.78	-34.12	80.91	86	
6	19	38	-25.09	6.58	-35.52	1.07	-2.40	87	
6	19	43	30.38	4.34	19.99	46.88	-9.81	88	
6	23	3	4.14	3.26	3.11	-0.40	-1.40	89	
6	23	8	4.70	6.61	1.24	-4.73	-1.26	90	
6	23	13	13.82	12.74	6.85	-78.49	-30.37	91	
6	23	18	-1.58	-17.98	14.88	51.98	50.99	92	
6	23	23	10.15	33.00	2.34	25.46	53.76	93	
6	23	28	6.07	7.45	0.59	-0.71	1.80	94	
6	23	33	16.39	7.67	9.64	-5.86	1.31	95	
6	23	38	-35.83	-0.21	-10.38	-67.30	1.32	96	
6	23	43	30.10	3.45	8.93	75.74	-2.72	97	
6	27	3	2.92	1.74	2.29	-0.66	0.42	98	
6	27	8	10.61	4.53	2.18	-16.19	-1.71	99	
6	27	13	-34.45	-24.95	0.69	-54.48	-23.74	100	
6	27	18	27.26	26.80	8.30	58.60	32.86	101	
6	27	23	1.16	2.20	2.20	-2.71	-7.05	102	
6	27	28	1.72	-1.32	0.67	-0.70	2.04	103	
6	27	33	13.90	22.19	0.01	-23.11	-22.37	104	
6	27	38	-43.78	-41.23	8.31	-21.34	11.27	105	
6	27	43	23.71	23.14	-9.96	34.02	10.45	106	
6	31	3	3.84	3.93	2.59	0.50	-4.18	107	
6	31	8	20.29	22.37	2.59	-28.42	-9.44	108	
6	31	13	-40.10	-11.69	-4.45	-20.83	-1.18	109	
6	31	18	22.31	4.24	21.57	58.28	-29.82	110	
6	31	23	4.67	5.02	7.61	-2.35	8.52	111	
6	31	28	10.57	28.98	9.39	-16.83	-21.37	112	
6	31	33	-5.37	-23.29	9.12	-41.55	-43.25	113	
6	31	38	-0.62	2.56	-3.70	46.05	49.87	114	
6	31	43	7.34	9.59	1.48	-2.79	5.31	115	
6	35	3	-3.61	0.63	0.22	-1.49	0.90	116	
6	35	8	13.64	-0.38	-5.63	-74.03	-14.90	117	
6	35	13	-0.90	-12.12	-14.46	-10.05	13.34	118	
6	35	18	1.93	8.70	-24.37	54.59	-49.09	119	
6	35	23	7.25	6.37	13.82	9.63	-83.01	120	
6	35	28	-6.51	-37.48	-1.70	-16.26	-35.88	121	
6	35	33	-11.20	-12.92	-4.45	37.61	55.78	122	
6	35	38	5.49	18.77	2.40	7.78	12.13	123	
6	35	43	2.86	-0.19	4.18	-5.20	-1.10	124	
6	39	3	-0.41	0.80	3.94	-0.71	1.08	125	
6	39	8	-4.44	-11.41	20.11	-28.22	22.20	126	
6	39	13	12.83	15.15	21.33	-13.92	78.32	127	
6	39	18	4.53	3.51	-9.52	-18.15	78.31	128	
6	39	23	-0.25	-20.24	-27.73	9.84	62.36	129	
6	39	28	2.39	11.35	-0.77	34.81	54.62	130	
6	39	33	7.58	21.46	7.94	2.11	8.80	131	
6	39	38	2.94	2.20	3.97	-1.16	-0.96	132	
6	39	43	3.34	3.36	4.31	0.05	2.35	133	
6	43	3	2.96	4.14	2.17	4.51	-0.96	134	
6	43	8	-5.01	-1.16	-0.94	-1.45	9.06	135	
6	43	13	3.58	-0.59	2.17	-2.21	-6.36	136	
6	43	18	0.77	7.25	13.92	0.19	6.91	137	
6	43	23	3.36	23.97	23.88	-0.21	10.28	138	
6	43	28	2.28	9.41	6.48	-3.44	-0.34	139	
6	43	33	-1.47	-2.63	0.20	-1.08	-1.85	140	
6	43	38	2.70	2.66	1.19	-1.34	0.93	141	
6	43	43	2.92	3.10	3.22	0.91	-2.30	142	
