143
diam	c	r	EConv0	EConv1	EConv2	OConv0	OConv1
6	3	3	12.64	51.19	23.43	21.77	63.48	44	
6	3	8	-32.25	-7.27	17.62	-45.20	3.26	45	
6	3	13	17.73	42.41	24.57	24.71	43.97	46	
6	3	18	1.64	29.17	35.13	-0.03	39.16	47	
6	3	23	15.50	58.87	38.63	-40.91	13.76	48	
6	3	28	-10.84	-6.36	13.74	50.60	69.99	49	
6	3	33	2.66	43.83	24.65	-35.78	-0.29	50	
6	3	38	5.82	-31.05	-1.19	1.10	44.51	51	
6	3	43	-7.99	9.12	5.95	56.45	12.98	52	
6	7	3	15.66	33.37	4.76	-38.17	-39.92	53	
6	7	8	-25.43	-33.66	9.45	66.40	18.71	54	
6	7	13	-1.15	10.56	3.69	-2.92	-3.12	55	
6	7	18	8.37	24.85	-0.49	-36.35	-68.30	56	
6	7	23	-7.79	-35.85	1.28	44.78	8.95	57	
6	7	28	4.53	9.85	5.44	-27.75	-36.78	58	
6	7	33	4.18	3.45	8.09	29.70	46.33	59	
6	7	38	0.74	20.40	7.52	2.94	17.85	60	
6	7	43	-38.22	-7.73	-3.52	14.93	9.03	61	
6	11	3	-3.65	-61.79	-16.81	-8.56	9.61	62	
6	11	8	10.35	40.00	-22.51	41.91	-46.54	63	
6	11	13	3.22	-49.30	-4.00	-7.05	-51.47	64	
6	11	18	4.34	-4.59	7.19	28.20	64.73	65	
6	11	23	-0.55	7.99	11.65	-29.53	-26.91	66	
6	11	28	8.87	11.61	4.87	34.58	46.53	67	
6	11	33	4.21	5.35	3.18	-3.54	1.74	68	
6	11	38	7.38	7.70	-1.14	-8.47	-7.15	69	
6	11	43	-5.69	-1.61	-2.67	35.98	16.24	70	
6	15	3	10.39	30.57	16.04	3.55	36.06	71	
6	15	8	-9.66	-0.47	17.65	-8.77	91.47	72	
6	15	13	5.75	44.81	8.32	15.87	48.68	73	
6	15	18	1.12	-2.30	5.97	-26.37	-37.72	74	
6	15	23	-1.84	12.58	0.27	30.86	52.06	75	
6	15	28	6.49	10.36	2.34	4.56	4.37	76	
6	15	33	2.77	3.32	2.79	-4.06	-1.89	77	
6	15	38	-8.35	2.94	-2.10	-34.63	-28.53	78	
6	15	43	13.56	17.86	-1.38	12.66	9.43	79	
6	19	3	2.29	0.48	1.71	-4.56	-0.45	80	
6	19	8	6.32	4.22	-0.34	0.38	-5.66	81	
6	19	13	4.10	13.96	4.52	-46.63	-53.07	82	
6	19	18	9.70	1.62	4.66	36.40	40.39	83	
6	19	23	5.61	7.64	3.63	2.03	2.80	84	
6	19	28	2.32	1.78	-0.68	1.04	-1.46	85	
6	19	33	7.20	17.21	-0.66	-14.26	-10.10	86	
6	19	38	-27.34	-29.31	4.83	20.06	10.56	87	
6	19	43	2.52	-0.24	5.77	1.88	-2.40	88	
6	23	3	3.53	2.42	1.98	-2.42	2.82	89	
6	23	8	16.33	27.64	-5.78	-38.62	-27.82	90	
6	23	13	-10.77	-29.22	3.25	33.78	50.14	91	
6	23	18	7.99	12.06	-0.45	8.34	4.26	92	
6	23	23	2.51	3.39	0.93	-2.01	1.65	93	
6	23	28	5.61	6.80	2.66	-5.27	-6.24	94	
6	23	33	-16.12	-24.01	4.98	-41.87	-31.14	95	
6	23	38	17.33	24.75	-0.21	17.67	22.43	96	
6	23	43	3.61	4.90	2.26	2.98	1.77	97	
6	27	3	4.65	8.49	3.39	-4.84	-4.86	98	
6	27	8	-41.11	-58.58	11.48	-18.83	-15.00	99	
6	27	13	12.07	15.53	-0.29	13.94	8.19	100	
6	27	18	4.25	3.18	3.35	1.59	-1.37	101	
6	27	23	7.27	6.69	3.81	-0.91	-3.64	102	
6	27	28	6.02	19.47	0.40	-42.94	-48.26	103	
6	27	33	-4.94	-4.10	-5.22	52.95	42.71	104	
6	27	38	1.49	0.63	3.73	-1.70	-4.56	105	
6	27	43	3.17	3.79	3.68	1.96	0.04	106	
6	31	3	32.02	21.48	-2.48	-38.63	-12.94	107	
6	31	8	15.75	10.89	5.77	71.34	30.14	108	
6	31	13	4.17	7.97	3.34	-3.28	-2.43	109	
6	31	18	-10.37	-2.05	19.20	-1.83	-42.24	110	
6	31	23	4.22	21.92	-3.05	-39.86	-57.82	111	
6	31	28	-11.19	-33.84	7.97	39.00	34.28	112	
6	31	33	6.39	12.98	-1.13	5.77	6.14	113	
6	31	38	3.07	2.53	3.02	2.06	0.62	114	
6	31	43	3.03	2.21	2.30	-0.69	-0.59	115	
6	35	3	26.00	10.46	-3.99	-84.89	-14.05	116	
6	35	8	53.72	55.79	16.50	21.68	-47.78	117	
6	35	13	4.40	-22.67	-7.70	-22.31	-87.07	118	
6	35	18	-4.80	-8.36	-21.19	25.91	-50.49	119	
6	35	23	-8.66	-35.76	5.02	34.77	49.17	120	
6	35	28	11.12	23.75	3.32	12.75	16.36	121	
6	35	33	3.31	2.73	3.00	-1.25	-0.16	122	
6	35	38	3.51	2.99	3.93	1.96	0.64	123	
6	35	43	4.10	4.40	3.51	0.05	1.60	124	
6	39	3	20.26	-13.96	30.32	-58.01	24.08	125	
6	39	8	-7.68	-22.56	-38.94	-19.75	1.11	126	
6	39	13	-4.28	-41.91	-10.91	26.13	51.70	127	
6	39	18	7.40	29.16	15.80	31.88	86.01	128	
6	39	23	7.81	20.54	3.43	6.37	10.13	129	
6	39	28	1.85	1.23	0.37	1.52	3.48	130	
6	39	33	3.10	3.65	3.41	-1.08	0.62	131	
6	39	38	1.89	-0.23	2.13	4.48	0.84	132	
6	39	43	3.28	3.66	2.63	-3.37	-1.61	133	
6	43	3	3.91	4.84	9.02	-4.21	6.52	134	
6	43	8	-1.54	17.53	43.26	-8.59	62.84	135	
6	43	13	8.59	43.44	6.79	16.56	28.07	136	
6	43	18	5.64	3.86	6.19	-1.55	-4.50	137	
6	43	23	1.12	25.66	10.81	-3.86	-36.83	138	
6	43	28	7.43	32.41	30.22	2.50	-49.44	139	
6	43	33	5.25	7.47	7.87	1.19	-10.23	140	
6	43	38	2.42	30.13	14.04	-2.83	-44.33	141	
6	43	43	-0.37	15.12	17.99	-3.63	-55.84	142	
