143
diam	c	r	EConv0	EConv1	EConv2	OConv0	OConv1
6	3	3	3.57	3.38	3.35	-1.29	-1.49	44	
6	3	8	14.36	3.37	7.85	-9.85	0.61	45	
6	3	13	-25.20	-15.95	-25.61	-37.28	19.81	46	
6	3	18	-5.91	-46.06	-11.97	21.03	39.16	47	
6	3	23	12.32	33.61	0.64	36.64	44.80	48	
6	3	28	3.69	5.69	2.70	-0.17	1.26	49	
6	3	33	1.44	-0.25	0.71	-1.15	-4.61	50	
6	3	38	21.15	3.78	1.11	-29.41	-1.15	51	
6	3	43	-27.27	-9.52	-17.60	52.08	39.33	52	
6	7	3	3.74	3.67	3.80	-1.24	0.57	53	
6	7	8	6.59	3.24	5.23	-3.24	2.10	54	
6	7	13	-7.19	-0.65	26.84	-11.51	49.47	55	
6	7	18	6.85	36.26	11.44	9.21	27.84	56	
6	7	23	2.97	0.17	2.50	0.66	-3.04	57	
6	7	28	0.94	0.76	2.95	1.90	1.49	58	
6	7	33	10.46	37.96	9.64	-19.44	-24.04	59	
6	7	38	-4.90	17.64	29.40	-7.66	-78.18	60	
6	7	43	14.58	10.36	32.86	16.55	-12.70	61	
6	11	3	3.96	3.97	3.25	-2.85	-0.15	62	
6	11	8	3.55	2.78	3.00	1.80	-0.96	63	
6	11	13	2.15	3.45	0.37	1.34	-2.57	64	
6	11	18	2.77	3.71	3.40	0.60	-0.76	65	
6	11	23	2.78	6.18	3.69	-0.48	-0.56	66	
6	11	28	9.36	41.73	5.98	-39.37	-67.70	67	
6	11	33	-3.30	-40.23	-2.59	-27.88	-68.36	68	
6	11	38	-2.14	-24.15	-20.10	1.86	4.91	69	
6	11	43	4.17	-7.71	2.67	87.64	-31.10	70	
6	15	3	4.31	3.70	3.91	-3.31	-0.17	71	
6	15	8	4.32	3.83	3.70	2.10	0.23	72	
6	15	13	4.35	3.82	4.08	-0.17	0.99	73	
6	15	18	4.64	1.58	4.92	-3.38	-1.98	74	
6	15	23	14.43	31.96	-3.74	-53.32	-54.07	75	
6	15	28	-13.19	-43.13	0.04	-16.93	-15.75	76	
6	15	33	-0.05	-17.23	2.79	36.55	79.30	77	
6	15	38	17.01	31.60	28.29	2.78	81.20	78	
6	15	43	-61.82	7.22	-38.45	35.37	12.52	79	
6	19	3	3.71	4.73	3.57	-3.43	-1.24	80	
6	19	8	5.77	4.56	4.14	0.50	-0.35	81	
6	19	13	5.65	4.44	2.65	-0.15	1.21	82	
6	19	18	23.96	29.40	-5.48	-28.57	-17.66	83	
6	19	23	-29.24	-61.48	19.32	10.09	-9.60	84	
6	19	28	2.69	31.17	18.28	22.44	76.77	85	
6	19	33	6.80	29.40	7.93	3.00	8.40	86	
6	19	38	7.81	8.29	2.32	-0.31	-8.59	87	
6	19	43	-46.94	-22.65	6.04	17.70	15.14	88	
6	23	3	2.42	3.10	3.37	-5.66	-2.86	89	
6	23	8	4.43	3.47	3.66	0.60	-0.56	90	
6	23	13	9.76	6.82	4.91	-0.23	-2.09	91	
6	23	18	1.33	-8.65	11.68	-66.99	-49.29	92	
6	23	23	3.95	17.60	-7.42	73.35	51.43	93	
6	23	28	3.92	1.10	4.13	-2.67	-3.24	94	
6	23	33	5.93	6.57	5.58	0.17	-0.87	95	
6	23	38	21.77	17.23	3.58	-22.64	-11.29	96	
6	23	43	6.79	3.68	0.22	54.52	14.45	97	
6	27	3	0.75	1.04	2.68	-3.74	1.42	98	
6	27	8	3.94	4.00	3.45	1.09	-0.27	99	
6	27	13	21.05	31.82	-9.30	-54.61	-49.51	100	
6	27	18	-9.55	-38.86	11.87	42.46	40.88	101	
6	27	23	11.67	19.05	-0.57	11.42	13.62	102	
6	27	28	0.88	4.35	0.13	3.38	-1.91	103	
6	27	33	-1.57	4.64	0.84	-0.82	0.51	104	
6	27	38	-3.22	-6.20	5.24	-44.35	-22.56	105	
6	27	43	22.13	17.01	3.99	29.38	9.99	106	
6	31	3	6.09	5.19	5.73	-1.02	2.33	107	
6	31	8	7.85	17.31	0.66	-8.95	-8.73	108	
6	31	13	-30.28	-33.45	11.29	-64.83	-18.99	109	
6	31	18	28.18	29.05	-0.48	44.17	26.50	110	
6	31	23	3.72	4.20	4.30	-2.61	-2.43	111	
6	31	28	3.93	5.94	3.19	-0.04	2.57	112	
6	31	33	5.91	6.29	6.44	-20.01	-23.70	113	
6	31	38	-7.23	-17.32	-3.95	14.47	35.95	114	
6	31	43	7.28	9.86	1.84	7.86	3.69	115	
6	35	3	4.31	2.89	3.48	-0.28	2.19	116	
6	35	8	12.97	17.78	-7.83	-71.82	-26.43	117	
6	35	13	-37.02	-19.15	10.37	48.53	17.38	118	
6	35	18	7.08	3.22	-2.54	5.68	3.47	119	
6	35	23	6.28	30.02	11.54	-3.15	-15.62	120	
6	35	28	2.65	12.16	7.18	-29.16	-61.59	121	
6	35	33	-1.09	-19.36	12.21	43.72	2.98	122	
6	35	38	7.82	12.43	7.86	2.78	1.33	123	
6	35	43	2.49	4.60	2.29	-0.94	1.15	124	
6	39	3	3.42	5.03	2.36	-2.45	-3.68	125	
6	39	8	-2.65	-15.35	-3.68	-85.70	8.48	126	
6	39	13	-22.36	-1.14	-32.09	45.95	1.03	127	
6	39	18	6.40	25.95	16.21	-4.47	-60.26	128	
6	39	23	-10.61	-44.69	-2.08	-23.56	-28.15	129	
6	39	28	7.70	-7.19	5.08	23.21	67.91	130	
6	39	33	11.20	29.09	-3.36	14.02	24.63	131	
6	39	38	6.95	0.32	4.17	3.76	2.85	132	
6	39	43	2.33	2.79	2.76	-0.07	-2.36	133	
6	43	3	4.63	20.45	22.73	-2.34	-23.21	134	
6	43	8	6.97	15.04	52.45	-22.61	5.42	135	
6	43	13	17.33	42.68	37.83	-5.42	25.51	136	
6	43	18	-16.18	-12.96	-1.98	-12.00	21.48	137	
6	43	23	8.53	52.33	31.56	31.29	5.33	138	
6	43	28	2.39	29.34	26.55	1.44	-40.42	139	
6	43	33	3.54	22.53	24.25	-3.25	-32.20	140	
6	43	38	4.41	19.46	19.20	3.61	-40.79	141	
6	43	43	1.15	29.21	16.87	-0.76	-43.77	142	
