143
diam	c	r	EConv0	EConv1	EConv2	OConv0	OConv1
6	3	3	3.81	2.73	4.92	-2.03	1.98	44	
6	3	8	3.35	4.86	2.42	-0.73	1.07	45	
6	3	13	3.51	0.90	3.52	-0.66	-0.16	46	
6	3	18	3.43	0.82	1.76	1.28	1.10	47	
6	3	23	15.24	36.14	-1.54	-36.16	-46.45	48	
6	3	28	-25.93	-64.79	-0.18	3.34	2.01	49	
6	3	33	17.11	59.89	5.08	15.59	12.46	50	
6	3	38	-2.36	-9.40	-7.49	-16.55	-61.51	51	
6	3	43	21.45	-7.45	19.64	33.18	-12.79	52	
6	7	3	4.11	3.14	3.24	0.82	0.50	53	
6	7	8	4.10	2.36	1.93	-1.80	3.51	54	
6	7	13	6.46	10.09	0.41	-1.68	-2.21	55	
6	7	18	12.61	31.34	4.74	-30.66	-49.17	56	
6	7	23	-18.93	-67.01	1.57	-11.79	-10.49	57	
6	7	28	26.64	67.92	0.49	22.59	17.93	58	
6	7	33	-8.32	-43.49	1.55	-22.02	-11.98	59	
6	7	38	17.25	-4.34	-12.00	1.25	51.68	60	
6	7	43	31.18	8.47	6.23	58.16	3.72	61	
6	11	3	3.76	5.08	4.47	-1.70	0.98	62	
6	11	8	3.86	3.09	2.23	-1.93	-1.44	63	
6	11	13	21.13	31.57	5.55	-47.82	-32.66	64	
6	11	18	-19.02	-54.79	-6.40	1.09	0.61	65	
6	11	23	21.94	52.18	0.37	19.47	28.75	66	
6	11	28	-13.77	-44.29	2.82	-4.68	-11.33	67	
6	11	33	8.42	23.60	2.10	33.52	41.91	68	
6	11	38	14.77	17.76	6.25	-35.92	-14.71	69	
6	11	43	22.95	17.17	-4.21	30.10	7.31	70	
6	15	3	0.45	2.24	4.36	2.76	-1.86	71	
6	15	8	7.65	26.99	-0.38	-31.37	-34.47	72	
6	15	13	-19.47	-58.79	9.32	-19.49	-23.96	73	
6	15	18	23.21	47.05	-0.16	26.62	32.20	74	
6	15	23	-12.30	-38.07	3.88	-18.72	-29.48	75	
6	15	28	12.85	24.79	7.68	34.41	39.50	76	
6	15	33	11.44	21.93	-0.81	-12.51	-12.31	77	
6	15	38	-5.17	-24.27	29.18	13.39	0.73	78	
6	15	43	7.62	10.03	6.69	2.29	1.18	79	
6	19	3	14.05	26.03	-6.29	-28.28	-14.88	80	
6	19	8	-22.89	-49.07	5.04	-28.43	-34.22	81	
6	19	13	15.73	39.88	3.45	37.99	63.65	82	
6	19	18	-10.70	-29.50	3.73	-33.88	-27.92	83	
6	19	23	7.64	13.93	3.12	41.14	49.97	84	
6	19	28	4.07	10.31	2.34	2.53	-1.26	85	
6	19	33	-5.15	-9.31	2.40	-61.45	-39.66	86	
6	19	38	22.65	18.93	-6.76	44.85	19.67	87	
6	19	43	2.79	4.37	2.99	0.83	1.23	88	
6	23	3	18.29	-19.88	2.37	-64.29	8.98	89	
6	23	8	-1.39	14.48	-6.48	55.46	67.30	90	
6	23	13	3.59	12.48	-0.48	-50.08	-49.62	91	
6	23	18	8.66	7.98	6.63	44.47	37.58	92	
6	23	23	5.05	6.74	0.87	-0.01	2.69	93	
6	23	28	11.45	26.70	-5.47	-44.59	-48.38	94	
6	23	33	-14.56	-32.14	4.62	44.90	36.30	95	
6	23	38	3.14	6.13	2.10	5.12	2.19	96	
6	23	43	3.37	3.70	3.26	-0.52	0.84	97	
6	27	3	2.83	4.42	14.19	-1.57	9.29	98	
6	27	8	26.35	28.08	0.97	-26.22	-9.04	99	
6	27	13	-13.83	-36.76	11.54	25.91	29.50	100	
6	27	18	11.01	14.35	3.48	8.48	9.57	101	
6	27	23	13.43	31.08	1.79	-28.02	-32.60	102	
6	27	28	-26.56	-61.30	1.20	0.40	24.03	103	
6	27	33	16.37	28.02	7.18	18.74	11.17	104	
6	27	38	3.62	8.32	3.38	-0.60	3.95	105	
6	27	43	1.73	1.99	5.11	-1.01	-3.67	106	
6	31	3	3.67	4.32	3.13	-2.99	-1.10	107	
6	31	8	17.29	11.74	2.47	-60.75	-16.89	108	
6	31	13	28.10	34.67	17.28	37.19	18.77	109	
6	31	18	18.08	50.24	18.70	-26.66	-39.70	110	
6	31	23	-30.69	-56.43	9.77	8.86	-16.42	111	
6	31	28	11.54	30.23	4.70	20.29	21.51	112	
6	31	33	18.55	22.82	-1.59	-21.14	-10.65	113	
6	31	38	-7.30	-18.59	-2.74	-8.43	-88.83	114	
6	31	43	22.96	-4.86	14.23	31.61	-8.51	115	
6	35	3	2.62	2.76	1.58	-0.70	1.72	116	
6	35	8	11.77	2.10	-7.04	-85.43	2.44	117	
6	35	13	13.74	-5.56	-21.41	-2.16	-84.88	118	
6	35	18	-0.89	-65.60	7.38	15.13	2.00	119	
6	35	23	8.14	29.67	-11.21	43.69	53.23	120	
6	35	28	2.49	3.01	3.00	2.92	2.64	121	
6	35	33	24.00	-3.95	16.17	-37.32	11.97	122	
6	35	38	-8.05	1.97	-6.30	30.86	76.59	123	
6	35	43	13.99	19.01	-0.91	13.00	8.99	124	
6	39	3	3.25	4.23	6.35	-2.45	-3.80	125	
6	39	8	33.16	0.61	24.95	-67.34	17.48	126	
6	39	13	-6.16	-36.28	-6.28	22.63	59.60	127	
6	39	18	11.77	35.14	-7.69	43.80	44.60	128	
6	39	23	1.28	3.37	4.50	0.03	-1.61	129	
6	39	28	3.24	3.55	4.69	-1.17	1.01	130	
6	39	33	1.57	6.99	5.29	0.20	6.01	131	
6	39	38	7.35	15.74	15.45	-1.33	1.39	132	
6	39	43	3.30	2.07	3.88	0.85	1.72	133	
6	43	3	0.20	4.13	3.07	-0.73	1.08	134	
6	43	8	4.33	-3.53	17.11	-6.71	10.18	135	
6	43	13	9.28	35.79	14.94	9.35	25.14	136	
6	43	18	2.78	3.08	2.25	-4.68	2.68	137	
6	43	23	3.09	3.32	3.99	-0.57	-0.27	138	
6	43	28	2.98	2.02	2.68	2.95	2.28	139	
6	43	33	3.39	1.24	4.25	-0.90	2.60	140	
6	43	38	3.00	4.62	7.48	-1.01	2.82	141	
6	43	43	4.63	5.30	3.21	-0.53	0.88	142	
