143
diam	c	r	EConv0	EConv1	EConv2	OConv0	OConv1
6	3	3	3.54	3.07	4.18	-0.41	0.65	44	
6	3	8	2.50	4.85	2.36	1.32	2.07	45	
6	3	13	3.48	4.16	4.77	-0.16	2.99	46	
6	3	18	3.96	4.12	3.09	-3.71	-0.38	47	
6	3	23	4.84	3.29	3.86	2.92	-2.03	48	
6	3	28	1.47	3.25	2.62	-0.82	-0.28	49	
6	3	33	3.31	8.13	6.20	1.23	-3.82	50	
6	3	38	3.24	4.73	7.33	-2.21	-5.54	51	
6	3	43	4.70	4.05	3.52	2.95	-0.12	52	
6	7	3	3.25	3.30	3.35	1.17	0.54	53	
6	7	8	4.28	4.13	3.90	-3.37	-0.19	54	
6	7	13	4.40	3.77	3.94	0.95	-1.97	55	
6	7	18	2.93	1.93	3.89	-1.76	0.24	56	
6	7	23	3.96	6.28	3.23	-0.15	-4.69	57	
6	7	28	3.76	6.64	3.93	-4.66	-10.82	58	
6	7	33	1.53	-0.39	-1.95	-5.28	-15.86	59	
6	7	38	-0.13	-1.94	2.72	11.13	-13.29	60	
6	7	43	5.88	4.62	4.52	-3.37	-2.34	61	
6	11	3	3.24	2.99	3.20	0.67	-1.17	62	
6	11	8	3.38	2.98	4.45	-0.24	-0.56	63	
6	11	13	3.43	2.09	2.00	0.03	2.44	64	
6	11	18	5.60	6.70	3.95	-3.63	-1.46	65	
6	11	23	3.48	5.56	2.19	-8.08	-7.84	66	
6	11	28	-0.28	-5.25	4.94	2.72	-3.60	67	
6	11	33	5.96	1.79	6.13	-0.04	18.73	68	
6	11	38	2.04	7.50	-7.84	-6.68	8.02	69	
6	11	43	9.72	0.54	9.83	9.85	-5.27	70	
6	15	3	3.13	3.43	3.16	1.59	0.20	71	
6	15	8	3.78	4.12	3.54	-1.54	1.21	72	
6	15	13	5.56	6.14	3.22	-2.56	-3.33	73	
6	15	18	8.27	10.54	6.83	-9.55	-5.79	74	
6	15	23	1.42	-4.12	5.40	-4.48	-1.81	75	
6	15	28	4.29	7.35	0.76	13.19	16.55	76	
6	15	33	4.15	5.73	5.37	3.07	2.74	77	
6	15	38	5.05	6.56	6.97	-21.72	-2.85	78	
6	15	43	8.57	4.29	2.55	19.11	0.31	79	
6	19	3	4.26	4.03	4.57	0.83	-1.33	80	
6	19	8	6.63	5.40	5.33	-1.20	-1.65	81	
6	19	13	5.83	10.75	2.83	-6.77	-12.38	82	
6	19	18	-5.39	-11.67	-1.03	-4.59	-17.71	83	
6	19	23	4.85	2.58	5.22	12.59	10.80	84	
6	19	28	5.44	5.21	3.43	4.33	-1.84	85	
6	19	33	5.35	5.49	1.11	-1.91	-6.38	86	
6	19	38	-4.59	-7.26	5.81	-5.25	-5.59	87	
6	19	43	5.21	5.78	1.24	10.45	2.49	88	
6	23	3	0.89	2.26	3.21	2.56	-2.46	89	
6	23	8	3.99	6.56	0.07	-8.06	-6.21	90	
6	23	13	-2.52	-8.19	4.17	-17.25	-12.20	91	
6	23	18	6.47	7.80	5.41	12.40	19.07	92	
6	23	23	2.77	6.27	0.94	7.27	3.65	93	
6	23	28	2.75	5.59	4.53	-1.44	-0.98	94	
6	23	33	3.38	5.18	4.16	-8.10	-8.35	95	
6	23	38	-4.09	-0.85	2.99	11.75	5.86	96	
6	23	43	1.78	4.55	2.21	3.09	2.92	97	
6	27	3	2.79	4.57	1.19	-0.67	4.24	98	
6	27	8	-2.37	-2.02	0.42	-16.64	-19.12	99	
6	27	13	-1.63	-2.75	0.63	15.92	13.48	100	
6	27	18	4.92	5.44	4.50	3.28	4.83	101	
6	27	23	3.76	5.48	4.04	-0.76	-1.71	102	
6	27	28	3.34	4.36	0.53	-4.30	-5.20	103	
6	27	33	-0.86	-3.78	3.22	-2.28	2.68	104	
6	27	38	3.48	7.39	0.53	8.57	7.79	105	
6	27	43	2.59	1.36	2.89	3.16	0.53	106	
6	31	3	7.17	5.25	5.90	-0.66	-0.98	107	
6	31	8	-10.13	-4.52	-5.69	-10.01	16.96	108	
6	31	13	10.35	10.39	6.49	9.91	9.50	109	
6	31	18	5.13	5.75	3.47	-1.12	-3.61	110	
6	31	23	3.16	3.67	2.65	-2.31	-8.00	111	
6	31	28	2.00	-1.95	4.60	-1.95	-1.90	112	
6	31	33	1.94	2.77	4.28	7.31	8.93	113	
6	31	38	3.12	5.76	2.63	-1.31	4.17	114	
6	31	43	3.79	4.20	4.12	4.18	0.97	115	
6	35	3	1.09	2.40	2.32	-0.47	0.58	116	
6	35	8	5.47	8.68	6.58	-14.13	-0.23	117	
6	35	13	3.77	5.05	1.91	4.15	-21.70	118	
6	35	18	3.77	0.24	4.59	-2.39	-12.20	119	
6	35	23	2.15	-2.26	3.91	4.37	1.97	120	
6	35	28	3.54	5.01	2.12	4.22	7.61	121	
6	35	33	3.34	5.72	3.53	3.99	1.16	122	
6	35	38	2.32	2.44	2.56	-3.67	-0.65	123	
6	35	43	3.39	3.14	2.54	3.31	-1.36	124	
6	39	3	1.87	2.54	2.46	-1.93	-0.13	125	
6	39	8	6.63	1.50	10.07	-9.99	7.83	126	
6	39	13	0.68	0.50	-1.07	-4.81	19.69	127	
6	39	18	5.58	5.02	3.04	3.56	13.48	128	
6	39	23	3.96	6.72	2.14	5.48	7.37	129	
6	39	28	3.55	3.85	2.87	-0.18	0.58	130	
6	39	33	2.78	3.73	3.41	2.41	-1.71	131	
6	39	38	2.87	2.56	4.91	-1.39	-0.23	132	
6	39	43	3.00	4.33	3.36	1.83	0.87	133	
6	43	3	4.50	3.54	4.19	0.18	1.47	134	
6	43	8	3.28	2.76	1.31	-2.25	-0.37	135	
6	43	13	1.88	2.24	4.91	2.69	1.47	136	
6	43	18	2.78	6.86	3.26	-4.82	2.94	137	
6	43	23	4.53	4.98	4.33	-0.15	-1.30	138	
6	43	28	4.08	3.55	4.06	-0.77	-0.63	139	
6	43	33	2.75	3.53	3.05	0.69	-0.26	140	
6	43	38	2.54	2.54	3.50	2.12	0.43	141	
6	43	43	1.23	2.65	2.11	-0.18	1.37	142	
