143
diam	c	r	EConv0	EConv1	EConv2	OConv0	OConv1
6	3	3	1.01	0.89	2.72	1.74	-1.22	44	
6	3	8	-3.64	-2.51	-2.86	-87.81	-14.05	45	
6	3	13	4.57	-51.93	-3.82	-2.76	-22.10	46	
6	3	18	20.36	30.93	-1.04	37.55	38.13	47	
6	3	23	-21.01	-2.03	7.46	-6.58	75.08	48	
6	3	28	4.99	34.08	2.22	18.80	31.60	49	
6	3	33	4.23	1.42	4.16	0.82	-0.56	50	
6	3	38	1.15	32.28	18.58	-3.56	-22.46	51	
6	3	43	3.46	-0.77	14.88	6.28	-5.20	52	
6	7	3	2.53	4.04	2.49	0.08	0.80	53	
6	7	8	-3.05	-17.20	27.41	-33.76	37.95	54	
6	7	13	8.55	39.16	7.83	19.31	34.84	55	
6	7	18	4.48	3.44	1.62	1.02	0.72	56	
6	7	23	2.27	2.65	3.58	2.11	-1.43	57	
6	7	28	7.06	9.81	0.61	-4.04	-1.44	58	
6	7	33	-1.34	15.63	-2.27	-40.68	-80.32	59	
6	7	38	-3.70	-56.44	-36.10	-7.52	-15.64	60	
6	7	43	34.85	-6.12	20.12	68.23	-15.43	61	
6	11	3	2.91	2.51	3.43	-0.45	0.10	62	
6	11	8	2.13	3.07	3.37	-0.59	1.31	63	
6	11	13	2.01	3.60	3.61	-0.66	1.39	64	
6	11	18	1.69	0.94	2.42	-0.48	-1.37	65	
6	11	23	10.58	31.53	3.61	-14.93	-17.43	66	
6	11	28	0.50	-10.06	1.96	-47.53	-84.99	67	
6	11	33	-8.07	-29.12	2.25	47.83	61.56	68	
6	11	38	43.72	51.30	15.18	-44.12	20.21	69	
6	11	43	43.81	17.99	8.40	79.50	10.34	70	
6	15	3	2.91	2.95	2.51	0.90	0.78	71	
6	15	8	1.35	3.05	4.22	0.03	-0.19	72	
6	15	13	4.94	3.58	5.12	-1.29	0.20	73	
6	15	18	14.66	40.52	0.58	-29.06	-26.63	74	
6	15	23	-9.84	-37.02	0.33	-39.38	-62.96	75	
6	15	28	-9.71	-22.97	2.24	54.49	68.85	76	
6	15	33	8.63	21.06	2.66	13.10	12.50	77	
6	15	38	-1.27	-4.32	8.07	-79.00	-21.67	78	
6	15	43	35.49	24.90	-5.01	39.00	8.60	79	
6	19	3	3.65	3.21	3.44	-0.92	-0.12	80	
6	19	8	1.76	2.44	-0.03	2.11	1.75	81	
6	19	13	11.62	22.06	-2.47	-15.55	-10.77	82	
6	19	18	-25.94	-62.05	4.69	-37.10	-42.56	83	
6	19	23	-0.97	4.94	-2.52	37.81	85.23	84	
6	19	28	11.42	24.01	3.63	9.04	12.80	85	
6	19	33	16.57	23.62	4.64	-2.67	-5.85	86	
6	19	38	-51.47	-52.37	9.12	20.09	4.82	87	
6	19	43	1.42	4.91	2.90	6.25	1.89	88	
6	23	3	3.85	2.99	3.17	-0.48	0.47	89	
6	23	8	6.69	5.18	2.66	-0.11	-1.24	90	
6	23	13	-5.88	-23.02	1.25	-66.02	-51.29	91	
6	23	18	4.32	24.17	0.88	57.08	70.63	92	
6	23	23	1.31	3.07	6.03	-2.46	4.68	93	
6	23	28	3.48	2.05	2.18	-2.02	2.21	94	
6	23	33	11.81	10.24	4.82	-54.56	-32.15	95	
6	23	38	20.38	25.51	-2.60	49.75	34.17	96	
6	23	43	-3.13	2.27	2.10	2.58	1.49	97	
6	27	3	4.46	4.39	3.74	-0.88	-0.34	98	
6	27	8	29.57	32.35	-2.80	-37.57	-21.62	99	
6	27	13	-5.63	-11.84	11.90	55.59	48.96	100	
6	27	18	3.81	5.98	-0.09	2.30	1.06	101	
6	27	23	-0.26	0.06	0.55	1.03	1.89	102	
6	27	28	16.28	36.91	-2.00	-27.76	-26.25	103	
6	27	33	-22.71	-44.08	5.77	36.98	24.41	104	
6	27	38	6.50	13.55	1.41	4.40	5.69	105	
6	27	43	-0.99	3.54	2.75	4.38	0.16	106	
6	31	3	3.41	3.61	4.27	-0.03	-3.66	107	
6	31	8	-5.61	-6.12	-4.65	-81.51	-18.48	108	
6	31	13	26.34	23.64	6.60	18.02	7.64	109	
6	31	18	4.51	4.08	7.02	1.24	-1.31	110	
6	31	23	13.44	36.91	1.21	-24.37	-24.37	111	
6	31	28	-18.50	-64.66	9.79	7.42	-5.02	112	
6	31	33	14.13	26.55	-3.85	18.25	17.19	113	
6	31	38	3.46	2.94	4.34	0.47	-1.89	114	
6	31	43	-1.37	-0.21	2.56	5.16	-0.44	115	
6	35	3	3.82	3.76	1.23	-0.66	1.51	116	
6	35	8	-3.92	-21.13	18.49	-45.08	39.30	117	
6	35	13	20.19	5.02	0.68	18.19	3.75	118	
6	35	18	15.91	37.84	1.18	-24.39	-28.87	119	
6	35	23	-13.35	-63.08	5.80	4.58	0.73	120	
6	35	28	11.23	33.05	1.31	24.73	30.56	121	
6	35	33	3.25	2.23	2.54	-2.12	0.34	122	
6	35	38	2.84	2.21	1.83	1.00	-0.06	123	
6	35	43	0.52	2.67	0.65	3.23	-2.14	124	
6	39	3	2.28	2.48	4.36	0.66	1.42	125	
6	39	8	4.80	38.15	-0.40	-11.82	-26.23	126	
6	39	13	4.11	11.23	13.95	-12.63	-67.52	127	
6	39	18	-8.34	-67.62	1.67	8.15	23.64	128	
6	39	23	15.38	32.05	-1.17	26.41	27.99	129	
6	39	28	1.78	4.11	4.35	1.96	2.41	130	
6	39	33	1.86	2.50	1.36	-1.83	3.46	131	
6	39	38	2.88	2.91	2.72	0.65	3.52	132	
6	39	43	1.52	3.59	5.40	3.44	3.87	133	
6	43	3	3.17	3.71	2.80	-0.14	-0.86	134	
6	43	8	2.04	-16.45	22.50	-30.70	34.50	135	
6	43	13	6.88	31.63	21.71	9.04	69.26	136	
6	43	18	9.23	22.99	1.72	10.79	10.96	137	
6	43	23	3.11	4.16	2.85	3.43	-0.86	138	
6	43	28	1.62	3.40	3.02	0.35	0.11	139	
6	43	33	2.95	2.74	3.02	0.19	-1.45	140	
6	43	38	3.02	3.55	3.68	-0.02	-0.38	141	
6	43	43	-0.18	2.70	1.05	0.99	-2.30	142	
