143
diam	c	r	EConv0	EConv1	EConv2	OConv0	OConv1
6	3	3	3.27	3.36	3.32	-2.19	1.12	44	
6	3	8	3.45	3.63	2.85	1.03	0.37	45	
6	3	13	5.82	5.16	3.47	-5.31	0.28	46	
6	3	18	1.68	-0.77	6.99	7.12	5.26	47	
6	3	23	13.03	15.61	8.23	-92.12	-66.78	48	
6	3	28	-13.35	-41.45	11.75	45.79	54.09	49	
6	3	33	17.86	33.56	-9.44	14.23	16.57	50	
6	3	38	10.73	6.21	6.93	-3.30	5.71	51	
6	3	43	-4.70	2.96	3.18	-5.04	5.36	52	
6	7	3	3.10	3.22	3.50	-1.70	-0.48	53	
6	7	8	4.32	2.86	4.82	1.79	2.68	54	
6	7	13	4.61	1.68	2.29	-5.93	0.69	55	
6	7	18	24.09	37.01	1.16	-8.78	-17.11	56	
6	7	23	-42.86	-61.67	5.12	-14.94	4.91	57	
6	7	28	33.86	51.23	-3.09	58.59	46.90	58	
6	7	33	1.30	46.02	7.49	-47.48	-73.06	59	
6	7	38	-8.28	-20.20	-16.55	-10.60	-107.48	60	
6	7	43	8.08	-17.08	30.54	35.79	-25.80	61	
6	11	3	3.96	4.46	4.59	-1.23	0.82	62	
6	11	8	2.74	3.00	2.44	0.17	-1.81	63	
6	11	13	6.14	2.83	1.12	0.85	8.59	64	
6	11	18	-2.90	-7.94	6.52	-82.71	-62.60	65	
6	11	23	18.52	21.72	7.39	84.10	76.11	66	
6	11	28	19.28	46.02	0.29	-62.29	-77.79	67	
6	11	33	-19.54	-84.83	-2.31	17.51	29.68	68	
6	11	38	25.59	8.75	-17.19	-22.33	106.20	69	
6	11	43	7.39	-2.93	-1.05	88.46	-5.01	70	
6	15	3	3.21	2.71	2.71	-1.80	-1.98	71	
6	15	8	2.60	-1.44	6.77	8.18	5.50	72	
6	15	13	13.61	29.11	-4.55	-75.13	-79.15	73	
6	15	18	-25.76	-57.72	19.07	68.86	56.20	74	
6	15	23	42.41	77.12	-6.00	-50.21	-45.64	75	
6	15	28	-28.63	-76.32	6.92	3.66	3.95	76	
6	15	33	26.72	57.44	-8.23	47.18	41.93	77	
6	15	38	41.57	3.62	22.86	-24.46	-0.80	78	
6	15	43	-16.49	3.25	-5.91	74.14	0.90	79	
6	19	3	3.19	3.74	1.46	-1.25	-0.78	80	
6	19	8	38.99	40.42	-11.37	-49.38	-31.65	81	
6	19	13	-29.49	-78.69	15.21	29.65	24.69	82	
6	19	18	38.37	79.30	-8.98	12.24	22.02	83	
6	19	23	-40.62	-85.33	11.81	-26.77	-36.74	84	
6	19	28	20.80	57.37	3.80	44.53	65.57	85	
6	19	33	0.06	-6.48	2.44	-2.61	-3.83	86	
6	19	38	31.89	37.79	-7.10	-73.32	-38.32	87	
6	19	43	8.76	1.30	-9.61	75.90	21.90	88	
6	23	3	0.10	5.12	0.79	2.00	1.98	89	
6	23	8	23.19	-24.73	26.72	-64.01	24.43	90	
6	23	13	18.60	46.01	-2.65	73.36	44.16	91	
6	23	18	-5.32	-11.51	1.54	-93.71	-68.84	92	
6	23	23	6.73	14.48	-3.52	76.08	77.10	93	
6	23	28	2.90	-1.04	2.73	-1.13	-2.17	94	
6	23	33	17.49	28.21	1.93	-12.36	-8.38	95	
6	23	38	-27.43	-72.00	22.75	-19.03	-8.50	96	
6	23	43	22.84	29.48	-2.63	22.50	-0.03	97	
6	27	3	4.69	3.98	5.12	-2.09	-1.58	98	
6	27	8	1.96	2.26	4.88	3.22	-2.62	99	
6	27	13	25.61	42.31	-8.05	-32.22	-23.17	100	
6	27	18	-46.97	-59.67	15.26	47.78	37.04	101	
6	27	23	8.76	14.01	-0.75	-3.79	-0.95	102	
6	27	28	14.64	26.69	-1.06	-8.85	-5.92	103	
6	27	33	-16.83	-47.67	-2.38	-46.24	-67.92	104	
6	27	38	24.23	35.63	-6.48	59.40	50.63	105	
6	27	43	-3.23	6.52	6.80	-9.41	-1.16	106	
6	31	3	5.29	3.74	2.61	-1.03	1.19	107	
6	31	8	4.56	4.95	7.73	11.20	5.58	108	
6	31	13	-17.97	-14.54	5.60	-84.65	-44.11	109	
6	31	18	37.42	52.26	20.22	58.57	32.72	110	
6	31	23	11.07	51.22	6.05	-23.76	-24.62	111	
6	31	28	-2.58	-57.11	-0.41	-45.13	-77.07	112	
6	31	33	8.46	17.19	0.21	60.24	67.95	113	
6	31	38	7.10	1.99	3.93	-6.20	-1.23	114	
6	31	43	3.81	9.87	2.75	-15.80	-0.64	115	
6	35	3	3.31	4.09	0.90	-3.74	-0.33	116	
6	35	8	21.37	9.25	5.68	4.15	-3.28	117	
6	35	13	-45.41	-20.11	-9.33	-33.87	-18.32	118	
6	35	18	7.19	-10.45	-36.25	-1.83	-81.85	119	
6	35	23	-8.25	-84.45	1.14	7.46	-15.73	120	
6	35	28	10.45	42.50	12.48	38.98	69.88	121	
6	35	33	9.43	11.60	3.19	-3.89	-3.48	122	
6	35	38	9.02	16.87	26.73	0.76	-20.38	123	
6	35	43	1.55	2.13	3.98	-10.08	4.77	124	
6	39	3	2.35	3.50	6.55	-1.40	-2.46	125	
6	39	8	32.39	16.64	3.74	-20.24	-5.27	126	
6	39	13	-20.90	-2.46	2.41	-9.82	-11.68	127	
6	39	18	1.66	-36.92	20.92	57.30	74.76	128	
6	39	23	5.08	50.44	-1.75	24.00	45.99	129	
6	39	28	2.43	6.85	3.96	4.47	3.45	130	
6	39	33	13.88	4.40	7.61	-17.09	-2.55	131	
6	39	38	-28.05	-39.21	-32.43	43.60	4.77	132	
6	39	43	7.69	7.31	0.10	-14.53	-4.03	133	
6	43	3	4.95	4.19	3.49	-2.55	5.61	134	
6	43	8	10.64	-7.32	13.41	-7.46	2.81	135	
6	43	13	-31.27	-16.97	-24.91	-35.03	89.23	136	
6	43	18	32.85	42.86	-3.71	41.88	9.92	137	
6	43	23	1.09	-1.42	1.73	0.03	-0.91	138	
6	43	28	4.09	0.87	0.67	0.81	1.18	139	
6	43	33	5.54	2.54	5.87	-3.70	2.60	140	
6	43	38	4.07	26.41	8.86	5.63	18.01	141	
6	43	43	-0.39	0.18	9.86	-11.95	-0.91	142	
