143
diam	c	r	EConv0	EConv1	EConv2	OConv0	OConv1
6	3	3	4.84	2.05	4.75	4.33	-1.52	44	
6	3	8	7.34	3.24	8.25	-0.20	-0.07	45	
6	3	13	-0.88	16.91	29.11	-4.29	40.41	46	
6	3	18	11.58	28.39	5.78	4.98	13.04	47	
6	3	23	6.01	2.22	3.79	0.41	2.28	48	
6	3	28	-7.32	-15.27	9.03	-40.48	-2.72	49	
6	3	33	3.95	36.50	12.40	7.41	-19.97	50	
6	3	38	20.20	4.98	20.04	19.95	-4.34	51	
6	3	43	4.11	4.59	5.03	-1.25	2.82	52	
6	7	3	1.63	4.87	1.48	-1.47	-0.31	53	
6	7	8	3.02	1.91	3.34	-0.54	1.49	54	
6	7	13	3.51	2.59	0.92	0.41	0.94	55	
6	7	18	2.41	0.73	4.24	2.71	-3.99	56	
6	7	23	19.28	23.42	6.77	-16.12	-8.78	57	
6	7	28	-6.17	22.59	-1.17	-53.42	-88.90	58	
6	7	33	-20.48	-42.85	-23.75	2.81	-63.90	59	
6	7	38	34.41	-5.99	23.87	77.80	-22.71	60	
6	7	43	1.10	2.96	0.68	-3.71	1.51	61	
6	11	3	4.53	2.68	5.72	0.84	1.72	62	
6	11	8	4.52	5.41	3.25	0.56	0.96	63	
6	11	13	5.02	3.23	5.48	-0.92	-0.21	64	
6	11	18	7.44	13.15	1.07	-6.32	0.49	65	
6	11	23	12.54	22.36	2.91	-81.98	-89.30	66	
6	11	28	-14.38	-66.00	10.18	42.85	70.44	67	
6	11	33	16.90	40.06	-9.16	-31.45	86.81	68	
6	11	38	20.58	4.08	0.58	100.92	-8.68	69	
6	11	43	3.22	4.25	3.81	-8.82	-0.82	70	
6	15	3	3.66	4.49	1.41	0.67	1.91	71	
6	15	8	3.88	4.94	3.69	-0.50	-3.13	72	
6	15	13	-0.52	-0.95	-1.95	3.45	1.32	73	
6	15	18	15.90	40.89	-1.16	-70.70	-77.43	74	
6	15	23	-25.68	-78.60	22.17	46.26	40.25	75	
6	15	28	20.30	52.77	0.33	31.03	50.36	76	
6	15	33	12.48	9.68	7.87	-86.82	-16.56	77	
6	15	38	24.48	10.49	1.64	92.13	14.04	78	
6	15	43	-1.69	-0.22	3.84	-0.97	-3.01	79	
6	19	3	3.74	3.43	4.19	-2.49	-2.75	80	
6	19	8	2.96	1.52	4.51	0.88	2.82	81	
6	19	13	32.75	48.97	-4.02	-42.29	-34.13	82	
6	19	18	-41.60	-66.55	9.79	-32.18	-34.65	83	
6	19	23	32.73	44.43	-4.56	81.28	57.13	84	
6	19	28	3.53	-0.38	-1.91	-10.63	-6.77	85	
6	19	33	-19.93	-19.22	21.58	-42.25	2.68	86	
6	19	38	27.91	28.66	-2.33	44.27	21.35	87	
6	19	43	4.21	3.86	2.04	0.95	0.51	88	
6	23	3	2.04	1.27	4.44	-0.00	3.15	89	
6	23	8	5.66	7.63	1.86	5.88	1.66	90	
6	23	13	-9.46	-11.79	-3.36	-108.20	-66.97	91	
6	23	18	-33.01	-39.97	0.97	88.34	50.13	92	
6	23	23	23.18	17.65	5.03	9.65	8.15	93	
6	23	28	25.20	23.62	4.24	-32.08	-16.50	94	
6	23	33	-32.35	-31.09	1.69	35.54	-0.86	95	
6	23	38	14.14	13.20	2.13	1.84	3.03	96	
6	23	43	6.09	4.69	6.20	1.88	1.48	97	
6	27	3	4.78	5.29	4.54	4.86	-3.66	98	
6	27	8	35.80	27.10	2.81	-26.31	-8.59	99	
6	27	13	-45.81	-39.37	2.06	-46.77	-16.06	100	
6	27	18	33.58	31.42	0.72	98.68	58.25	101	
6	27	23	11.85	13.05	1.34	-2.38	-9.12	102	
6	27	28	-2.64	-15.22	15.22	-35.72	-36.59	103	
6	27	33	-2.18	17.20	-7.31	36.84	26.34	104	
6	27	38	9.36	1.57	7.37	1.73	-2.87	105	
6	27	43	3.38	3.64	3.56	2.57	-0.74	106	
6	31	3	-4.31	1.21	1.44	3.57	2.08	107	
6	31	8	45.14	33.60	2.85	-91.24	-26.38	108	
6	31	13	-32.16	-41.18	27.28	74.50	54.90	109	
6	31	18	33.14	62.76	-0.54	2.23	-9.46	110	
6	31	23	1.81	-14.37	6.81	-32.96	-57.02	111	
6	31	28	-0.94	-0.38	2.50	43.05	40.13	112	
6	31	33	-14.68	-0.58	-0.15	-5.99	4.12	113	
6	31	38	7.93	4.76	2.72	6.54	0.41	114	
6	31	43	1.26	2.92	2.69	2.13	-0.33	115	
6	35	3	-0.74	4.45	3.88	5.05	2.20	116	
6	35	8	18.99	-21.74	3.83	-109.94	10.61	117	
6	35	13	-0.34	15.54	-52.83	62.92	-21.53	118	
6	35	18	-3.41	-68.86	-11.23	-8.35	-34.36	119	
6	35	23	5.23	4.60	-5.64	47.25	60.75	120	
6	35	28	11.19	16.58	1.27	3.24	12.53	121	
6	35	33	-14.15	-2.43	-1.94	3.63	-0.15	122	
6	35	38	5.12	3.34	3.57	0.35	-1.90	123	
6	35	43	4.33	4.54	3.44	2.15	1.74	124	
6	39	3	1.39	0.22	0.51	0.95	-0.27	125	
6	39	8	5.75	-1.02	31.64	-17.55	28.56	126	
6	39	13	-1.61	32.52	30.40	-6.64	75.46	127	
6	39	18	3.98	36.08	14.25	9.92	48.23	128	
6	39	23	5.07	8.94	-0.06	-0.01	-0.13	129	
6	39	28	7.89	1.34	4.65	-2.43	-3.97	130	
6	39	33	-12.70	2.42	0.10	3.63	-1.41	131	
6	39	38	7.48	5.88	6.18	0.31	4.67	132	
6	39	43	3.91	3.32	3.64	0.94	-0.74	133	
6	43	3	1.75	1.16	0.35	2.70	1.02	134	
6	43	8	2.39	1.57	1.96	1.70	0.29	135	
6	43	13	3.80	4.31	4.63	0.11	0.91	136	
6	43	18	3.28	-0.17	2.87	2.32	0.76	137	
6	43	23	3.03	3.76	4.61	0.90	6.18	138	
6	43	28	6.60	7.43	4.72	-4.81	-1.01	139	
6	43	33	-13.56	-2.66	1.01	1.31	-1.19	140	
6	43	38	9.15	5.89	4.59	2.93	-2.59	141	
6	43	43	4.29	4.60	3.98	-1.15	0.79	142	
