143
diam	c	r	EConv0	EConv1	EConv2	OConv0	OConv1
6	3	3	2.05	7.10	7.88	3.42	-15.28	44	
6	3	8	27.06	15.91	14.15	-36.89	-3.31	45	
6	3	13	-27.11	4.59	-1.18	29.20	-7.63	46	
6	3	18	16.20	25.64	6.07	-17.90	-63.66	47	
6	3	23	2.64	-39.71	-22.58	-29.87	-55.31	48	
6	3	28	-8.32	-3.02	-2.74	62.96	-26.48	49	
6	3	33	7.93	16.27	3.53	-25.11	-65.05	50	
6	3	38	-7.80	-47.60	12.79	3.35	30.95	51	
6	3	43	16.19	26.44	-3.93	31.52	18.58	52	
6	7	3	-0.05	2.43	-3.44	2.96	-3.70	53	
6	7	8	29.55	12.16	11.28	-43.66	-19.22	54	
6	7	13	-9.65	-23.43	-9.90	14.61	9.15	55	
6	7	18	5.16	-11.25	5.14	31.84	66.52	56	
6	7	23	4.61	19.04	1.14	-51.21	24.63	57	
6	7	28	3.38	-27.39	-18.87	15.87	34.26	58	
6	7	33	4.04	-6.48	-0.72	30.94	72.48	59	
6	7	38	10.44	32.35	9.33	12.86	25.94	60	
6	7	43	1.24	5.73	5.99	-3.00	-2.38	61	
6	11	3	3.32	2.89	1.57	-11.26	13.66	62	
6	11	8	7.58	-8.12	16.38	-9.91	25.01	63	
6	11	13	1.67	31.16	11.05	21.36	54.01	64	
6	11	18	8.65	16.11	5.87	1.73	-0.99	65	
6	11	23	0.82	4.41	26.23	-10.86	40.59	66	
6	11	28	10.07	74.99	28.27	-1.53	-6.78	67	
6	11	33	7.28	29.64	16.97	-20.97	-78.23	68	
6	11	38	-3.92	-9.78	-1.35	0.79	-82.10	69	
6	11	43	3.39	-7.75	18.97	24.68	-29.14	70	
6	15	3	6.30	4.91	6.79	-3.17	1.46	71	
6	15	8	-0.36	3.82	0.06	-0.11	-2.84	72	
6	15	13	3.57	3.24	-0.39	4.78	-2.35	73	
6	15	18	6.33	20.57	2.62	-7.83	-11.86	74	
6	15	23	2.75	-8.75	-0.88	-32.88	-64.02	75	
6	15	28	-1.91	-53.30	-13.49	9.23	23.39	76	
6	15	33	10.76	4.60	10.30	10.54	74.79	77	
6	15	38	-8.53	20.83	-17.61	-39.05	20.22	78	
6	15	43	0.80	-4.82	4.02	66.79	-12.20	79	
6	19	3	4.50	3.93	5.30	-3.11	1.38	80	
6	19	8	1.46	2.44	3.57	-5.59	5.12	81	
6	19	13	14.56	21.05	7.02	-6.14	-9.03	82	
6	19	18	-5.35	-21.62	1.90	-33.44	-44.45	83	
6	19	23	1.75	-7.85	3.35	37.12	54.01	84	
6	19	28	8.38	26.59	9.26	8.96	14.77	85	
6	19	33	7.35	8.92	11.45	1.57	-3.58	86	
6	19	38	-7.40	4.96	0.40	-63.86	11.08	87	
6	19	43	0.35	0.28	-3.48	66.60	12.00	88	
6	23	3	0.64	1.73	1.43	3.87	-3.84	89	
6	23	8	-1.01	-1.63	3.19	3.50	4.71	90	
6	23	13	9.49	18.01	-11.74	-67.05	-37.56	91	
6	23	18	-9.02	-3.50	21.34	59.65	0.38	92	
6	23	23	5.83	11.13	4.76	4.86	-7.32	93	
6	23	28	3.28	-1.17	3.73	-1.05	0.29	94	
6	23	33	11.55	22.09	6.94	-4.94	-6.84	95	
6	23	38	-18.88	-31.39	14.23	-38.46	-16.88	96	
6	23	43	13.88	15.59	-5.93	45.12	25.22	97	
6	27	3	2.50	5.43	2.53	1.19	-13.31	98	
6	27	8	17.01	14.38	2.61	-5.56	-12.00	99	
6	27	13	-17.72	-22.66	5.06	-51.19	-23.73	100	
6	27	18	-11.15	6.27	-17.72	38.65	-17.27	101	
6	27	23	18.36	6.87	17.87	21.06	-7.36	102	
6	27	28	11.79	27.21	4.08	-9.39	-19.60	103	
6	27	33	-5.49	-28.00	-1.83	-17.94	-30.09	104	
6	27	38	-0.44	5.32	2.79	28.04	51.43	105	
6	27	43	5.42	8.43	-0.77	4.90	7.11	106	
6	31	3	3.16	0.27	2.51	-1.38	15.96	107	
6	31	8	11.16	-1.76	5.54	-5.31	5.75	108	
6	31	13	-14.09	5.87	-15.63	-51.58	19.06	109	
6	31	18	0.12	7.85	-1.63	-1.69	-14.34	110	
6	31	23	11.57	-5.94	-15.19	20.50	-72.84	111	
6	31	28	-3.58	-57.83	-9.15	15.38	-12.30	112	
6	31	33	6.71	15.18	4.92	29.63	45.74	113	
6	31	38	4.75	10.72	5.04	0.74	3.72	114	
6	31	43	4.02	5.15	5.26	-0.99	0.93	115	
6	35	3	4.24	6.17	1.46	-2.01	-2.24	116	
6	35	8	5.55	2.85	4.98	-0.59	5.95	117	
6	35	13	3.01	-22.32	20.38	-38.00	56.27	118	
6	35	18	-2.46	-4.49	-0.41	13.95	105.78	119	
6	35	23	4.52	37.62	26.31	10.94	96.26	120	
6	35	28	6.40	36.53	7.31	15.24	35.37	121	
6	35	33	5.01	5.09	3.94	-0.11	-2.12	122	
6	35	38	4.49	7.44	5.44	1.71	-0.29	123	
6	35	43	2.79	1.68	1.73	-2.18	1.00	124	
6	39	3	3.43	2.65	4.77	-1.86	2.29	125	
6	39	8	3.90	2.99	3.35	1.47	0.62	126	
6	39	13	1.96	9.88	2.10	6.65	0.25	127	
6	39	18	3.95	4.20	7.03	-1.57	-8.67	128	
6	39	23	3.74	1.66	2.53	-0.54	-2.92	129	
6	39	28	3.34	2.23	2.47	-0.64	-2.98	130	
6	39	33	4.02	4.84	4.94	2.04	-2.28	131	
6	39	38	3.87	4.57	5.64	-0.28	-0.12	132	
6	39	43	4.05	3.12	3.84	0.80	0.50	133	
6	43	3	2.85	3.08	3.68	-0.07	-2.22	134	
6	43	8	3.08	3.96	4.24	1.77	0.27	135	
6	43	13	3.79	4.55	4.43	-0.05	0.06	136	
6	43	18	3.84	6.87	5.94	1.17	-1.08	137	
6	43	23	3.70	3.45	5.49	-0.82	-0.53	138	
6	43	28	3.43	2.02	1.98	-1.58	1.94	139	
6	43	33	3.55	2.98	1.61	1.33	0.15	140	
6	43	38	3.66	3.38	3.74	2.27	-1.44	141	
6	43	43	4.12	4.49	3.88	0.54	-0.50	142	
