143
diam	c	r	EConv0	EConv1	EConv2	OConv0	OConv1
6	3	3	4.27	6.87	5.26	3.01	0.56	44	
6	3	8	2.55	6.16	3.51	-2.75	0.25	45	
6	3	13	3.90	3.39	3.79	-2.09	2.20	46	
6	3	18	3.70	5.00	2.12	2.10	-2.30	47	
6	3	23	8.54	4.82	6.92	-6.96	-0.52	48	
6	3	28	-14.01	-5.77	0.87	12.31	-0.25	49	
6	3	33	3.72	5.90	4.36	-0.36	-0.35	50	
6	3	38	14.30	31.68	19.52	-23.86	-18.71	51	
6	3	43	1.59	0.37	13.39	28.00	-10.31	52	
6	7	3	2.86	3.09	0.38	3.62	-1.61	53	
6	7	8	3.26	0.52	4.64	-2.89	1.90	54	
6	7	13	4.38	3.50	3.90	-1.20	-1.09	55	
6	7	18	3.54	3.65	3.21	-1.35	-0.54	56	
6	7	23	6.23	5.22	0.17	-6.17	-2.66	57	
6	7	28	-2.50	6.78	2.91	13.81	12.55	58	
6	7	33	13.17	30.88	5.01	-30.30	-45.21	59	
6	7	38	-9.83	-26.81	-14.27	-32.24	-60.49	60	
6	7	43	23.01	2.19	13.94	68.13	4.37	61	
6	11	3	3.09	3.91	3.98	-0.45	0.77	62	
6	11	8	3.55	4.94	3.19	1.50	-2.53	63	
6	11	13	0.40	1.73	4.24	0.40	-2.29	64	
6	11	18	0.73	-0.53	2.84	0.04	2.07	65	
6	11	23	8.52	10.54	1.92	-21.32	-3.73	66	
6	11	28	17.29	33.53	-1.96	-22.68	-46.72	67	
6	11	33	-11.83	-57.69	5.91	-8.81	-11.23	68	
6	11	38	-3.81	7.36	-10.89	-25.14	40.59	69	
6	11	43	25.79	15.39	3.34	62.08	3.12	70	
6	15	3	4.15	3.98	3.92	-1.35	0.02	71	
6	15	8	2.09	1.91	2.44	-0.81	-1.19	72	
6	15	13	3.98	5.96	3.58	0.83	2.22	73	
6	15	18	1.20	2.11	-0.58	4.33	-3.48	74	
6	15	23	2.38	19.12	-3.75	-58.09	-49.62	75	
6	15	28	-13.25	-60.71	8.11	9.27	-9.46	76	
6	15	33	21.67	44.86	0.18	27.63	49.26	77	
6	15	38	-20.68	-17.22	23.16	-11.43	-4.38	78	
6	15	43	5.18	7.51	-0.58	35.18	1.06	79	
6	19	3	3.99	3.81	5.20	-1.36	0.06	80	
6	19	8	3.91	3.90	3.76	-0.84	2.75	81	
6	19	13	3.20	1.13	2.95	3.66	0.97	82	
6	19	18	18.95	33.61	-1.25	-30.97	-23.07	83	
6	19	23	-36.20	-51.35	-0.86	-43.93	-37.09	84	
6	19	28	23.69	30.20	16.39	67.68	52.93	85	
6	19	33	18.93	25.33	-2.96	-62.05	-36.79	86	
6	19	38	11.06	-2.65	4.75	55.35	24.37	87	
6	19	43	-1.79	3.41	-0.72	29.15	2.55	88	
6	23	3	1.34	1.74	1.72	2.27	0.54	89	
6	23	8	3.96	5.07	4.06	-4.04	-1.98	90	
6	23	13	11.97	14.94	-0.98	-4.06	-4.21	91	
6	23	18	1.27	-7.30	3.37	-82.02	-65.14	92	
6	23	23	-18.21	-22.92	1.59	53.19	39.00	93	
6	23	28	26.85	40.57	-6.77	8.23	-8.17	94	
6	23	33	-31.21	-51.50	11.64	-22.36	-9.79	95	
6	23	38	30.25	30.57	-0.11	15.43	27.40	96	
6	23	43	0.70	2.44	3.49	20.20	2.40	97	
6	27	3	3.64	4.34	2.89	-1.77	-2.56	98	
6	27	8	1.94	2.35	5.03	4.12	0.80	99	
6	27	13	15.26	24.19	-3.19	-66.62	-48.22	100	
6	27	18	-20.20	-32.57	9.32	-8.91	-0.64	101	
6	27	23	23.45	45.17	7.77	60.35	32.17	102	
6	27	28	-6.05	-27.64	12.18	-43.44	-40.03	103	
6	27	33	12.42	23.70	5.96	45.97	44.29	104	
6	27	38	17.31	8.22	1.64	-18.29	-7.33	105	
6	27	43	3.83	3.54	8.13	26.85	-4.21	106	
6	31	3	3.39	3.15	5.78	1.85	4.41	107	
6	31	8	11.43	18.17	-4.74	-18.81	-10.99	108	
6	31	13	-25.57	-32.26	6.84	-50.90	-38.84	109	
6	31	18	-4.69	12.77	-26.75	-4.41	20.65	110	
6	31	23	16.75	-23.25	2.06	4.57	-43.96	111	
6	31	28	1.63	6.00	-1.08	42.05	49.18	112	
6	31	33	3.53	8.37	-1.73	2.37	7.30	113	
6	31	38	17.80	4.76	11.77	-21.18	-3.23	114	
6	31	43	0.78	2.48	-0.38	32.10	-0.28	115	
6	35	3	1.13	1.25	1.40	1.42	-4.46	116	
6	35	8	24.43	6.53	2.35	-61.28	-6.66	117	
6	35	13	-22.01	-26.87	4.03	48.70	61.36	118	
6	35	18	5.09	-5.26	21.80	-26.86	74.39	119	
6	35	23	-1.79	22.25	-5.09	32.75	63.59	120	
6	35	28	4.00	11.73	2.32	3.26	5.22	121	
6	35	33	2.87	0.05	5.97	-0.44	-0.30	122	
6	35	38	13.21	7.10	4.87	-15.71	0.69	123	
6	35	43	0.75	2.39	-0.82	29.52	3.37	124	
6	39	3	4.88	6.66	4.85	-0.01	-2.58	125	
6	39	8	10.06	-5.73	21.54	-25.92	9.17	126	
6	39	13	0.94	23.49	-5.07	26.51	24.78	127	
6	39	18	6.32	8.06	6.24	-4.38	-9.76	128	
6	39	23	3.38	3.79	1.90	0.17	-7.75	129	
6	39	28	2.92	1.10	2.93	0.46	-2.73	130	
6	39	33	-0.17	3.90	1.80	3.30	-3.85	131	
6	39	38	4.97	1.65	4.98	-14.94	-1.90	132	
6	39	43	3.51	8.60	1.98	15.84	-0.07	133	
6	43	3	5.51	2.21	3.40	2.35	-0.11	134	
6	43	8	4.68	4.03	3.76	-4.54	1.22	135	
6	43	13	6.70	7.27	4.65	4.26	-0.20	136	
6	43	18	4.10	2.86	3.73	-0.03	-1.48	137	
6	43	23	2.50	1.01	1.94	0.05	-1.99	138	
6	43	28	4.54	2.14	3.71	0.78	-2.40	139	
6	43	33	3.61	2.89	3.23	2.27	1.52	140	
6	43	38	10.20	6.33	3.85	-11.27	-0.89	141	
6	43	43	3.38	0.49	3.67	14.40	-6.60	142	
