143
diam	c	r	EConv0	EConv1	EConv2	OConv0	OConv1
6	3	3	3.58	1.94	3.06	0.13	1.59	44	
6	3	8	4.96	-2.62	0.74	0.83	-0.31	45	
6	3	13	4.71	2.68	5.26	-0.89	2.47	46	
6	3	18	5.06	2.23	0.31	1.90	4.51	47	
6	3	23	4.78	4.28	2.45	-0.17	0.97	48	
6	3	28	5.61	2.58	1.81	-1.38	4.19	49	
6	3	33	2.78	1.88	-0.67	-2.25	8.46	50	
6	3	38	1.53	0.57	2.02	5.79	8.26	51	
6	3	43	-55.64	-35.68	8.95	0.38	-21.53	52	
6	7	3	2.98	-3.92	7.67	0.28	-67.11	53	
6	7	8	1.28	0.08	-2.21	-0.43	-70.94	54	
6	7	13	2.74	-13.83	-6.19	-0.43	-57.95	55	
6	7	18	5.02	-15.21	-14.65	-1.02	-55.07	56	
6	7	23	-5.59	-29.92	-22.87	6.21	-57.47	57	
6	7	28	6.18	-22.97	-28.18	-12.87	-52.25	58	
6	7	33	6.90	-25.35	-30.66	0.28	-53.70	59	
6	7	38	15.07	-1.39	-0.37	-45.32	-121.23	60	
6	7	43	18.44	-8.84	-54.61	53.03	2.14	61	
6	11	3	7.90	40.97	29.48	2.79	44.81	62	
6	11	8	2.02	27.98	31.58	3.37	51.32	63	
6	11	13	2.25	30.33	27.58	3.94	33.21	64	
6	11	18	6.02	30.96	28.01	0.47	31.92	65	
6	11	23	-3.40	25.61	27.17	-2.94	31.76	66	
6	11	28	3.64	16.70	28.00	6.83	32.60	67	
6	11	33	18.09	78.73	30.78	-89.77	-66.51	68	
6	11	38	-52.05	-68.25	-0.25	84.67	68.28	69	
6	11	43	4.88	25.54	25.24	-2.09	15.61	70	
6	15	3	4.66	4.55	5.37	0.57	4.65	71	
6	15	8	2.54	2.47	0.08	1.86	-1.07	72	
6	15	13	3.95	4.71	3.91	1.40	2.79	73	
6	15	18	1.53	-2.11	2.16	1.80	5.34	74	
6	15	23	2.60	79.62	2.22	-34.81	-57.20	75	
6	15	28	11.99	44.70	10.62	-68.25	-144.94	76	
6	15	33	-44.96	-113.57	6.47	42.02	45.38	77	
6	15	38	22.54	65.28	2.85	18.92	29.63	78	
6	15	43	2.97	7.57	4.87	0.89	3.31	79	
6	19	3	5.41	6.27	4.40	-0.64	-1.69	80	
6	19	8	6.53	6.07	6.15	-1.89	-0.16	81	
6	19	13	6.55	1.77	5.69	2.61	-0.98	82	
6	19	18	23.80	73.54	1.73	-25.56	-39.85	83	
6	19	23	-32.07	-67.19	7.04	-52.69	-52.81	84	
6	19	28	-23.60	-79.79	-9.42	45.12	76.70	85	
6	19	33	34.96	75.16	-0.06	40.56	47.07	86	
6	19	38	3.10	1.73	6.99	1.22	0.88	87	
6	19	43	5.73	5.22	5.88	0.19	2.11	88	
6	23	3	4.07	3.02	4.80	-0.33	-0.82	89	
6	23	8	8.55	11.82	4.35	-0.29	-3.18	90	
6	23	13	25.84	40.11	7.85	-3.61	-10.72	91	
6	23	18	-37.96	-63.33	15.26	-89.91	-81.03	92	
6	23	23	-18.26	-59.82	-5.58	76.20	102.68	93	
6	23	28	14.34	59.12	10.53	17.65	32.57	94	
6	23	33	2.73	0.89	4.51	-2.61	-6.47	95	
6	23	38	4.75	5.74	2.32	2.20	-1.18	96	
6	23	43	3.18	1.56	3.04	1.38	-2.89	97	
6	27	3	5.59	4.69	2.12	-1.68	1.05	98	
6	27	8	16.47	-9.74	12.10	-2.29	5.59	99	
6	27	13	4.06	-31.56	-6.10	-83.05	-99.12	100	
6	27	18	-9.78	-18.41	-6.02	90.25	129.78	101	
6	27	23	14.32	36.63	9.16	12.62	12.58	102	
6	27	28	6.11	10.10	16.20	4.31	2.72	103	
6	27	33	2.31	4.12	2.97	-1.71	0.12	104	
6	27	38	2.05	2.49	3.56	-0.77	-1.69	105	
6	27	43	5.01	9.33	-2.47	-7.99	-5.04	106	
6	31	3	2.31	0.77	3.79	-2.90	3.30	107	
6	31	8	44.35	75.21	-15.81	-90.99	-75.68	108	
6	31	13	-21.13	-44.01	29.17	116.10	75.07	109	
6	31	18	5.23	8.68	5.18	2.32	2.75	110	
6	31	23	20.79	71.69	16.73	-64.24	-108.56	111	
6	31	28	-22.07	-57.73	-65.29	11.35	-103.80	112	
6	31	33	30.69	0.31	24.45	15.81	-5.85	113	
6	31	38	1.24	2.45	5.24	3.36	1.11	114	
6	31	43	4.50	-4.69	12.79	-2.08	10.82	115	
6	35	3	26.81	61.17	2.91	-20.33	-30.83	116	
6	35	8	-70.97	-121.29	34.04	-6.96	-4.55	117	
6	35	13	23.11	54.58	0.39	26.56	31.99	118	
6	35	18	5.98	32.14	-19.68	-84.47	-82.86	119	
6	35	23	-7.71	-56.81	5.71	46.59	110.51	120	
6	35	28	-21.30	29.30	7.63	-76.01	73.23	121	
6	35	33	20.77	19.91	-1.04	10.36	7.13	122	
6	35	38	3.71	3.97	4.56	2.18	-0.96	123	
6	35	43	27.57	66.00	-15.56	-50.46	-47.91	124	
6	39	3	-22.67	-68.39	-30.55	-114.01	-11.77	125	
6	39	8	19.39	45.26	-31.14	111.90	84.57	126	
6	39	13	30.84	44.64	-11.46	-62.19	-44.47	127	
6	39	18	-8.49	-32.26	16.78	60.97	82.34	128	
6	39	23	18.04	31.93	4.54	-0.37	-3.77	129	
6	39	28	-61.32	-50.76	9.04	37.82	6.24	130	
6	39	33	3.37	2.39	4.81	-2.65	0.16	131	
6	39	38	12.32	25.14	0.94	-2.32	-2.03	132	
6	39	43	-52.06	-103.48	34.16	-21.19	-16.50	133	
6	43	3	-7.00	20.71	32.37	2.65	32.65	134	
6	43	8	15.25	22.24	5.34	-8.90	-10.31	135	
6	43	13	-43.75	-78.72	24.38	37.49	13.68	136	
6	43	18	9.71	11.58	7.22	3.13	-3.61	137	
6	43	23	-18.89	-17.30	13.20	-17.71	-22.77	138	
6	43	28	10.60	41.70	0.58	15.51	27.61	139	
6	43	33	5.16	7.37	5.73	4.00	2.96	140	
6	43	38	-9.29	-25.26	11.98	-57.77	-52.75	141	
6	43	43	18.33	57.72	-9.02	54.49	62.95	142	
