143
diam	c	r	EConv0	EConv1	EConv2	OConv0	OConv1
6	3	3	1.88	2.68	0.29	0.16	-4.12	44	
6	3	8	6.16	10.06	7.17	-2.28	0.08	45	
6	3	13	4.15	6.54	2.88	7.70	-1.04	46	
6	3	18	2.84	4.75	5.60	-3.72	-6.43	47	
6	3	23	3.37	4.69	3.50	0.23	-0.83	48	
6	3	28	4.66	0.76	1.66	-1.18	-1.77	49	
6	3	33	2.85	2.60	0.00	1.40	-3.94	50	
6	3	38	5.12	-1.46	0.76	1.67	0.34	51	
6	3	43	2.41	-0.18	4.17	0.07	3.09	52	
6	7	3	1.99	1.82	6.34	-2.47	-0.59	53	
6	7	8	3.89	1.37	1.19	-0.10	0.95	54	
6	7	13	4.01	-0.14	1.69	2.53	-0.75	55	
6	7	18	3.40	4.10	4.45	-1.96	0.93	56	
6	7	23	3.18	1.11	4.21	1.64	-1.59	57	
6	7	28	4.13	3.65	0.52	-1.56	-1.90	58	
6	7	33	2.56	8.86	3.65	1.81	-0.79	59	
6	7	38	-3.59	24.27	15.98	-9.32	-57.06	60	
6	7	43	8.40	3.43	6.33	6.08	-3.26	61	
6	11	3	1.41	2.99	1.39	3.09	0.67	62	
6	11	8	3.93	3.52	3.00	2.08	-0.86	63	
6	11	13	3.88	4.17	3.18	-1.00	-1.37	64	
6	11	18	2.74	4.40	3.43	0.49	-0.77	65	
6	11	23	2.39	5.23	4.46	0.65	-3.16	66	
6	11	28	4.69	2.15	4.63	-3.21	-0.18	67	
6	11	33	3.78	18.79	-16.56	-59.48	-60.92	68	
6	11	38	-27.54	-53.40	-19.50	23.23	-12.55	69	
6	11	43	24.51	9.08	7.19	10.99	-0.37	70	
6	15	3	1.64	3.37	2.62	0.42	1.68	71	
6	15	8	3.76	3.30	2.47	-1.09	-0.08	72	
6	15	13	3.39	1.57	3.19	0.99	-0.66	73	
6	15	18	1.50	3.91	2.39	0.33	-0.57	74	
6	15	23	2.42	6.49	5.36	-2.20	1.76	75	
6	15	28	11.79	32.67	-6.58	-33.33	-34.03	76	
6	15	33	-22.82	-61.36	15.07	-4.88	32.23	77	
6	15	38	9.29	37.07	-0.86	33.17	71.98	78	
6	15	43	4.80	3.93	3.20	2.42	0.77	79	
6	19	3	2.23	3.73	2.97	-0.96	-0.19	80	
6	19	8	4.26	3.91	4.92	0.07	-0.97	81	
6	19	13	3.50	5.08	3.25	0.68	-0.32	82	
6	19	18	1.48	-2.57	4.38	-0.55	3.62	83	
6	19	23	10.08	29.86	-5.66	-28.27	-24.54	84	
6	19	28	-26.54	-65.02	5.92	-0.84	-13.42	85	
6	19	33	10.66	32.16	1.60	28.77	34.82	86	
6	19	38	4.77	-0.73	3.05	-2.67	-7.99	87	
6	19	43	3.34	5.68	1.58	1.98	0.77	88	
6	23	3	2.47	2.53	1.77	-2.75	0.53	89	
6	23	8	2.27	-0.32	-2.22	-0.53	3.61	90	
6	23	13	3.32	3.97	4.06	0.82	0.34	91	
6	23	18	9.42	39.02	10.43	-24.19	-48.07	92	
6	23	23	-12.31	-60.08	7.17	-7.50	-13.49	93	
6	23	28	14.65	44.80	3.56	38.42	48.21	94	
6	23	33	0.88	3.25	3.45	0.40	-3.75	95	
6	23	38	1.42	2.15	3.68	0.17	-0.32	96	
6	23	43	4.25	2.46	4.65	0.14	-0.05	97	
6	27	3	2.32	6.03	6.92	3.90	-2.43	98	
6	27	8	0.35	17.64	11.43	-12.55	-30.42	99	
6	27	13	16.33	33.68	11.85	-32.89	-56.83	100	
6	27	18	-14.23	-59.52	4.39	9.82	14.35	101	
6	27	23	8.44	32.04	-0.60	34.66	37.15	102	
6	27	28	-1.07	-2.08	2.67	-5.54	-2.92	103	
6	27	33	2.14	3.95	2.42	0.61	0.52	104	
6	27	38	1.63	1.91	1.91	2.04	-0.71	105	
6	27	43	4.05	4.11	3.42	1.24	-1.51	106	
6	31	3	15.79	26.15	-17.01	-50.87	-28.28	107	
6	31	8	7.54	-8.18	0.30	-0.62	-59.53	108	
6	31	13	-9.94	-55.95	3.45	16.00	12.18	109	
6	31	18	14.91	29.64	-2.59	40.71	36.48	110	
6	31	23	5.61	6.11	6.45	-0.81	1.18	111	
6	31	28	2.17	1.37	3.02	-1.27	-0.88	112	
6	31	33	3.90	4.16	2.58	2.81	1.08	113	
6	31	38	4.17	4.27	4.20	1.92	-0.27	114	
6	31	43	2.03	2.77	1.99	-1.17	-1.49	115	
6	35	3	6.94	-23.66	14.62	-63.52	18.29	116	
6	35	8	-5.67	-16.98	-1.38	29.47	81.40	117	
6	35	13	2.58	37.88	-1.55	29.11	49.89	118	
6	35	18	-1.47	3.61	1.92	-2.70	-1.46	119	
6	35	23	4.38	3.28	3.89	-0.83	-2.04	120	
6	35	28	4.50	4.33	2.07	-2.38	1.75	121	
6	35	33	0.10	1.04	3.00	6.46	0.33	122	
6	35	38	1.51	6.47	5.67	-3.12	-4.40	123	
6	35	43	1.58	2.09	2.88	-0.41	-1.47	124	
6	39	3	-2.03	3.57	14.45	9.12	7.86	125	
6	39	8	3.28	19.45	6.21	-0.46	-0.38	126	
6	39	13	4.21	-0.45	3.08	-4.64	-5.75	127	
6	39	18	3.53	4.66	2.11	5.16	1.11	128	
6	39	23	3.17	3.99	6.30	1.71	0.61	129	
6	39	28	3.31	4.64	4.66	-2.99	0.13	130	
6	39	33	-0.27	24.39	-13.55	-47.41	-58.17	131	
6	39	38	18.39	-16.97	20.66	55.88	-24.61	132	
6	39	43	5.78	2.74	6.41	-0.23	-2.89	133	
6	43	3	1.57	5.65	2.67	0.09	2.82	134	
6	43	8	5.40	0.24	0.24	-0.67	4.82	135	
6	43	13	7.44	9.30	7.06	0.54	2.48	136	
6	43	18	3.76	6.25	11.22	-2.28	0.86	137	
6	43	23	5.33	6.96	5.36	2.13	-2.67	138	
6	43	28	8.65	5.53	2.30	-5.86	-1.63	139	
6	43	33	-34.12	-28.74	5.72	-44.15	-17.25	140	
6	43	38	37.48	39.22	13.71	62.51	16.32	141	
6	43	43	0.16	-0.88	-0.75	-1.75	4.28	142	
