143
diam	c	r	EConv0	EConv1	EConv2	OConv0	OConv1
6	3	3	1.95	23.32	18.07	-5.40	-26.65	44	
6	3	8	0.37	11.48	10.85	-1.24	-27.04	45	
6	3	13	3.26	9.40	13.01	2.90	-17.96	46	
6	3	18	2.40	12.13	12.91	0.78	-12.51	47	
6	3	23	3.41	12.21	12.92	-5.00	-10.16	48	
6	3	28	3.18	12.72	9.20	-2.73	-19.26	49	
6	3	33	3.95	11.21	8.10	-3.49	-21.90	50	
6	3	38	1.74	11.07	13.56	-1.39	-29.36	51	
6	3	43	5.29	13.85	16.70	0.76	-30.14	52	
6	7	3	-0.17	-28.70	-14.96	3.73	7.50	53	
6	7	8	2.29	-22.81	-23.04	0.68	11.55	54	
6	7	13	2.73	-21.55	-24.08	2.06	3.51	55	
6	7	18	3.05	-24.97	-20.60	4.24	4.60	56	
6	7	23	7.56	-14.54	-14.70	2.24	10.37	57	
6	7	28	-1.79	-17.20	-10.69	4.62	18.42	58	
6	7	33	3.10	-5.35	-3.09	-5.37	22.66	59	
6	7	38	-0.70	-9.78	-8.22	-1.10	27.09	60	
6	7	43	2.97	-9.21	-14.49	4.41	36.86	61	
6	11	3	9.20	19.78	9.18	11.39	23.89	62	
6	11	8	6.67	15.20	15.92	3.35	16.88	63	
6	11	13	1.32	9.66	7.80	-0.20	15.03	64	
6	11	18	3.24	12.55	9.38	-1.07	9.36	65	
6	11	23	4.42	8.93	8.00	-0.59	5.01	66	
6	11	28	5.09	13.17	10.06	2.54	3.05	67	
6	11	33	0.24	1.40	6.15	-2.77	3.69	68	
6	11	38	5.04	9.87	6.17	-2.85	16.99	69	
6	11	43	-7.48	6.31	18.43	-0.73	-35.17	70	
6	15	3	1.05	1.29	2.73	2.08	-5.09	71	
6	15	8	2.12	0.94	0.51	0.95	-2.58	72	
6	15	13	2.39	2.74	2.88	-0.68	-0.76	73	
6	15	18	2.25	1.81	2.82	-0.38	0.93	74	
6	15	23	1.61	1.64	1.13	-3.65	-0.71	75	
6	15	28	4.04	4.39	3.51	0.94	-0.89	76	
6	15	33	2.53	10.14	-0.43	2.66	-4.84	77	
6	15	38	6.99	13.40	-1.24	-43.92	-68.40	78	
6	15	43	-21.41	-32.91	-16.56	59.92	8.29	79	
6	19	3	5.45	0.41	2.06	6.43	0.53	80	
6	19	8	1.96	1.13	2.13	2.41	-0.58	81	
6	19	13	1.83	2.66	3.25	-1.33	-1.19	82	
6	19	18	3.04	1.25	2.64	2.51	-1.57	83	
6	19	23	3.57	4.38	3.82	-3.79	0.34	84	
6	19	28	3.95	7.68	2.05	-2.64	-2.73	85	
6	19	33	6.23	9.21	5.43	-50.37	-59.64	86	
6	19	38	-11.69	-45.13	-8.76	26.20	46.15	87	
6	19	43	11.72	30.16	-0.04	13.38	21.76	88	
6	23	3	5.67	8.07	3.94	0.18	2.42	89	
6	23	8	3.71	3.70	4.03	3.13	-0.92	90	
6	23	13	1.06	3.04	2.79	0.48	1.37	91	
6	23	18	1.66	4.62	1.17	1.21	-0.43	92	
6	23	23	6.35	20.84	7.78	-4.37	-5.63	93	
6	23	28	2.19	3.71	4.46	-37.63	-63.22	94	
6	23	33	-8.03	-27.22	0.24	37.21	54.52	95	
6	23	38	10.67	21.75	8.18	11.50	10.49	96	
6	23	43	4.70	3.79	2.53	-8.70	0.83	97	
6	27	3	3.69	2.50	3.28	-0.09	0.16	98	
6	27	8	2.03	3.62	0.98	1.27	-0.34	99	
6	27	13	3.25	2.83	3.53	-0.62	-1.36	100	
6	27	18	12.05	22.81	7.91	-11.27	-11.61	101	
6	27	23	-4.14	-17.74	4.84	-41.40	-50.92	102	
6	27	28	6.23	0.18	13.09	39.77	65.28	103	
6	27	33	5.47	18.13	4.06	5.09	13.35	104	
6	27	38	1.42	3.86	2.18	0.66	-0.67	105	
6	27	43	6.95	4.20	2.43	-12.84	0.73	106	
6	31	3	0.88	-0.12	2.30	1.01	2.12	107	
6	31	8	0.60	1.91	1.71	-3.43	1.21	108	
6	31	13	9.83	22.61	2.97	-10.54	-12.57	109	
6	31	18	-8.24	-28.95	-1.80	-36.92	-39.24	110	
6	31	23	-0.16	8.65	6.15	44.20	64.89	111	
6	31	28	3.70	11.72	0.17	-1.01	3.59	112	
6	31	33	1.16	3.29	1.50	3.95	-0.49	113	
6	31	38	-0.04	4.49	-0.03	-5.10	2.32	114	
6	31	43	5.93	1.09	6.86	-7.38	1.16	115	
6	35	3	2.30	3.68	1.91	1.36	0.79	116	
6	35	8	10.56	27.86	5.52	-8.94	-13.64	117	
6	35	13	-13.82	-42.04	4.12	-29.68	-39.20	118	
6	35	18	7.35	13.75	2.02	37.90	56.02	119	
6	35	23	3.83	7.98	2.19	-1.73	-0.11	120	
6	35	28	2.21	2.55	1.03	-2.11	-3.54	121	
6	35	33	9.29	23.03	2.01	-31.95	-38.84	122	
6	35	38	-1.79	-17.61	3.66	31.88	-40.11	123	
6	35	43	4.22	3.37	3.75	-0.34	-1.31	124	
6	39	3	3.71	3.64	2.29	-2.50	0.77	125	
6	39	8	0.57	-23.85	-10.79	-53.94	3.17	126	
6	39	13	6.21	20.55	-0.62	38.09	53.45	127	
6	39	18	7.69	4.26	2.81	3.17	5.87	128	
6	39	23	3.67	5.71	8.71	-3.27	-2.07	129	
6	39	28	11.03	23.11	-2.95	-21.95	-20.74	130	
6	39	33	-10.33	-35.61	10.04	21.33	23.08	131	
6	39	38	-25.90	10.63	-10.23	7.31	21.69	132	
6	39	43	4.29	2.92	3.55	-4.12	-2.74	133	
6	43	3	3.30	2.04	3.94	0.69	0.30	134	
6	43	8	-1.56	5.79	16.71	2.03	12.10	135	
6	43	13	11.27	25.02	7.26	-4.62	-5.30	136	
6	43	18	-1.26	-2.11	-4.93	-41.28	-78.07	137	
6	43	23	5.66	-0.81	5.33	35.55	-59.99	138	
6	43	28	-12.84	-52.86	5.48	3.01	1.47	139	
6	43	33	12.29	22.36	0.31	12.00	11.03	140	
6	43	38	-21.23	-10.12	0.56	11.51	3.94	141	
6	43	43	1.64	2.09	-1.06	-3.36	3.15	142	
