143
diam	c	r	EConv0	EConv1	EConv2	OConv0	OConv1
6	3	3	5.20	2.84	7.40	1.84	-9.90	44	
6	3	8	2.28	3.36	6.48	5.32	-3.74	45	
6	3	13	3.08	3.56	-0.76	-7.79	-5.89	46	
6	3	18	8.30	3.51	2.11	2.40	-3.86	47	
6	3	23	0.99	2.19	2.97	0.45	-7.41	48	
6	3	28	1.02	-0.64	-0.95	-5.72	-6.48	49	
6	3	33	3.60	-1.92	-1.33	0.22	-4.75	50	
6	3	38	4.42	5.21	2.44	1.98	-3.89	51	
6	3	43	-3.75	14.49	14.81	-4.30	-28.64	52	
6	7	3	3.87	6.61	3.47	3.85	7.05	53	
6	7	8	3.97	6.57	3.80	1.39	6.58	54	
6	7	13	3.11	3.58	4.55	0.67	8.10	55	
6	7	18	4.77	5.21	5.36	1.44	4.20	56	
6	7	23	3.04	6.84	5.85	-0.96	7.52	57	
6	7	28	0.27	1.51	5.17	1.41	6.23	58	
6	7	33	4.27	2.25	4.12	-2.35	4.46	59	
6	7	38	21.16	40.11	1.05	-28.22	-31.18	60	
6	7	43	-34.46	-53.25	-11.09	62.73	-1.73	61	
6	11	3	3.10	3.50	2.73	0.06	0.40	62	
6	11	8	3.49	3.77	4.15	0.35	-0.27	63	
6	11	13	3.31	4.58	3.43	-0.18	-1.92	64	
6	11	18	3.12	3.45	3.82	-0.11	-1.88	65	
6	11	23	3.74	2.89	4.15	1.13	0.96	66	
6	11	28	1.44	5.52	2.83	0.23	-0.55	67	
6	11	33	11.61	21.69	-0.97	-14.01	-11.77	68	
6	11	38	-28.43	-61.36	8.12	-36.73	-24.02	69	
6	11	43	22.82	35.89	-8.17	42.70	33.71	70	
6	15	3	4.15	4.28	3.88	-2.03	1.38	71	
6	15	8	2.55	4.23	3.01	-0.75	-1.11	72	
6	15	13	3.94	3.02	4.93	0.39	1.47	73	
6	15	18	2.76	3.05	2.23	-0.93	1.67	74	
6	15	23	5.38	5.09	4.01	1.14	0.10	75	
6	15	28	5.36	8.36	3.04	-5.17	-5.76	76	
6	15	33	-3.51	-9.53	6.41	-56.85	-59.10	77	
6	15	38	7.67	13.21	-0.33	63.71	53.04	78	
6	15	43	1.25	4.72	3.36	0.38	0.74	79	
6	19	3	4.61	2.71	5.40	0.00	-0.54	80	
6	19	8	2.75	3.00	3.89	-2.92	2.71	81	
6	19	13	4.42	5.45	2.61	1.26	-0.39	82	
6	19	18	3.20	3.57	3.85	-1.01	-1.78	83	
6	19	23	4.06	3.30	3.16	-0.84	-0.88	84	
6	19	28	3.76	16.38	-9.02	-64.16	-58.31	85	
6	19	33	-13.03	-31.09	-2.97	51.65	61.47	86	
6	19	38	5.64	13.04	0.35	6.14	6.89	87	
6	19	43	2.36	4.56	2.98	0.66	0.92	88	
6	23	3	3.90	4.28	1.40	1.04	0.26	89	
6	23	8	1.62	2.08	2.94	0.95	-0.93	90	
6	23	13	2.21	3.13	4.29	-0.71	-1.09	91	
6	23	18	3.59	3.85	3.63	-1.65	-0.36	92	
6	23	23	12.98	38.66	2.14	-43.42	-62.23	93	
6	23	28	-28.22	-59.96	9.11	32.96	26.72	94	
6	23	33	15.34	25.83	2.09	12.96	12.65	95	
6	23	38	2.92	4.60	1.83	1.14	-2.75	96	
6	23	43	2.36	3.64	5.02	-0.47	-2.74	97	
6	27	3	4.30	4.08	4.57	-1.58	0.72	98	
6	27	8	1.43	3.12	1.82	-0.10	-0.82	99	
6	27	13	3.23	3.48	2.90	-1.02	-1.02	100	
6	27	18	11.59	42.58	0.02	-37.06	-51.38	101	
6	27	23	-26.50	-71.96	7.95	3.23	16.24	102	
6	27	28	19.66	38.80	3.41	30.88	29.67	103	
6	27	33	3.26	-0.10	2.67	1.08	1.81	104	
6	27	38	8.16	23.09	3.55	-7.06	-6.58	105	
6	27	43	0.60	-4.82	33.84	17.67	-28.71	106	
6	31	3	4.25	4.01	2.71	-0.86	-0.87	107	
6	31	8	1.92	2.39	1.23	-0.90	-2.23	108	
6	31	13	21.64	41.31	2.20	-35.67	-36.81	109	
6	31	18	-26.24	-70.02	2.37	-7.00	-6.92	110	
6	31	23	19.24	39.10	0.92	42.09	43.15	111	
6	31	28	5.81	7.04	3.24	1.58	4.21	112	
6	31	33	14.77	31.87	1.42	-15.40	-19.48	113	
6	31	38	-9.59	-42.49	-0.60	-41.38	-75.61	114	
6	31	43	17.83	-1.59	-25.11	82.65	24.37	115	
6	35	3	7.84	5.95	4.21	-4.02	-2.38	116	
6	35	8	17.14	44.49	5.09	-40.95	-57.22	117	
6	35	13	-15.26	-71.44	0.60	-10.37	-23.65	118	
6	35	18	11.20	35.92	-2.07	51.72	53.95	119	
6	35	23	2.99	3.00	4.44	3.09	1.16	120	
6	35	28	10.04	23.10	5.74	-6.78	-11.97	121	
6	35	33	-13.29	-35.26	7.66	-62.26	-62.21	122	
6	35	38	2.66	5.68	5.60	63.01	79.45	123	
6	35	43	6.76	13.41	2.79	5.25	2.05	124	
6	39	3	23.87	12.60	2.39	-15.45	-6.96	125	
6	39	8	-28.44	-74.17	-13.96	-6.56	13.50	126	
6	39	13	13.06	41.41	-4.62	45.83	63.24	127	
6	39	18	5.26	5.38	4.35	-1.14	3.65	128	
6	39	23	12.98	29.30	-4.60	-14.78	-12.84	129	
6	39	28	-12.04	-46.13	-1.58	-45.95	-65.56	130	
6	39	33	2.93	-0.39	3.58	57.03	83.52	131	
6	39	38	9.32	14.91	2.58	5.27	5.83	132	
6	39	43	2.27	3.69	3.76	1.85	1.45	133	
6	43	3	6.24	0.08	14.14	-2.81	5.67	134	
6	43	8	5.15	46.74	21.40	12.94	27.56	135	
6	43	13	4.58	4.32	2.67	-1.21	1.65	136	
6	43	18	8.84	15.21	2.55	-5.62	-9.13	137	
6	43	23	-6.53	-32.29	7.22	-60.25	-65.43	138	
6	43	28	1.24	5.85	-2.95	61.81	78.46	139	
6	43	33	6.80	9.31	1.31	3.19	2.99	140	
6	43	38	3.12	4.27	2.84	1.57	-0.02	141	
6	43	43	2.85	4.00	2.79	-2.31	-1.15	142	
