143
diam	c	r	EConv0	EConv1	EConv2	OConv0	OConv1
6	3	3	2.42	2.63	-4.40	3.90	36.86	44	
6	3	8	2.00	-0.40	0.15	-5.08	36.76	45	
6	3	13	1.12	5.54	-8.05	8.45	30.46	46	
6	3	18	6.89	7.40	1.75	7.42	26.70	47	
6	3	23	-0.02	-1.74	0.41	-2.33	31.81	48	
6	3	28	5.80	4.83	3.81	1.33	36.00	49	
6	3	33	2.14	-1.19	-0.64	-1.12	35.23	50	
6	3	38	8.79	1.70	7.50	2.39	30.37	51	
6	3	43	3.45	6.77	4.23	-0.12	46.31	52	
6	7	3	1.81	1.60	2.05	-0.60	2.14	53	
6	7	8	3.65	3.96	4.53	0.16	0.36	54	
6	7	13	2.31	3.23	4.22	-1.01	0.42	55	
6	7	18	3.54	3.28	3.53	1.16	-1.87	56	
6	7	23	3.52	2.58	4.06	-1.45	4.61	57	
6	7	28	5.51	3.65	2.76	-2.02	2.09	58	
6	7	33	6.36	12.07	6.92	3.11	-3.34	59	
6	7	38	-10.63	47.21	13.55	-17.03	-89.59	60	
6	7	43	7.78	-9.91	28.09	14.94	-25.82	61	
6	11	3	1.92	1.91	1.72	-0.52	-1.83	62	
6	11	8	3.14	1.97	3.92	1.78	0.89	63	
6	11	13	3.61	3.87	3.30	-1.37	2.25	64	
6	11	18	3.45	3.68	3.05	1.78	1.69	65	
6	11	23	4.35	4.57	4.40	1.44	-1.85	66	
6	11	28	8.21	19.91	3.24	-9.68	-11.64	67	
6	11	33	-0.26	2.94	-1.13	-55.83	-88.22	68	
6	11	38	-17.76	-65.04	-1.52	31.29	43.15	69	
6	11	43	23.03	27.46	-6.17	31.31	25.32	70	
6	15	3	2.81	2.43	2.68	1.52	3.38	71	
6	15	8	3.22	3.64	2.88	2.65	0.86	72	
6	15	13	3.87	2.20	3.61	-1.36	0.30	73	
6	15	18	3.16	3.77	4.92	1.23	0.45	74	
6	15	23	9.95	21.12	-0.02	-11.36	-9.45	75	
6	15	28	-2.76	-8.85	2.32	-60.69	-87.69	76	
6	15	33	-14.49	-52.02	0.76	40.18	56.15	77	
6	15	38	15.29	48.02	-2.17	34.75	39.88	78	
6	15	43	3.35	3.31	1.76	-1.28	-0.88	79	
6	19	3	3.73	4.56	3.34	-1.65	-0.40	80	
6	19	8	4.12	5.02	4.75	0.98	0.03	81	
6	19	13	3.14	6.95	2.60	-1.08	-4.24	82	
6	19	18	10.69	30.12	4.73	-10.43	-21.46	83	
6	19	23	-4.33	-27.65	10.37	-49.69	-84.35	84	
6	19	28	-14.43	-35.56	-6.53	43.37	86.44	85	
6	19	33	13.94	45.89	8.65	14.39	32.10	86	
6	19	38	3.90	4.80	3.45	-3.12	1.52	87	
6	19	43	3.99	1.78	3.51	0.57	0.33	88	
6	23	3	0.92	1.03	0.91	-1.88	-2.41	89	
6	23	8	4.03	5.16	2.02	-0.61	-2.74	90	
6	23	13	10.81	43.26	0.64	-35.27	-40.59	91	
6	23	18	-10.05	-52.44	-5.25	-35.81	-77.86	92	
6	23	23	-16.30	-25.40	-12.69	64.65	64.77	93	
6	23	28	8.94	20.66	3.86	6.22	5.49	94	
6	23	33	3.71	0.05	2.36	0.22	-1.10	95	
6	23	38	4.98	5.00	6.72	-0.51	2.39	96	
6	23	43	2.44	0.84	1.73	-0.16	1.92	97	
6	27	3	4.38	5.13	5.38	-5.19	-0.21	98	
6	27	8	20.81	40.89	1.82	-30.16	-32.63	99	
6	27	13	-17.53	-59.73	1.85	-31.25	-36.12	100	
6	27	18	0.18	-2.71	-1.98	60.28	94.44	101	
6	27	23	9.36	29.45	9.03	7.69	14.09	102	
6	27	28	2.93	2.06	5.03	-1.96	-1.82	103	
6	27	33	3.75	3.65	3.43	0.49	0.52	104	
6	27	38	3.04	3.46	5.33	-1.80	-0.20	105	
6	27	43	3.58	3.38	3.80	1.83	2.15	106	
6	31	3	21.40	30.55	-5.49	-26.69	-21.60	107	
6	31	8	-12.97	-49.39	10.45	-39.38	-54.54	108	
6	31	13	6.57	21.27	1.58	57.64	76.33	109	
6	31	18	5.98	12.56	2.35	3.24	2.11	110	
6	31	23	4.35	3.31	4.38	-1.19	0.85	111	
6	31	28	1.88	2.51	1.10	-0.51	1.21	112	
6	31	33	5.80	5.12	3.75	0.48	0.37	113	
6	31	38	3.19	3.27	4.62	0.44	-0.79	114	
6	31	43	3.67	2.97	3.01	0.55	-2.16	115	
6	35	3	29.43	-21.06	17.36	-61.72	20.76	116	
6	35	8	-26.53	-31.70	-33.09	35.48	77.41	117	
6	35	13	9.00	10.03	2.97	6.62	4.20	118	
6	35	18	2.48	3.41	4.43	-0.08	1.61	119	
6	35	23	4.23	3.97	3.69	0.05	-0.44	120	
6	35	28	2.61	3.53	5.42	2.61	0.54	121	
6	35	33	3.46	4.09	3.34	-1.85	0.61	122	
6	35	38	3.44	6.38	4.66	0.67	-0.24	123	
6	35	43	4.18	4.89	5.15	2.07	1.39	124	
6	39	3	3.45	7.09	4.44	3.25	2.68	125	
6	39	8	3.70	13.36	11.34	-1.18	2.88	126	
6	39	13	2.56	2.83	-0.04	1.83	-2.22	127	
6	39	18	5.61	4.33	4.45	0.87	1.94	128	
6	39	23	4.31	3.65	2.44	-0.72	0.63	129	
6	39	28	2.07	3.39	3.43	1.92	-0.42	130	
6	39	33	2.62	2.59	4.46	-2.77	-1.19	131	
6	39	38	2.42	3.06	2.97	0.87	0.19	132	
6	39	43	4.36	5.40	4.86	-0.18	-0.80	133	
6	43	3	4.09	2.84	4.48	1.40	0.85	134	
6	43	8	2.53	3.07	4.39	1.54	2.56	135	
6	43	13	2.30	4.16	4.13	-2.67	5.14	136	
6	43	18	5.12	3.88	2.27	-0.05	0.16	137	
6	43	23	5.34	3.46	4.96	-2.45	0.22	138	
6	43	28	2.70	4.57	1.44	0.20	-1.72	139	
6	43	33	3.52	2.99	3.81	2.21	1.96	140	
6	43	38	3.56	3.57	3.93	-0.27	4.16	141	
6	43	43	3.09	2.53	1.89	-1.97	2.34	142	
