143
diam	c	r	EConv0	EConv1	EConv2	OConv0	OConv1
6	3	3	3.69	10.77	5.98	-2.29	-4.72	44	
6	3	8	5.48	3.10	7.13	-0.36	-2.69	45	
6	3	13	2.94	15.06	11.62	-2.15	4.16	46	
6	3	18	1.16	11.45	21.15	-6.78	3.67	47	
6	3	23	5.82	20.87	25.65	3.32	11.57	48	
6	3	28	-3.10	22.39	18.57	-0.90	27.82	49	
6	3	33	5.74	19.87	22.35	-4.24	15.30	50	
6	3	38	1.64	19.44	19.10	-1.27	13.01	51	
6	3	43	3.71	24.54	27.80	0.65	31.31	52	
6	7	3	3.41	4.48	3.88	0.41	2.29	53	
6	7	8	4.21	0.63	2.19	-0.76	-0.79	54	
6	7	13	1.59	1.19	2.79	-0.64	0.92	55	
6	7	18	0.89	4.83	5.15	-0.54	4.64	56	
6	7	23	3.87	3.72	2.41	4.81	2.48	57	
6	7	28	3.10	2.04	1.52	-0.65	-1.75	58	
6	7	33	5.21	1.44	2.52	0.44	0.36	59	
6	7	38	2.26	-1.11	21.76	8.97	-17.63	60	
6	7	43	3.10	-0.53	0.28	-0.90	-2.91	61	
6	11	3	2.80	2.10	2.07	0.19	-1.12	62	
6	11	8	5.48	4.16	3.75	-0.41	-0.79	63	
6	11	13	4.94	3.41	2.60	-0.20	-0.51	64	
6	11	18	1.61	0.45	1.86	0.34	-1.47	65	
6	11	23	3.67	3.44	3.38	3.23	-2.10	66	
6	11	28	2.87	0.94	3.92	1.23	3.73	67	
6	11	33	24.98	38.10	2.69	-32.77	-23.80	68	
6	11	38	3.22	-14.40	7.60	59.85	-9.95	69	
6	11	43	4.88	4.34	6.54	-0.64	-0.62	70	
6	15	3	2.44	3.21	2.86	-0.42	0.03	71	
6	15	8	3.27	3.58	3.18	-1.22	-0.46	72	
6	15	13	5.17	3.80	3.22	-3.47	0.69	73	
6	15	18	3.03	3.60	-0.79	1.72	1.61	74	
6	15	23	4.17	0.99	6.76	4.62	6.94	75	
6	15	28	11.19	40.93	-0.38	-35.82	-40.63	76	
6	15	33	-7.66	-65.24	6.21	-14.93	-18.42	77	
6	15	38	22.30	26.38	-13.01	46.31	31.05	78	
6	15	43	1.09	3.77	1.82	0.39	0.87	79	
6	19	3	2.56	2.50	2.61	0.21	1.10	80	
6	19	8	3.11	2.89	3.01	0.00	1.93	81	
6	19	13	1.94	1.10	5.66	-0.28	-0.07	82	
6	19	18	2.13	0.37	4.97	-1.63	5.91	83	
6	19	23	11.46	38.76	2.45	-29.05	-41.27	84	
6	19	28	-24.63	-64.56	3.95	-12.43	-15.30	85	
6	19	33	15.46	36.64	-2.25	40.21	46.17	86	
6	19	38	3.02	3.46	3.62	-1.76	-0.17	87	
6	19	43	3.17	3.51	2.67	-0.65	-1.63	88	
6	23	3	3.99	4.55	3.15	-1.65	0.55	89	
6	23	8	4.13	1.86	3.76	-0.45	-0.58	90	
6	23	13	3.14	0.96	1.07	0.19	3.56	91	
6	23	18	13.82	29.97	-2.56	-20.50	-25.71	92	
6	23	23	-28.29	-56.86	5.57	-8.60	-15.97	93	
6	23	28	2.93	26.23	-5.05	46.13	53.64	94	
6	23	33	2.00	1.97	3.64	-7.06	-5.94	95	
6	23	38	-3.40	28.07	18.21	-0.65	-41.52	96	
6	23	43	2.94	2.47	3.63	-0.52	3.57	97	
6	27	3	3.99	3.10	4.13	-2.69	-0.14	98	
6	27	8	2.67	-2.35	2.27	2.31	3.97	99	
6	27	13	12.52	29.10	3.59	-8.31	-12.84	100	
6	27	18	-9.17	-38.07	4.62	-49.73	-29.29	101	
6	27	23	6.70	21.25	-10.30	61.63	58.09	102	
6	27	28	-0.60	0.21	1.88	-4.17	-3.30	103	
6	27	33	11.45	3.26	6.07	-3.45	1.14	104	
6	27	38	-42.33	-24.11	-53.59	-46.08	-7.14	105	
6	27	43	35.23	0.28	30.02	30.34	-12.66	106	
6	31	3	5.22	3.93	6.77	1.81	0.55	107	
6	31	8	1.34	38.35	-11.83	-24.23	-42.37	108	
6	31	13	-6.51	-36.17	10.40	-26.55	-51.21	109	
6	31	18	-3.19	1.10	-3.57	47.98	55.90	110	
6	31	23	4.11	8.72	4.41	-8.32	-0.41	111	
6	31	28	4.26	6.99	4.89	3.06	1.66	112	
6	31	33	0.59	5.08	4.35	5.46	-1.45	113	
6	31	38	22.40	11.59	30.58	-79.28	44.03	114	
6	31	43	40.53	12.12	6.77	60.81	6.56	115	
6	35	3	0.62	4.36	0.08	3.43	2.72	116	
6	35	8	-12.76	-30.93	-6.23	-71.08	5.87	117	
6	35	13	1.44	5.83	-3.44	55.42	66.38	118	
6	35	18	2.69	13.47	0.06	-3.18	-0.51	119	
6	35	23	2.76	2.45	2.92	-2.69	-2.88	120	
6	35	28	2.60	2.07	2.38	0.79	-0.60	121	
6	35	33	1.49	1.92	1.71	2.10	0.81	122	
6	35	38	29.59	12.37	10.20	-44.23	0.93	123	
6	35	43	23.24	4.19	11.30	56.83	-8.64	124	
6	39	3	0.87	-1.19	0.94	-1.90	1.91	125	
6	39	8	-2.83	9.06	23.84	-8.93	26.04	126	
6	39	13	1.87	9.47	2.25	1.40	0.86	127	
6	39	18	5.53	6.07	6.91	-4.69	4.71	128	
6	39	23	6.79	11.45	5.83	1.86	-2.61	129	
6	39	28	3.67	2.73	7.13	2.34	-3.83	130	
6	39	33	3.06	2.57	4.97	3.51	-0.73	131	
6	39	38	35.62	16.69	8.76	-62.98	-14.99	132	
6	39	43	36.81	18.77	6.44	54.06	4.54	133	
6	43	3	5.37	3.91	3.10	0.15	-1.00	134	
6	43	8	2.97	4.19	2.12	-0.88	-0.50	135	
6	43	13	0.93	0.20	2.41	0.27	0.04	136	
6	43	18	10.97	19.68	10.66	0.28	-7.64	137	
6	43	23	-15.50	-11.71	-13.27	-39.05	-64.46	138	
6	43	28	29.16	2.43	1.71	26.04	5.19	139	
6	43	33	0.96	1.38	3.29	9.58	1.39	140	
6	43	38	-20.36	-11.95	7.45	-66.89	-27.86	141	
6	43	43	32.30	25.40	3.56	17.91	16.75	142	
