143
diam	c	r	EConv0	EConv1	EConv2	OConv0	OConv1
6	3	3	2.46	3.80	3.74	1.73	1.40	44	
6	3	8	1.31	1.74	1.88	-0.25	0.97	45	
6	3	13	3.48	2.82	1.94	-0.69	-0.10	46	
6	3	18	4.06	3.07	2.50	-1.12	-0.13	47	
6	3	23	3.93	2.55	1.70	-0.47	-0.34	48	
6	3	28	5.42	3.66	4.95	-1.04	-1.42	49	
6	3	33	2.82	4.68	2.61	-2.03	-3.05	50	
6	3	38	8.51	12.38	2.73	-7.51	-4.56	51	
6	3	43	5.43	-6.31	28.56	17.14	-14.18	52	
6	7	3	5.06	2.91	2.56	-0.47	1.04	53	
6	7	8	4.17	5.06	4.81	2.35	1.38	54	
6	7	13	3.07	3.69	5.50	0.48	0.81	55	
6	7	18	2.95	3.11	4.05	-1.41	1.35	56	
6	7	23	3.52	4.36	5.22	-0.02	0.44	57	
6	7	28	5.81	8.83	2.14	-6.45	-1.48	58	
6	7	33	-11.57	-10.37	5.14	2.27	-20.65	59	
6	7	38	6.63	1.85	0.78	-57.02	-46.84	60	
6	7	43	28.07	15.45	-10.40	58.57	19.06	61	
6	11	3	3.52	2.56	3.12	1.33	0.91	62	
6	11	8	3.39	3.32	2.37	-1.27	1.89	63	
6	11	13	3.10	3.52	2.06	0.16	-0.57	64	
6	11	18	3.07	2.78	3.16	0.33	-0.47	65	
6	11	23	2.47	3.98	2.71	-0.60	-2.89	66	
6	11	28	6.22	13.18	1.48	-29.35	-21.06	67	
6	11	33	17.37	32.63	0.94	-22.07	-29.70	68	
6	11	38	-4.49	-20.09	6.46	44.20	44.84	69	
6	11	43	4.22	7.29	0.51	3.04	4.71	70	
6	15	3	3.15	4.50	2.25	-0.47	-0.60	71	
6	15	8	3.74	3.36	4.05	-0.84	-2.12	72	
6	15	13	3.35	3.47	3.47	-0.77	-0.54	73	
6	15	18	3.69	3.01	3.38	0.07	-0.77	74	
6	15	23	7.59	12.38	1.98	-6.18	-4.18	75	
6	15	28	-0.49	7.75	8.80	-24.52	-23.31	76	
6	15	33	-17.23	-43.85	9.46	33.66	30.45	77	
6	15	38	9.38	15.56	0.49	8.87	7.09	78	
6	15	43	4.19	2.53	2.65	2.28	0.60	79	
6	19	3	2.57	3.52	2.16	-0.14	-0.65	80	
6	19	8	4.26	3.29	3.67	-2.05	0.89	81	
6	19	13	3.88	2.78	3.15	0.05	-1.62	82	
6	19	18	3.34	3.44	3.68	1.45	-2.39	83	
6	19	23	22.58	28.75	-5.68	-69.84	-37.09	84	
6	19	28	-5.96	-53.80	0.43	32.98	18.40	85	
6	19	33	13.74	27.42	0.70	18.60	17.75	86	
6	19	38	2.71	2.77	2.56	2.47	1.37	87	
6	19	43	4.17	4.23	4.23	0.26	1.33	88	
6	23	3	4.63	2.90	5.21	-0.17	0.81	89	
6	23	8	5.13	4.44	2.94	0.62	-0.32	90	
6	23	13	3.48	3.24	4.00	0.18	2.62	91	
6	23	18	9.47	20.71	-2.35	-15.45	-12.23	92	
6	23	23	-31.37	-70.75	14.40	-11.16	6.58	93	
6	23	28	15.20	37.28	-2.16	23.92	29.09	94	
6	23	33	4.23	5.39	3.47	1.30	0.95	95	
6	23	38	4.27	3.72	4.98	0.00	0.69	96	
6	23	43	3.35	3.21	3.66	1.94	-2.59	97	
6	27	3	2.99	3.78	2.88	-0.66	-1.22	98	
6	27	8	3.86	3.66	3.99	-1.45	-0.31	99	
6	27	13	7.25	13.07	3.73	-0.69	-5.66	100	
6	27	18	-13.79	-34.36	6.94	-39.76	-35.53	101	
6	27	23	12.98	28.53	-3.10	29.31	36.37	102	
6	27	28	4.64	4.90	4.23	-0.61	2.10	103	
6	27	33	4.92	3.25	3.49	-2.45	0.35	104	
6	27	38	5.90	3.34	2.75	2.22	-4.06	105	
6	27	43	5.21	3.30	4.24	4.38	-1.09	106	
6	31	3	3.37	3.12	2.78	-1.89	0.33	107	
6	31	8	5.65	7.26	2.34	-3.62	-4.37	108	
6	31	13	2.74	9.46	4.13	-54.36	-60.95	109	
6	31	18	15.91	15.40	6.70	51.75	43.54	110	
6	31	23	3.78	5.02	4.83	1.31	-1.52	111	
6	31	28	3.40	3.71	3.38	-1.28	-0.16	112	
6	31	33	4.17	4.83	3.70	-1.42	-1.64	113	
6	31	38	-7.26	24.41	3.54	-14.64	-40.22	114	
6	31	43	6.95	4.41	7.42	6.59	-1.34	115	
6	35	3	4.16	5.18	2.99	-1.90	-0.97	116	
6	35	8	11.09	27.03	-3.76	-57.47	-64.10	117	
6	35	13	-17.90	-41.50	9.86	52.03	41.17	118	
6	35	18	10.75	13.21	3.39	8.29	6.08	119	
6	35	23	2.39	3.81	2.36	-0.63	3.09	120	
6	35	28	4.40	2.91	2.75	-0.27	0.46	121	
6	35	33	8.14	14.46	0.80	-25.64	-20.84	122	
6	35	38	-16.03	-23.14	-1.58	0.89	30.88	123	
6	35	43	8.64	8.21	2.42	5.35	2.49	124	
6	39	3	22.06	6.21	2.16	-21.05	-1.96	125	
6	39	8	-14.94	-50.63	-2.43	2.23	60.66	126	
6	39	13	17.28	35.67	-5.89	27.37	26.03	127	
6	39	18	3.37	3.15	2.24	0.68	-0.56	128	
6	39	23	4.10	4.56	4.31	-0.16	-0.19	129	
6	39	28	10.71	22.55	-0.11	-19.87	-20.73	130	
6	39	33	-4.96	-11.96	2.39	12.01	12.64	131	
6	39	38	-3.30	-1.47	7.38	18.41	12.99	132	
6	39	43	2.92	2.70	4.40	0.93	1.45	133	
6	43	3	4.79	2.57	7.11	-2.42	2.39	134	
6	43	8	3.42	11.32	5.04	1.82	7.15	135	
6	43	13	3.93	8.39	2.50	-2.46	-2.89	136	
6	43	18	-3.00	15.49	17.86	-0.43	-24.33	137	
6	43	23	11.18	19.15	0.82	-12.53	-11.55	138	
6	43	28	-5.38	-30.49	7.28	2.39	11.30	139	
6	43	33	-1.57	-3.75	9.10	-7.00	-19.25	140	
6	43	38	8.34	13.89	1.84	12.07	4.70	141	
6	43	43	2.30	4.54	4.41	2.30	-0.66	142	
