143
diam	c	r	EConv0	EConv1	EConv2	OConv0	OConv1
6	3	3	19.98	8.38	12.72	8.39	-43.43	44	
6	3	8	-5.49	-17.51	-9.51	13.34	17.55	45	
6	3	13	8.33	6.05	5.78	1.31	4.80	46	
6	3	18	4.69	4.80	3.19	-2.42	1.26	47	
6	3	23	3.53	5.10	4.23	5.99	-2.32	48	
6	3	28	4.60	6.80	5.44	-0.30	-0.95	49	
6	3	33	5.90	4.11	6.68	-0.93	-0.09	50	
6	3	38	16.46	52.86	7.65	-23.11	-33.86	51	
6	3	43	16.73	-8.50	47.99	30.01	-32.78	52	
6	7	3	1.82	26.32	18.73	3.71	31.67	53	
6	7	8	4.85	8.85	5.23	1.33	4.35	54	
6	7	13	4.99	5.13	4.74	-3.50	0.21	55	
6	7	18	6.46	4.23	4.51	-1.26	2.17	56	
6	7	23	-0.53	5.30	0.91	-0.03	-8.52	57	
6	7	28	6.73	2.59	9.74	3.29	-4.58	58	
6	7	33	20.51	52.17	-0.74	-30.27	-35.19	59	
6	7	38	-22.98	-99.09	-2.26	4.88	-3.36	60	
6	7	43	21.49	32.95	-30.88	59.73	39.01	61	
6	11	3	3.96	5.34	4.80	-0.17	1.62	62	
6	11	8	4.35	3.30	2.97	-0.85	1.07	63	
6	11	13	4.55	2.11	3.78	0.10	2.10	64	
6	11	18	5.31	3.38	5.38	0.05	0.93	65	
6	11	23	4.87	4.65	3.83	-8.33	10.95	66	
6	11	28	20.99	43.45	3.56	-10.64	-31.35	67	
6	11	33	-30.55	-99.93	13.00	-18.74	-21.29	68	
6	11	38	28.22	56.48	-0.64	43.69	45.43	69	
6	11	43	4.35	3.51	4.17	1.26	-0.48	70	
6	15	3	3.64	4.03	4.13	-0.72	0.20	71	
6	15	8	4.59	4.71	3.82	-1.25	1.39	72	
6	15	13	5.14	5.26	5.31	0.91	0.38	73	
6	15	18	1.95	3.45	2.44	-0.16	0.89	74	
6	15	23	18.34	28.78	6.54	-11.01	-7.95	75	
6	15	28	-30.04	-61.45	6.32	-54.28	-51.97	76	
6	15	33	24.98	51.93	-0.54	63.90	55.10	77	
6	15	38	3.43	2.54	4.60	1.13	-1.91	78	
6	15	43	5.01	4.84	3.98	-1.22	0.45	79	
6	19	3	3.94	4.05	4.41	-0.82	0.69	80	
6	19	8	4.07	3.89	3.85	-0.32	0.77	81	
6	19	13	2.97	4.74	2.76	-1.07	0.59	82	
6	19	18	6.37	8.22	6.58	0.35	-0.05	83	
6	19	23	-12.18	-14.71	-8.20	-85.91	-77.76	84	
6	19	28	17.84	23.30	9.02	74.91	80.62	85	
6	19	33	4.81	3.91	-5.47	8.85	2.45	86	
6	19	38	4.46	3.60	6.39	3.92	-5.11	87	
6	19	43	3.63	2.14	3.58	-0.24	-2.21	88	
6	23	3	4.25	4.04	4.93	1.33	0.48	89	
6	23	8	3.90	6.66	5.02	-1.42	-2.54	90	
6	23	13	2.05	5.09	5.25	-1.36	-5.11	91	
6	23	18	32.84	44.06	-3.08	-72.19	-53.21	92	
6	23	23	-22.19	-43.81	5.78	72.60	70.36	93	
6	23	28	5.73	12.25	5.02	1.70	7.92	94	
6	23	33	11.75	44.71	-5.12	-55.70	-61.58	95	
6	23	38	-25.33	-33.91	-57.64	15.89	-91.99	96	
6	23	43	18.43	1.81	31.79	11.99	-10.80	97	
6	27	3	4.58	4.06	4.17	1.38	0.32	98	
6	27	8	5.50	5.06	6.72	-1.86	1.90	99	
6	27	13	21.33	39.10	-4.85	-32.09	-22.70	100	
6	27	18	-32.08	-81.86	21.06	26.51	12.46	101	
6	27	23	15.25	31.38	4.24	13.40	14.13	102	
6	27	28	20.56	43.85	-17.75	-52.63	-49.51	103	
6	27	33	-11.43	-62.75	7.64	34.04	56.60	104	
6	27	38	37.20	50.81	56.35	-20.20	60.84	105	
6	27	43	36.50	12.62	-1.02	68.43	-4.15	106	
6	31	3	4.37	5.24	3.79	1.03	-1.97	107	
6	31	8	3.38	5.05	4.53	1.30	0.07	108	
6	31	13	-31.34	-47.90	5.75	-76.48	-46.78	109	
6	31	18	36.02	47.36	-6.25	51.61	41.02	110	
6	31	23	15.13	31.59	-4.01	-10.12	-16.32	111	
6	31	28	-44.98	-85.41	18.00	-18.27	-5.54	112	
6	31	33	21.37	24.88	7.02	12.71	11.39	113	
6	31	38	29.26	18.93	8.63	-27.29	-1.00	114	
6	31	43	19.55	13.33	0.60	39.11	7.24	115	
6	35	3	2.76	3.27	2.91	0.10	-0.36	116	
6	35	8	23.95	45.43	-1.65	-60.08	-54.82	117	
6	35	13	-45.81	-41.88	-1.69	72.10	38.18	118	
6	35	18	1.02	0.85	2.08	-0.53	-2.95	119	
6	35	23	-16.62	-30.45	6.81	-74.65	-45.92	120	
6	35	28	27.53	48.88	0.46	46.80	43.38	121	
6	35	33	5.44	6.61	3.30	2.81	-2.59	122	
6	35	38	4.72	-1.61	9.19	-32.67	-3.89	123	
6	35	43	13.46	17.50	5.18	7.46	11.38	124	
6	39	3	13.69	13.25	3.97	-3.01	-4.26	125	
6	39	8	-49.75	-69.51	7.58	-42.66	-24.65	126	
6	39	13	26.96	48.96	0.86	35.30	38.35	127	
6	39	18	35.19	42.47	-6.97	-53.69	-27.38	128	
6	39	23	-13.57	-21.25	0.61	72.98	44.01	129	
6	39	28	1.48	2.77	2.57	1.54	-5.32	130	
6	39	33	6.09	9.26	3.08	-1.54	-3.64	131	
6	39	38	-28.41	-27.31	2.66	11.93	-9.10	132	
6	39	43	4.74	3.77	4.51	0.96	1.51	133	
6	43	3	24.31	2.63	13.27	-13.88	0.80	134	
6	43	8	-2.00	31.80	-4.09	60.88	78.49	135	
6	43	13	8.13	7.12	5.18	0.98	1.80	136	
6	43	18	-42.13	-65.42	20.73	-29.53	-17.99	137	
6	43	23	17.05	26.97	3.04	9.65	17.09	138	
6	43	28	3.96	5.13	4.48	0.67	4.27	139	
6	43	33	15.38	15.02	4.88	-37.51	-21.63	140	
6	43	38	15.29	18.48	0.89	28.58	21.43	141	
6	43	43	3.74	2.67	4.08	1.59	0.70	142	
