143
diam	c	r	EConv0	EConv1	EConv2	OConv0	OConv1
6	3	3	0.76	12.84	-10.32	-111.80	-78.90	44	
6	3	8	-25.76	8.37	17.76	73.90	14.43	45	
6	3	13	-18.03	-67.42	10.22	-59.19	-79.44	46	
6	3	18	23.31	55.42	-5.47	73.12	68.02	47	
6	3	23	5.21	4.56	1.91	2.54	5.15	48	
6	3	28	-0.39	0.39	4.01	1.16	1.85	49	
6	3	33	-48.35	-52.30	-29.19	-122.73	13.17	50	
6	3	38	50.31	24.10	5.09	44.08	5.86	51	
6	3	43	3.38	3.41	3.42	1.18	1.02	52	
6	7	3	-42.57	-34.43	-23.84	-63.62	-3.07	53	
6	7	8	-3.31	-26.16	-13.52	18.16	-2.50	54	
6	7	13	7.98	24.43	-1.45	78.77	90.97	55	
6	7	18	5.19	7.20	5.12	3.77	3.04	56	
6	7	23	4.29	2.56	2.31	-2.42	-2.02	57	
6	7	28	4.60	3.63	2.25	1.40	0.60	58	
6	7	33	6.66	5.28	40.99	-35.35	44.92	59	
6	7	38	16.86	16.76	2.29	8.11	-0.27	60	
6	7	43	7.76	2.11	16.85	7.15	-9.40	61	
6	11	3	-19.39	-14.69	-8.48	-116.59	61.35	62	
6	11	8	6.96	16.74	0.90	87.79	95.89	63	
6	11	13	5.08	10.66	1.80	2.03	8.65	64	
6	11	18	5.79	4.94	3.42	2.54	-1.99	65	
6	11	23	4.29	3.13	3.84	1.11	-0.71	66	
6	11	28	4.72	4.08	2.68	-0.51	-1.49	67	
6	11	33	8.86	21.97	3.49	-17.70	-11.98	68	
6	11	38	1.96	2.32	3.65	-79.26	-107.02	69	
6	11	43	53.30	8.39	5.34	60.06	6.24	70	
6	15	3	3.90	5.24	36.37	-11.20	22.80	71	
6	15	8	6.04	15.80	0.61	7.77	8.36	72	
6	15	13	4.39	4.04	3.71	-1.30	3.17	73	
6	15	18	2.94	1.35	4.07	0.98	2.67	74	
6	15	23	4.74	3.77	3.62	-0.55	0.02	75	
6	15	28	13.54	36.21	7.88	-11.14	-22.73	76	
6	15	33	-7.77	-31.91	2.01	-70.64	-100.33	77	
6	15	38	-12.67	-37.86	-6.05	67.09	106.29	78	
6	15	43	10.77	14.66	2.17	8.76	0.50	79	
6	19	3	1.45	1.82	3.73	0.15	1.47	80	
6	19	8	2.85	4.88	2.09	-0.75	5.73	81	
6	19	13	3.79	4.07	3.43	-2.81	0.62	82	
6	19	18	0.96	0.51	-0.26	0.61	3.76	83	
6	19	23	15.23	50.66	2.65	-27.88	-43.77	84	
6	19	28	-22.31	-66.65	-0.41	-58.13	-83.00	85	
6	19	33	9.08	-0.30	7.65	68.43	113.06	86	
6	19	38	14.23	23.99	1.06	8.63	8.98	87	
6	19	43	3.18	7.25	5.27	4.43	0.66	88	
6	23	3	2.22	6.14	2.93	-0.14	-2.27	89	
6	23	8	2.07	1.30	3.14	-2.36	-2.71	90	
6	23	13	4.28	8.15	3.46	-2.69	-5.19	91	
6	23	18	20.54	64.80	8.45	-57.01	-72.24	92	
6	23	23	-23.56	-102.64	-8.96	-19.04	-40.84	93	
6	23	28	11.41	42.59	-1.54	66.37	108.78	94	
6	23	33	14.79	8.73	3.16	-8.43	2.98	95	
6	23	38	12.51	5.91	7.33	2.07	-1.65	96	
6	23	43	4.81	6.19	3.00	2.15	0.78	97	
6	27	3	4.27	5.13	3.97	-1.56	0.46	98	
6	27	8	7.72	32.80	2.25	-7.80	-18.00	99	
6	27	13	8.81	35.51	14.38	-64.78	-111.37	100	
6	27	18	-22.84	-103.82	-3.08	8.70	15.96	101	
6	27	23	15.10	61.76	9.80	54.78	80.98	102	
6	27	28	6.26	-1.03	5.57	-2.20	2.05	103	
6	27	33	6.47	5.97	-2.17	-7.81	-4.77	104	
6	27	38	6.40	2.34	4.59	1.23	-2.14	105	
6	27	43	4.89	4.79	3.77	2.78	0.51	106	
6	31	3	25.14	27.31	1.27	-20.83	-7.08	107	
6	31	8	-8.52	-44.98	-5.68	-60.82	-99.59	108	
6	31	13	-15.87	-69.69	-0.90	52.20	72.74	109	
6	31	18	12.30	62.88	1.94	31.32	56.05	110	
6	31	23	3.64	3.29	3.83	4.35	-0.30	111	
6	31	28	3.62	4.66	1.86	0.35	-3.82	112	
6	31	33	8.58	8.92	6.25	-7.31	-1.76	113	
6	31	38	7.30	5.98	5.66	4.42	-2.83	114	
6	31	43	4.74	2.19	4.94	1.04	-3.04	115	
6	35	3	51.85	-7.91	22.52	-59.96	12.25	116	
6	35	8	-5.06	-12.68	-0.52	51.68	125.69	117	
6	35	13	14.32	49.30	4.48	19.21	34.23	118	
6	35	18	1.99	0.47	3.00	-0.62	3.65	119	
6	35	23	3.62	3.72	1.61	1.68	2.29	120	
6	35	28	3.18	2.53	2.77	0.37	0.69	121	
6	35	33	7.07	4.39	6.45	-11.31	2.69	122	
6	35	38	6.05	3.79	1.83	2.31	4.25	123	
6	35	43	4.69	4.47	2.92	-0.63	-1.37	124	
6	39	3	2.46	3.85	5.93	1.92	-0.43	125	
6	39	8	2.41	10.27	4.34	-2.00	5.08	126	
6	39	13	4.13	7.56	5.61	0.96	2.86	127	
6	39	18	2.59	3.75	2.73	-0.66	4.24	128	
6	39	23	3.97	5.40	5.65	-0.44	3.42	129	
6	39	28	4.01	5.16	3.14	-3.15	1.54	130	
6	39	33	10.61	-0.72	8.25	-9.63	7.88	131	
6	39	38	9.48	7.50	4.05	1.88	1.31	132	
6	39	43	3.57	3.81	3.04	0.62	1.77	133	
6	43	3	3.50	3.00	3.08	2.85	1.94	134	
6	43	8	3.28	4.11	1.63	-0.18	-1.14	135	
6	43	13	1.48	3.28	3.73	2.10	1.66	136	
6	43	18	3.35	3.24	5.16	-1.16	-0.84	137	
6	43	23	3.48	3.89	2.58	-0.24	1.67	138	
6	43	28	3.16	1.66	5.36	0.06	2.90	139	
6	43	33	8.89	5.16	0.37	-10.86	-1.14	140	
6	43	38	8.76	4.95	6.68	0.81	0.97	141	
6	43	43	3.70	3.89	5.53	0.21	0.61	142	
