143
diam	c	r	EConv0	EConv1	EConv2	OConv0	OConv1
6	3	3	3.78	3.54	4.39	-1.79	0.06	44	
6	3	8	3.23	3.30	3.81	-1.82	0.49	45	
6	3	13	5.39	4.09	4.09	-0.68	-0.15	46	
6	3	18	4.12	3.86	3.45	2.20	-0.25	47	
6	3	23	3.23	3.16	3.59	-2.72	0.92	48	
6	3	28	4.46	4.10	4.21	1.10	1.07	49	
6	3	33	2.79	5.28	2.62	2.09	-2.49	50	
6	3	38	6.32	6.07	5.63	-5.38	-7.15	51	
6	3	43	2.31	-0.60	4.74	4.20	1.62	52	
6	7	3	4.08	4.00	4.07	-0.79	-2.55	53	
6	7	8	2.91	3.62	3.47	-1.33	-2.31	54	
6	7	13	4.35	3.77	4.00	0.08	-2.08	55	
6	7	18	3.74	4.20	3.98	1.31	-1.60	56	
6	7	23	3.78	3.54	4.09	-1.70	-0.77	57	
6	7	28	4.99	4.73	3.53	-1.04	-1.95	58	
6	7	33	2.47	-0.51	2.29	1.17	0.58	59	
6	7	38	1.51	-1.92	0.07	1.15	7.19	60	
6	7	43	3.51	13.08	4.05	-1.42	-1.92	61	
6	11	3	3.99	3.11	2.87	-0.84	-1.48	62	
6	11	8	2.99	2.68	3.15	-1.34	-0.59	63	
6	11	13	2.93	2.45	3.34	1.36	-1.25	64	
6	11	18	2.64	2.86	2.26	-0.01	-0.76	65	
6	11	23	3.94	2.35	3.83	1.04	1.04	66	
6	11	28	3.32	2.70	2.64	-1.13	3.13	67	
6	11	33	2.47	6.06	5.50	5.92	0.95	68	
6	11	38	8.39	18.51	4.72	-13.60	-10.75	69	
6	11	43	-9.35	-2.41	1.07	-12.15	-35.73	70	
6	15	3	3.53	3.32	3.74	-1.12	1.14	71	
6	15	8	4.14	3.54	3.95	-0.90	2.26	72	
6	15	13	2.22	2.79	3.13	2.30	2.14	73	
6	15	18	2.49	3.33	2.55	-0.95	2.28	74	
6	15	23	3.51	2.94	4.97	4.56	3.02	75	
6	15	28	6.28	6.85	2.84	-5.68	2.76	76	
6	15	33	1.11	9.86	-0.81	-8.03	-20.46	77	
6	15	38	1.21	-6.55	1.51	-23.97	-32.44	78	
6	15	43	-10.89	-17.44	-2.45	13.79	15.57	79	
6	19	3	4.85	6.01	3.04	-3.85	1.16	80	
6	19	8	3.11	1.98	2.14	-2.12	1.75	81	
6	19	13	5.34	5.29	6.25	2.16	4.96	82	
6	19	18	3.92	3.06	6.02	-0.69	1.05	83	
6	19	23	0.03	2.70	-2.59	2.62	-4.53	84	
6	19	28	7.77	11.58	2.61	-20.41	-20.58	85	
6	19	33	-17.09	-17.67	-4.14	-4.29	-22.41	86	
6	19	38	-2.99	-6.30	11.99	13.68	32.44	87	
6	19	43	-1.75	16.90	2.58	10.77	26.34	88	
6	23	3	-0.60	1.11	2.33	-6.35	-0.23	89	
6	23	8	2.31	4.67	3.82	1.08	0.14	90	
6	23	13	2.14	3.75	3.42	5.45	0.35	91	
6	23	18	-3.38	2.71	-1.63	3.42	-0.40	92	
6	23	23	-0.35	14.62	3.02	-17.61	-18.71	93	
6	23	28	-2.92	-12.54	3.68	-19.08	-13.72	94	
6	23	33	-8.14	-5.90	-2.70	17.59	33.90	95	
6	23	38	6.20	12.10	2.44	14.34	14.39	96	
6	23	43	-0.22	3.05	2.52	-1.37	0.93	97	
6	27	3	0.66	1.95	4.23	-0.10	1.61	98	
6	27	8	0.30	0.87	2.83	-0.76	-0.08	99	
6	27	13	5.92	14.48	-2.61	-5.16	-3.42	100	
6	27	18	10.52	21.62	16.51	-18.95	-38.42	101	
6	27	23	-10.98	-26.32	-1.12	0.90	-15.70	102	
6	27	28	-0.35	-3.65	3.44	19.04	29.94	103	
6	27	33	8.16	21.20	5.67	-1.05	13.59	104	
6	27	38	5.92	4.93	5.08	2.11	-5.39	105	
6	27	43	1.70	0.71	3.34	3.15	0.91	106	
6	31	3	2.99	3.74	1.37	-1.60	-1.14	107	
6	31	8	5.07	7.23	5.01	4.88	0.69	108	
6	31	13	0.88	2.64	-2.20	-36.79	-44.97	109	
6	31	18	-11.71	-29.44	0.80	15.65	-16.40	110	
6	31	23	0.77	6.88	-4.07	21.92	40.32	111	
6	31	28	7.37	13.91	3.96	7.44	1.73	112	
6	31	33	5.16	-3.15	5.44	-8.24	-5.83	113	
6	31	38	6.47	4.73	2.98	2.25	2.81	114	
6	31	43	5.02	6.43	3.78	1.73	-0.22	115	
6	35	3	5.02	1.45	5.29	-0.51	2.51	116	
6	35	8	19.63	16.24	-1.15	-21.68	-9.84	117	
6	35	13	-13.54	-21.73	3.65	-12.31	-1.01	118	
6	35	18	2.73	9.29	-3.14	40.93	54.33	119	
6	35	23	12.00	10.98	11.62	-1.76	-2.94	120	
6	35	28	4.66	1.78	4.89	2.92	2.84	121	
6	35	33	1.86	4.71	1.63	1.61	-0.26	122	
6	35	38	4.12	4.41	3.99	-2.42	-2.47	123	
6	35	43	4.14	2.77	2.63	-1.64	-3.86	124	
6	39	3	4.09	6.22	3.47	2.96	-0.98	125	
6	39	8	7.91	-4.86	9.06	-26.01	2.80	126	
6	39	13	-14.01	-7.09	-7.94	21.67	45.53	127	
6	39	18	11.90	14.72	2.48	6.54	6.18	128	
6	39	23	-0.28	2.10	1.06	-0.94	-2.61	129	
6	39	28	4.63	4.69	2.77	1.35	-0.62	130	
6	39	33	2.53	3.47	4.56	0.52	0.37	131	
6	39	38	3.83	3.58	3.32	-1.95	-0.24	132	
6	39	43	3.74	3.75	4.43	0.48	1.31	133	
6	43	3	7.79	3.00	3.89	-2.20	3.37	134	
6	43	8	-2.10	-0.87	6.79	3.20	5.06	135	
6	43	13	4.65	19.29	7.71	-0.67	1.28	136	
6	43	18	3.06	-0.51	7.46	3.71	-6.53	137	
6	43	23	-0.32	4.14	1.75	-3.95	2.20	138	
6	43	28	4.29	3.61	3.40	0.11	-1.08	139	
6	43	33	2.62	3.15	3.31	0.91	-1.24	140	
6	43	38	4.06	3.24	3.95	-1.59	1.18	141	
6	43	43	3.62	3.37	3.26	0.42	1.20	142	
