143
diam	c	r	EConv0	EConv1	EConv2	OConv0	OConv1
6	3	3	4.86	2.97	6.10	-0.55	0.27	44	
6	3	8	11.37	-1.19	11.19	-16.20	12.66	45	
6	3	13	-15.70	-7.63	-5.58	8.33	61.97	46	
6	3	18	10.98	22.45	0.01	16.47	17.48	47	
6	3	23	2.59	4.73	1.32	-1.95	-2.40	48	
6	3	28	11.48	19.48	0.99	-31.90	-26.43	49	
6	3	33	-1.05	-0.17	0.72	49.96	27.38	50	
6	3	38	7.78	18.98	-3.71	-47.56	-40.20	51	
6	3	43	20.17	-8.31	22.39	45.85	-23.20	52	
6	7	3	3.44	3.12	1.85	1.51	-1.44	53	
6	7	8	1.09	3.91	4.09	1.84	-0.71	54	
6	7	13	2.14	14.51	11.52	2.28	1.59	55	
6	7	18	-4.35	-3.35	1.80	-3.44	0.02	56	
6	7	23	3.32	4.03	1.70	-9.04	-2.84	57	
6	7	28	-33.51	-34.17	-3.45	-21.85	-8.98	58	
6	7	33	28.83	40.84	-1.58	-10.25	-4.15	59	
6	7	38	-11.14	-25.82	4.16	-42.35	-25.52	60	
6	7	43	22.82	9.86	-8.67	70.31	14.34	61	
6	11	3	2.82	3.69	2.25	-1.68	2.08	62	
6	11	8	4.04	2.82	3.54	-0.73	0.49	63	
6	11	13	5.62	3.73	2.84	0.50	0.41	64	
6	11	18	5.60	3.94	2.96	3.04	0.27	65	
6	11	23	16.66	6.35	3.11	-23.72	1.54	66	
6	11	28	-6.17	5.55	-2.38	22.26	40.09	67	
6	11	33	0.98	1.63	12.43	-50.67	-51.78	68	
6	11	38	-17.52	-27.85	3.10	35.27	28.13	69	
6	11	43	13.84	19.38	-0.12	14.38	11.07	70	
6	15	3	3.16	2.81	3.54	-1.79	-1.59	71	
6	15	8	2.25	2.19	2.99	0.95	-0.59	72	
6	15	13	2.02	2.95	3.05	-0.57	-1.22	73	
6	15	18	3.22	1.23	1.32	-0.62	1.66	74	
6	15	23	2.72	2.51	7.29	-2.07	2.66	75	
6	15	28	17.11	29.83	-4.02	-52.09	-59.12	76	
6	15	33	-11.03	-32.79	3.52	10.20	4.84	77	
6	15	38	13.26	17.28	-1.90	45.16	39.66	78	
6	15	43	-8.37	17.50	-3.95	-15.03	-36.75	79	
6	19	3	2.57	2.85	3.45	-0.75	2.79	80	
6	19	8	2.84	2.92	1.94	-0.48	2.89	81	
6	19	13	1.62	1.27	0.16	-1.16	2.03	82	
6	19	18	5.12	5.25	2.89	1.63	-3.16	83	
6	19	23	10.62	25.10	-2.02	-33.63	-40.07	84	
6	19	28	-21.15	-41.10	11.17	-19.82	-12.00	85	
6	19	33	1.65	10.73	0.45	45.60	55.69	86	
6	19	38	8.41	11.27	3.03	8.66	1.44	87	
6	19	43	-27.11	-16.77	-25.09	-57.07	-7.86	88	
6	23	3	2.49	3.49	2.98	-0.17	-1.41	89	
6	23	8	3.29	3.59	2.95	-0.85	-1.72	90	
6	23	13	4.88	5.80	4.49	-4.17	-2.38	91	
6	23	18	9.99	24.14	-1.53	-19.11	-26.03	92	
6	23	23	-15.64	-29.14	5.80	-38.67	-33.11	93	
6	23	28	-0.51	-6.25	0.80	56.69	57.66	94	
6	23	33	14.97	16.96	4.03	8.94	6.95	95	
6	23	38	5.32	5.55	2.54	1.83	0.92	96	
6	23	43	-2.61	-9.75	22.00	-21.64	48.35	97	
6	27	3	1.38	2.74	2.39	-3.18	0.11	98	
6	27	8	2.80	2.45	4.06	0.95	-2.37	99	
6	27	13	10.41	18.94	2.38	-14.13	-9.04	100	
6	27	18	-1.40	-10.37	2.31	-53.71	-42.32	101	
6	27	23	-2.15	-18.63	3.94	39.46	46.28	102	
6	27	28	13.37	22.89	1.07	21.69	10.97	103	
6	27	33	2.12	2.72	3.12	-2.74	0.42	104	
6	27	38	2.28	0.42	0.62	-0.74	2.27	105	
6	27	43	4.79	5.77	2.99	4.47	-0.08	106	
6	31	3	4.97	3.42	4.92	-0.30	-1.42	107	
6	31	8	9.05	14.88	0.21	-8.18	-6.54	108	
6	31	13	-0.07	0.40	0.22	-46.34	-66.17	109	
6	31	18	-13.97	-33.31	9.85	19.54	13.93	110	
6	31	23	11.52	20.49	-0.40	37.63	21.15	111	
6	31	28	-0.43	3.07	1.64	-1.08	1.08	112	
6	31	33	2.22	2.87	2.38	-1.18	-0.55	113	
6	31	38	4.13	3.48	4.61	1.67	-0.78	114	
6	31	43	2.96	2.72	2.52	0.49	-0.05	115	
6	35	3	1.28	3.22	1.31	-1.74	-0.77	116	
6	35	8	10.44	20.29	-8.02	-58.30	-34.26	117	
6	35	13	-11.03	-32.47	7.21	2.24	13.39	118	
6	35	18	1.78	6.17	-7.56	54.89	46.96	119	
6	35	23	5.43	9.62	4.08	2.30	6.91	120	
6	35	28	3.57	3.75	4.58	1.60	-0.61	121	
6	35	33	2.17	1.64	3.43	-2.38	1.38	122	
6	35	38	2.56	2.45	0.56	0.18	1.33	123	
6	35	43	3.52	3.62	3.46	2.19	0.34	124	
6	39	3	1.60	1.44	2.18	-2.97	-0.07	125	
6	39	8	-13.24	-26.30	-7.74	-78.50	14.90	126	
6	39	13	6.87	6.84	-4.81	42.83	60.70	127	
6	39	18	9.84	20.73	1.47	9.78	11.35	128	
6	39	23	2.06	1.62	0.39	-0.12	0.25	129	
6	39	28	3.00	3.37	1.89	0.38	2.00	130	
6	39	33	2.52	4.63	4.32	1.42	-1.31	131	
6	39	38	1.72	2.10	4.74	-0.20	-0.61	132	
6	39	43	0.85	-0.03	0.13	0.09	-2.67	133	
6	43	3	7.17	6.71	7.79	-2.45	-4.18	134	
6	43	8	-2.19	2.70	30.65	-5.80	31.36	135	
6	43	13	4.22	24.48	9.88	2.88	3.50	136	
6	43	18	-0.08	10.42	10.09	-7.11	-9.23	137	
6	43	23	2.84	11.00	10.71	-1.78	-11.43	138	
6	43	28	5.26	6.37	10.86	3.65	-3.74	139	
6	43	33	2.78	7.81	6.24	-2.10	-3.98	140	
6	43	38	3.56	4.19	5.79	6.72	-0.78	141	
6	43	43	0.39	7.06	5.56	0.90	-0.76	142	
