143
diam	c	r	EConv0	EConv1	EConv2	OConv0	OConv1
6	3	3	0.92	2.31	1.74	4.34	-0.63	44	
6	3	8	1.61	1.90	1.93	-1.66	-1.49	45	
6	3	13	2.21	3.36	0.69	-2.25	-3.02	46	
6	3	18	3.46	1.68	4.30	2.79	-0.65	47	
6	3	23	0.42	1.97	2.19	-0.59	-0.67	48	
6	3	28	2.37	2.26	-0.34	-6.95	-2.95	49	
6	3	33	5.79	2.15	4.16	3.35	-3.40	50	
6	3	38	8.47	14.36	6.91	-0.92	-3.90	51	
6	3	43	7.70	0.18	9.26	0.17	-0.86	52	
6	7	3	1.24	2.95	2.22	2.92	1.82	53	
6	7	8	1.64	2.93	1.70	-2.86	0.55	54	
6	7	13	1.79	0.16	4.18	0.13	2.28	55	
6	7	18	3.92	5.33	1.68	1.06	-0.84	56	
6	7	23	2.61	2.19	2.99	0.41	0.91	57	
6	7	28	3.13	0.09	5.14	-2.77	5.34	58	
6	7	33	2.88	9.36	-1.68	-3.16	-3.16	59	
6	7	38	-16.79	-0.54	-4.89	-23.33	-51.41	60	
6	7	43	16.40	5.96	4.64	17.20	-1.60	61	
6	11	3	2.63	3.01	1.79	0.93	-1.24	62	
6	11	8	2.95	2.46	3.43	-0.65	-1.19	63	
6	11	13	3.84	4.63	3.79	1.50	-1.37	64	
6	11	18	-0.99	3.99	-6.18	-10.00	-6.47	65	
6	11	23	4.99	-1.01	7.34	6.33	-1.63	66	
6	11	28	3.47	8.00	0.69	-2.31	-3.85	67	
6	11	33	3.86	19.08	-0.73	-41.55	-49.13	68	
6	11	38	-24.20	-36.85	3.87	29.63	24.26	69	
6	11	43	8.66	8.87	2.37	4.74	0.15	70	
6	15	3	2.83	2.32	1.93	-0.48	0.02	71	
6	15	8	3.25	2.46	2.77	-0.54	-1.36	72	
6	15	13	5.57	4.37	2.91	0.47	1.06	73	
6	15	18	8.84	-4.49	3.87	-22.04	9.26	74	
6	15	23	17.11	12.40	0.38	14.76	1.87	75	
6	15	28	3.67	18.39	-4.89	-38.05	-51.51	76	
6	15	33	-16.32	-44.14	12.55	1.27	5.08	77	
6	15	38	16.72	27.64	1.75	32.58	28.02	78	
6	15	43	0.98	1.68	2.97	3.88	3.10	79	
6	19	3	3.13	3.31	3.28	-1.78	1.07	80	
6	19	8	2.24	2.59	3.24	-0.91	0.20	81	
6	19	13	2.43	3.18	3.37	1.54	-1.24	82	
6	19	18	4.48	9.26	8.81	3.74	-10.04	83	
6	19	23	4.91	18.98	2.37	-33.94	-51.53	84	
6	19	28	-11.82	-34.30	11.54	-15.78	-10.92	85	
6	19	33	7.69	13.39	1.57	51.44	44.15	86	
6	19	38	3.27	6.28	1.48	1.85	3.80	87	
6	19	43	1.75	1.44	3.06	1.69	0.28	88	
6	23	3	2.42	1.94	3.15	0.02	-3.53	89	
6	23	8	3.78	4.01	1.82	-1.40	2.31	90	
6	23	13	3.95	4.00	0.43	1.73	1.28	91	
6	23	18	3.95	16.33	-1.82	-50.68	-52.79	92	
6	23	23	-7.56	-34.80	-3.33	-4.23	-21.19	93	
6	23	28	0.69	-2.99	-3.39	47.78	50.75	94	
6	23	33	7.44	15.15	-2.04	10.04	11.28	95	
6	23	38	1.94	1.94	2.20	-0.40	-0.00	96	
6	23	43	3.09	3.70	2.53	2.38	0.08	97	
6	27	3	3.40	3.92	2.79	0.27	3.34	98	
6	27	8	2.44	1.30	4.28	0.53	-2.51	99	
6	27	13	18.71	27.21	0.07	-35.03	-27.16	100	
6	27	18	-17.01	-27.51	-0.12	-10.58	-0.93	101	
6	27	23	1.07	-0.67	6.89	46.66	65.63	102	
6	27	28	6.59	21.99	0.33	6.73	13.67	103	
6	27	33	1.67	-0.29	2.89	-0.77	-2.58	104	
6	27	38	3.01	2.18	3.94	1.68	0.36	105	
6	27	43	2.85	3.37	2.45	0.82	-0.29	106	
6	31	3	3.53	2.71	2.08	-2.23	-0.04	107	
6	31	8	10.85	15.19	1.06	-10.73	-7.30	108	
6	31	13	-12.93	-28.60	7.36	-31.32	-33.76	109	
6	31	18	2.49	1.80	6.90	33.75	54.35	110	
6	31	23	11.41	18.60	3.11	8.31	8.10	111	
6	31	28	4.18	-0.37	3.65	-0.31	0.03	112	
6	31	33	3.60	1.92	1.11	1.38	2.82	113	
6	31	38	2.80	3.74	1.46	1.23	0.94	114	
6	31	43	3.07	2.93	4.14	-0.12	-1.05	115	
6	35	3	1.81	-0.18	1.47	-2.65	1.06	116	
6	35	8	11.64	9.34	-10.16	-59.68	-23.91	117	
6	35	13	-6.78	-17.58	2.72	47.09	44.28	118	
6	35	18	8.73	14.92	2.29	4.34	9.95	119	
6	35	23	3.97	4.12	0.32	1.22	1.71	120	
6	35	28	1.70	2.64	1.84	-0.86	-0.95	121	
6	35	33	3.21	2.83	2.96	1.10	-1.83	122	
6	35	38	3.73	2.29	2.83	-1.39	0.12	123	
6	35	43	2.77	3.02	2.17	2.18	0.71	124	
6	39	3	-2.16	2.47	1.89	4.73	-2.16	125	
6	39	8	-16.81	-18.41	14.10	-21.26	33.28	126	
6	39	13	9.83	27.85	2.13	9.63	19.53	127	
6	39	18	2.07	2.71	3.16	3.33	-1.09	128	
6	39	23	3.53	0.61	3.26	0.07	1.13	129	
6	39	28	2.14	2.93	2.39	-1.16	1.26	130	
6	39	33	3.11	3.83	2.18	-1.00	-0.83	131	
6	39	38	4.42	2.80	4.41	1.61	0.06	132	
6	39	43	3.35	3.02	3.17	1.39	0.51	133	
6	43	3	2.34	2.29	3.39	-3.51	2.97	134	
6	43	8	4.01	5.16	4.42	-0.56	-0.04	135	
6	43	13	2.91	-0.60	3.59	-1.37	-1.64	136	
6	43	18	0.26	3.11	-0.18	1.48	2.00	137	
6	43	23	3.63	2.76	4.91	-0.33	-1.06	138	
6	43	28	2.34	2.60	3.17	-1.56	3.36	139	
6	43	33	3.76	3.54	2.74	-2.93	2.91	140	
6	43	38	3.40	3.03	2.40	2.53	-1.57	141	
6	43	43	2.46	2.64	2.66	0.94	-1.11	142	
