143
diam	c	r	EConv0	EConv1	EConv2	OConv0	OConv1
6	3	3	3.82	4.37	2.30	-0.66	1.35	44	
6	3	8	1.88	3.15	2.58	-0.88	1.24	45	
6	3	13	4.68	3.08	6.25	-1.65	-1.52	46	
6	3	18	1.37	1.42	1.12	0.98	1.12	47	
6	3	23	1.17	2.40	0.68	-0.17	0.82	48	
6	3	28	3.09	1.33	4.05	-0.64	-1.09	49	
6	3	33	3.41	3.75	2.72	1.27	0.17	50	
6	3	38	-0.15	6.04	6.74	-2.05	-1.42	51	
6	3	43	2.96	3.97	3.78	1.87	0.33	52	
6	7	3	3.68	3.16	4.50	-1.66	0.30	53	
6	7	8	3.43	2.99	3.45	-0.35	0.49	54	
6	7	13	3.34	5.21	4.30	1.14	-0.02	55	
6	7	18	3.00	2.96	2.47	-0.37	1.38	56	
6	7	23	2.01	2.46	2.94	-0.46	-3.49	57	
6	7	28	4.22	4.69	3.47	0.00	-1.16	58	
6	7	33	4.78	0.85	3.80	-1.40	0.57	59	
6	7	38	-10.96	-6.05	-16.44	5.01	4.09	60	
6	7	43	7.40	1.12	15.92	10.14	-4.80	61	
6	11	3	3.06	4.17	4.86	0.48	-0.96	62	
6	11	8	3.54	5.05	4.84	0.09	-0.84	63	
6	11	13	2.31	3.11	2.31	-0.11	1.01	64	
6	11	18	1.94	1.73	2.35	0.99	-1.83	65	
6	11	23	0.81	4.94	4.84	-2.46	-1.05	66	
6	11	28	2.71	4.69	3.25	0.23	-0.59	67	
6	11	33	3.11	5.59	3.76	-1.35	-2.90	68	
6	11	38	-32.33	-58.51	-13.84	-58.98	-66.84	69	
6	11	43	33.38	20.63	-5.60	40.06	9.22	70	
6	15	3	1.58	1.44	2.86	-0.88	0.81	71	
6	15	8	3.39	3.82	2.70	-1.62	0.63	72	
6	15	13	4.78	4.06	4.20	1.60	0.55	73	
6	15	18	2.27	3.62	3.76	0.95	0.83	74	
6	15	23	2.37	3.61	3.68	-4.16	0.94	75	
6	15	28	6.52	3.61	2.85	-2.82	-0.84	76	
6	15	33	14.45	26.11	-2.99	-74.31	-72.40	77	
6	15	38	-8.90	23.00	-6.71	70.71	45.86	78	
6	15	43	-0.02	1.92	0.68	-1.63	1.44	79	
6	19	3	4.86	3.87	4.11	1.67	1.37	80	
6	19	8	3.36	3.46	5.03	-0.66	-0.68	81	
6	19	13	3.74	5.09	2.74	0.63	-0.78	82	
6	19	18	2.23	2.83	2.89	0.80	0.19	83	
6	19	23	2.14	1.47	3.70	-2.89	0.81	84	
6	19	28	27.49	56.79	-2.97	-46.12	-44.71	85	
6	19	33	-12.94	-25.90	11.42	64.93	65.62	86	
6	19	38	-17.85	19.43	13.57	1.68	-10.37	87	
6	19	43	2.74	2.12	1.81	-0.73	0.88	88	
6	23	3	3.62	4.43	3.08	1.37	-1.60	89	
6	23	8	2.43	1.83	3.21	-1.20	1.20	90	
6	23	13	2.17	1.50	2.64	-1.20	-1.48	91	
6	23	18	0.53	3.94	0.01	-3.74	-3.33	92	
6	23	23	16.87	36.12	-0.79	-20.36	-21.97	93	
6	23	28	-39.43	-95.31	20.73	30.82	20.32	94	
6	23	33	10.78	19.03	0.70	3.48	8.31	95	
6	23	38	-16.63	11.83	11.63	2.32	12.56	96	
6	23	43	4.90	2.76	2.55	2.15	-0.82	97	
6	27	3	3.14	1.49	4.52	1.51	0.83	98	
6	27	8	4.47	5.10	2.56	0.04	-0.25	99	
6	27	13	1.82	3.07	5.81	0.65	0.11	100	
6	27	18	5.50	16.67	2.62	-7.71	-5.95	101	
6	27	23	-40.60	-85.49	7.79	-32.93	-31.01	102	
6	27	28	20.81	46.92	-4.61	22.99	23.19	103	
6	27	33	3.56	0.66	3.49	-1.46	-0.24	104	
6	27	38	-22.63	-8.08	-12.26	3.33	20.68	105	
6	27	43	1.46	0.05	2.03	2.35	-0.02	106	
6	31	3	2.81	4.13	1.02	2.19	0.31	107	
6	31	8	3.36	0.28	5.26	-0.16	-0.36	108	
6	31	13	5.05	14.36	1.50	-1.53	-4.37	109	
6	31	18	-20.42	-56.20	6.24	-56.13	-70.96	110	
6	31	23	25.89	53.76	-1.38	43.62	53.67	111	
6	31	28	6.49	1.47	5.53	1.39	-0.24	112	
6	31	33	4.55	4.09	4.13	3.30	-1.01	113	
6	31	38	-19.83	-15.11	-15.60	-2.18	-4.11	114	
6	31	43	5.52	7.93	4.01	0.82	-0.50	115	
6	35	3	5.75	2.36	5.47	1.57	0.63	116	
6	35	8	-7.87	45.39	-9.74	-50.04	-82.61	117	
6	35	13	-7.40	-71.75	9.65	-29.45	-79.82	118	
6	35	18	17.43	46.45	-3.53	57.81	70.48	119	
6	35	23	3.90	4.43	1.66	3.42	-3.88	120	
6	35	28	0.15	1.26	0.75	0.66	-1.91	121	
6	35	33	4.65	4.30	3.70	-1.37	-2.20	122	
6	35	38	-24.82	-14.14	-9.21	1.29	-8.10	123	
6	35	43	-31.40	-2.32	-10.04	-53.83	-69.58	124	
6	39	3	12.54	9.23	3.03	-3.30	-2.93	125	
6	39	8	-53.87	-100.15	-17.08	-16.74	41.77	126	
6	39	13	16.02	68.06	1.82	46.58	76.84	127	
6	39	18	4.23	2.24	2.32	-1.50	-1.57	128	
6	39	23	3.06	3.69	2.70	-1.63	-0.67	129	
6	39	28	1.16	4.46	3.30	-0.17	-0.33	130	
6	39	33	0.51	0.63	2.67	1.32	-0.09	131	
6	39	38	14.13	56.57	-0.02	-55.64	-53.58	132	
6	39	43	-2.99	-7.78	2.44	70.78	68.56	133	
6	43	3	5.51	3.80	4.51	-0.80	1.02	134	
6	43	8	-4.13	33.38	4.12	13.49	28.12	135	
6	43	13	-0.81	-0.50	2.55	-1.77	1.77	136	
6	43	18	10.07	17.89	6.79	-2.57	-1.51	137	
6	43	23	-9.25	4.98	39.72	14.32	-51.25	138	
6	43	28	3.51	1.99	4.05	1.05	3.86	139	
6	43	33	17.52	32.41	-4.19	-17.03	-16.00	140	
6	43	38	-59.75	-77.64	22.97	32.91	21.66	141	
6	43	43	4.01	12.79	-0.10	0.95	2.33	142	
