143
diam	c	r	EConv0	EConv1	EConv2	OConv0	OConv1
6	3	3	0.76	-0.34	0.75	0.32	-3.32	44	
6	3	8	3.46	2.86	5.18	2.67	-2.40	45	
6	3	13	3.92	2.55	4.96	-0.54	-3.32	46	
6	3	18	3.38	2.65	3.27	-1.37	2.14	47	
6	3	23	1.12	3.26	1.03	-1.37	2.27	48	
6	3	28	4.82	2.56	2.66	2.29	-2.19	49	
6	3	33	2.92	3.49	2.34	0.46	-2.81	50	
6	3	38	4.26	3.08	4.31	1.15	-2.66	51	
6	3	43	2.70	2.60	2.96	0.45	-0.61	52	
6	7	3	3.85	4.95	5.04	-2.29	4.94	53	
6	7	8	1.28	2.29	-1.85	2.38	3.53	54	
6	7	13	2.40	1.15	3.08	-0.47	-1.89	55	
6	7	18	3.79	3.34	2.82	1.38	0.62	56	
6	7	23	1.32	1.34	3.55	-2.08	1.88	57	
6	7	28	3.91	4.19	1.98	1.24	1.23	58	
6	7	33	2.37	3.35	3.01	0.24	0.49	59	
6	7	38	14.07	28.27	-3.28	-24.38	-16.66	60	
6	7	43	13.91	-10.14	23.31	29.94	-19.20	61	
6	11	3	2.95	2.78	2.78	-0.02	-0.00	62	
6	11	8	3.67	3.32	2.57	-3.34	-0.86	63	
6	11	13	1.29	3.25	2.06	2.17	-3.98	64	
6	11	18	2.52	1.78	3.90	1.33	-1.90	65	
6	11	23	1.19	2.15	2.60	-0.08	0.82	66	
6	11	28	2.67	3.39	2.54	-1.02	-0.59	67	
6	11	33	4.05	7.02	2.20	-2.59	-4.08	68	
6	11	38	-12.16	-25.57	9.98	-48.38	-32.95	69	
6	11	43	24.21	15.94	-15.24	50.81	16.99	70	
6	15	3	2.88	2.70	3.25	-1.22	0.97	71	
6	15	8	3.14	2.56	3.24	0.17	1.56	72	
6	15	13	2.07	3.73	2.36	-1.67	2.85	73	
6	15	18	2.55	3.28	2.12	2.84	-1.49	74	
6	15	23	1.82	3.42	2.37	-0.42	-0.50	75	
6	15	28	3.06	1.06	3.64	1.20	2.54	76	
6	15	33	18.74	26.31	3.53	-43.93	-34.12	77	
6	15	38	1.39	-1.75	-2.86	52.97	50.14	78	
6	15	43	3.06	3.64	0.29	2.37	2.47	79	
6	19	3	2.80	2.80	2.80	0.21	-0.00	80	
6	19	8	3.64	3.56	3.93	-0.95	0.74	81	
6	19	13	2.73	2.74	2.92	-2.24	0.89	82	
6	19	18	4.35	3.59	1.98	-1.91	0.39	83	
6	19	23	3.22	3.17	4.01	4.02	-2.42	84	
6	19	28	12.11	25.68	5.39	-18.65	-19.95	85	
6	19	33	-35.55	-57.24	6.53	-2.58	2.72	86	
6	19	38	9.28	12.39	-0.66	5.91	7.29	87	
6	19	43	3.58	2.31	3.52	0.01	-1.48	88	
6	23	3	3.36	3.14	3.24	-0.50	1.46	89	
6	23	8	3.80	3.08	2.75	0.90	1.95	90	
6	23	13	1.86	2.15	2.77	-1.17	-0.46	91	
6	23	18	1.59	0.67	2.41	-0.69	1.51	92	
6	23	23	9.05	21.34	-4.15	-16.43	-16.98	93	
6	23	28	-17.90	-52.36	4.97	-13.98	-22.41	94	
6	23	33	13.33	37.57	0.77	31.08	32.59	95	
6	23	38	2.59	-0.21	3.91	0.79	-1.08	96	
6	23	43	3.17	3.00	4.55	-2.69	1.98	97	
6	27	3	4.39	3.20	3.37	-0.23	-1.10	98	
6	27	8	4.14	3.60	2.82	-0.68	-2.18	99	
6	27	13	1.60	1.91	3.46	1.40	0.79	100	
6	27	18	7.87	23.72	-3.22	-12.76	-13.96	101	
6	27	23	-3.95	-24.19	10.92	-41.86	-41.30	102	
6	27	28	12.48	21.67	-6.38	48.84	40.96	103	
6	27	33	2.04	2.72	0.87	5.50	1.56	104	
6	27	38	2.42	2.47	3.06	1.41	-0.12	105	
6	27	43	4.42	4.55	5.58	-0.66	1.50	106	
6	31	3	3.67	3.55	2.73	-0.86	0.33	107	
6	31	8	2.92	2.16	1.93	-2.29	0.37	108	
6	31	13	7.22	22.81	-1.59	-8.83	-13.27	109	
6	31	18	-10.87	-28.99	13.75	-42.01	-49.08	110	
6	31	23	-1.69	2.93	-7.31	36.36	67.64	111	
6	31	28	4.55	9.67	3.46	-0.38	3.66	112	
6	31	33	3.24	1.90	3.58	0.21	-0.34	113	
6	31	38	3.31	3.59	2.65	1.42	0.07	114	
6	31	43	3.66	2.95	3.47	0.95	1.43	115	
6	35	3	3.18	3.06	2.42	-2.45	-0.94	116	
6	35	8	5.08	3.65	3.02	-1.53	-1.50	117	
6	35	13	-15.49	-23.50	-5.95	-52.78	-44.08	118	
6	35	18	3.10	12.28	5.24	49.24	64.90	119	
6	35	23	6.11	4.09	-2.29	1.49	0.75	120	
6	35	28	2.16	2.05	2.41	0.52	-0.99	121	
6	35	33	2.30	3.15	3.69	2.38	1.48	122	
6	35	38	2.56	3.18	2.26	-2.50	0.29	123	
6	35	43	10.81	11.18	3.83	-7.56	-6.85	124	
6	39	3	3.09	2.74	3.41	-3.12	-0.33	125	
6	39	8	5.89	1.52	4.21	-2.97	0.09	126	
6	39	13	-17.74	0.80	8.45	5.55	62.26	127	
6	39	18	7.33	13.76	4.53	0.38	5.86	128	
6	39	23	1.53	0.06	3.50	-0.24	-2.30	129	
6	39	28	2.58	0.94	2.63	-1.38	0.39	130	
6	39	33	4.11	2.80	1.50	3.05	0.43	131	
6	39	38	4.95	4.40	1.89	-2.35	-0.73	132	
6	39	43	-5.32	-6.33	-1.01	-53.67	-48.34	133	
6	43	3	2.75	1.58	2.46	-1.27	-0.02	134	
6	43	8	2.04	3.28	2.82	2.36	1.17	135	
6	43	13	3.78	0.38	-0.41	-2.27	-3.83	136	
6	43	18	4.52	4.52	3.21	-2.61	-1.31	137	
6	43	23	1.81	33.50	25.59	-2.34	-27.81	138	
6	43	28	4.92	1.82	11.47	3.34	-4.73	139	
6	43	33	3.94	2.63	3.83	-1.94	-1.33	140	
6	43	38	12.42	25.14	-3.76	-46.20	-44.84	141	
6	43	43	-11.60	-21.60	12.40	42.44	39.12	142	
