143
diam	c	r	EConv0	EConv1	EConv2	OConv0	OConv1
6	3	3	-1.28	3.09	-0.75	-0.65	0.82	44	
6	3	8	-89.79	-27.49	-13.75	-65.28	-9.09	45	
6	3	13	17.05	43.89	2.20	-53.50	-98.47	46	
6	3	18	-31.59	-69.96	9.37	14.91	14.48	47	
6	3	23	24.75	50.66	-3.46	50.02	11.65	48	
6	3	28	1.99	0.73	4.74	3.20	-4.60	49	
6	3	33	3.98	6.46	6.48	2.38	-2.32	50	
6	3	38	-3.88	1.10	27.27	11.38	-28.75	51	
6	3	43	3.54	2.05	2.72	1.15	1.13	52	
6	7	3	2.40	2.61	4.40	-0.65	4.18	53	
6	7	8	-36.85	-28.59	-32.01	-97.82	25.98	54	
6	7	13	-15.59	-53.17	-0.16	10.76	11.94	55	
6	7	18	22.57	50.57	-5.33	64.78	81.28	56	
6	7	23	-1.30	6.28	-1.23	4.12	18.85	57	
6	7	28	1.88	2.17	-0.50	0.57	-3.71	58	
6	7	33	32.45	57.08	-1.49	-35.47	-39.99	59	
6	7	38	-41.07	-46.55	-5.85	95.29	-42.18	60	
6	7	43	3.30	2.77	3.67	2.46	-3.09	61	
6	11	3	5.57	4.30	2.77	-3.01	3.57	62	
6	11	8	18.26	-1.55	40.74	-35.99	39.92	63	
6	11	13	0.20	57.80	3.47	46.22	83.18	64	
6	11	18	3.82	2.05	5.88	1.76	-2.10	65	
6	11	23	3.89	3.78	4.53	-2.43	3.22	66	
6	11	28	21.22	57.14	2.43	-30.40	-30.52	67	
6	11	33	-29.17	-89.60	7.08	-35.20	-50.79	68	
6	11	38	25.56	56.57	-17.40	73.07	73.80	69	
6	11	43	5.75	5.56	4.87	0.66	1.03	70	
6	15	3	2.26	3.03	3.70	-1.98	-1.85	71	
6	15	8	2.51	2.72	5.38	-2.13	-0.22	72	
6	15	13	2.18	1.85	2.38	-2.54	2.94	73	
6	15	18	1.34	2.29	-0.09	-0.56	0.10	74	
6	15	23	16.08	44.48	-1.57	-25.07	-29.65	75	
6	15	28	-23.65	-65.69	1.68	-56.78	-64.57	76	
6	15	33	1.74	2.15	-5.37	102.82	85.02	77	
6	15	38	0.32	-6.30	-2.78	13.53	-1.02	78	
6	15	43	2.49	2.31	2.62	1.04	1.09	79	
6	19	3	5.91	4.28	4.37	-1.56	-0.15	80	
6	19	8	1.74	5.46	5.14	2.71	-2.68	81	
6	19	13	0.80	1.76	3.59	-3.25	-1.49	82	
6	19	18	13.23	28.62	-3.17	-10.17	-10.58	83	
6	19	23	-22.53	-53.69	1.72	-64.85	-76.73	84	
6	19	28	-19.50	-47.32	1.47	82.94	85.92	85	
6	19	33	12.35	23.48	5.33	7.44	9.63	86	
6	19	38	0.32	-6.70	9.43	16.35	-8.13	87	
6	19	43	4.99	4.60	2.50	0.54	1.50	88	
6	23	3	6.21	2.82	3.45	-0.88	-0.03	89	
6	23	8	1.10	2.88	1.62	-2.28	-2.94	90	
6	23	13	5.69	5.70	2.24	-0.16	0.91	91	
6	23	18	-9.24	-22.86	-0.33	-89.65	-86.62	92	
6	23	23	-25.71	-57.17	7.83	60.10	62.19	93	
6	23	28	23.41	42.22	0.81	18.45	13.18	94	
6	23	33	4.25	5.21	1.16	-0.54	0.31	95	
6	23	38	-1.61	10.04	5.21	14.35	-0.16	96	
6	23	43	2.64	3.11	4.41	0.30	-2.37	97	
6	27	3	3.87	3.42	2.38	-2.51	1.20	98	
6	27	8	-1.53	0.75	0.85	-2.89	1.72	99	
6	27	13	18.24	38.92	-5.32	-79.24	-81.62	100	
6	27	18	-29.13	-64.11	6.11	30.95	26.20	101	
6	27	23	23.84	61.99	-4.24	38.58	48.83	102	
6	27	28	-0.15	3.75	3.72	0.60	0.19	103	
6	27	33	5.41	3.57	6.39	-1.27	1.23	104	
6	27	38	0.60	8.67	0.42	10.21	5.92	105	
6	27	43	2.58	3.16	3.35	1.04	3.06	106	
6	31	3	1.74	1.08	3.04	-0.47	-1.86	107	
6	31	8	30.95	59.95	-4.46	-50.91	-39.93	108	
6	31	13	-24.60	-50.53	7.64	-19.64	-19.79	109	
6	31	18	21.28	47.90	-2.02	80.44	65.32	110	
6	31	23	2.95	1.79	5.62	-2.20	-2.31	111	
6	31	28	1.43	3.59	3.12	-1.65	0.26	112	
6	31	33	5.49	0.23	2.64	-0.48	-0.35	113	
6	31	38	-4.13	-3.38	-6.54	14.36	1.89	114	
6	31	43	3.65	3.19	3.64	0.58	-0.73	115	
6	35	3	1.54	3.03	4.02	1.36	1.12	116	
6	35	8	-39.43	-43.25	-8.05	-97.31	-44.58	117	
6	35	13	-6.33	-16.38	4.03	85.88	87.09	118	
6	35	18	3.40	7.41	-0.71	5.81	4.96	119	
6	35	23	1.00	-0.60	-0.10	-2.56	-3.27	120	
6	35	28	2.33	-0.11	1.55	0.51	-3.36	121	
6	35	33	6.38	3.67	3.59	4.00	-3.48	122	
6	35	38	-7.30	-10.62	-0.45	10.94	-4.08	123	
6	35	43	5.21	3.55	2.94	2.98	0.45	124	
6	39	3	5.42	5.30	0.63	-4.18	-2.37	125	
6	39	8	-55.37	-56.41	-7.60	1.11	84.01	126	
6	39	13	14.50	26.22	1.28	16.30	18.04	127	
6	39	18	4.24	5.21	3.93	1.29	3.49	128	
6	39	23	4.65	2.51	1.90	-2.40	3.44	129	
6	39	28	2.81	1.00	3.19	3.85	3.90	130	
6	39	33	6.51	6.43	6.25	0.51	1.72	131	
6	39	38	1.42	6.79	15.10	12.35	-9.12	132	
6	39	43	4.11	4.13	2.63	-0.28	0.01	133	
6	43	3	4.91	2.70	4.49	-4.52	0.85	134	
6	43	8	7.82	16.54	8.73	4.39	5.34	135	
6	43	13	4.11	5.68	3.69	1.27	0.72	136	
6	43	18	2.99	4.90	5.15	-1.66	-0.42	137	
6	43	23	0.78	1.54	3.00	-2.50	0.92	138	
6	43	28	2.11	4.66	0.50	2.37	2.63	139	
6	43	33	3.17	2.53	3.92	-1.58	0.58	140	
6	43	38	-2.87	17.41	0.06	10.37	11.99	141	
6	43	43	1.57	2.18	1.92	1.56	-0.10	142	
