143
diam	c	r	EConv0	EConv1	EConv2	OConv0	OConv1
6	3	3	4.10	3.05	1.73	-0.87	-0.28	44	
6	3	8	3.96	3.29	3.64	3.16	2.11	45	
6	3	13	0.49	2.17	2.13	-3.42	0.09	46	
6	3	18	3.02	2.27	4.01	-1.87	0.75	47	
6	3	23	4.52	4.06	4.36	2.41	4.40	48	
6	3	28	-2.75	4.47	0.62	1.99	7.89	49	
6	3	33	4.70	4.06	2.74	2.01	-0.56	50	
6	3	38	4.17	2.25	4.53	1.72	3.54	51	
6	3	43	-20.41	-5.10	-5.00	6.43	-23.69	52	
6	7	3	3.09	3.36	4.70	-1.11	1.08	53	
6	7	8	6.94	6.34	3.53	-2.41	-0.04	54	
6	7	13	4.52	2.97	3.94	-0.54	1.67	55	
6	7	18	0.99	1.83	2.99	1.63	0.75	56	
6	7	23	4.32	4.29	2.02	0.21	1.12	57	
6	7	28	2.69	2.92	3.36	-1.42	2.72	58	
6	7	33	4.08	3.18	2.78	0.13	1.03	59	
6	7	38	2.85	1.28	1.30	3.31	1.60	60	
6	7	43	-23.17	-3.05	-9.49	1.57	29.03	61	
6	11	3	2.00	2.30	2.82	1.70	-0.21	62	
6	11	8	2.92	1.52	3.77	-0.76	-1.10	63	
6	11	13	4.58	3.85	3.89	-1.65	-0.51	64	
6	11	18	0.13	3.39	2.28	2.67	-0.87	65	
6	11	23	3.72	3.84	3.63	-3.11	0.02	66	
6	11	28	3.88	4.02	2.88	-2.75	3.18	67	
6	11	33	4.08	3.16	5.11	0.33	-0.53	68	
6	11	38	11.42	28.26	1.86	-18.09	-24.34	69	
6	11	43	-1.19	-3.90	26.01	14.98	-35.18	70	
6	15	3	-0.02	2.50	2.06	0.38	-0.78	71	
6	15	8	3.61	3.37	3.35	0.79	1.51	72	
6	15	13	2.86	1.93	3.11	-3.67	0.38	73	
6	15	18	2.12	4.59	1.37	0.19	2.98	74	
6	15	23	4.31	2.11	7.10	3.32	-0.89	75	
6	15	28	1.80	2.17	8.17	2.37	-3.58	76	
6	15	33	8.84	41.35	0.98	-27.27	-42.16	77	
6	15	38	-5.72	-20.69	4.97	-51.98	-90.73	78	
6	15	43	17.71	-10.30	-6.35	78.53	14.40	79	
6	19	3	-1.53	1.57	1.76	-0.24	0.96	80	
6	19	8	4.32	4.87	4.09	1.13	-0.53	81	
6	19	13	1.11	3.65	1.23	-2.42	-0.87	82	
6	19	18	0.80	-4.75	3.54	3.13	6.87	83	
6	19	23	3.22	14.85	0.08	-1.56	-9.07	84	
6	19	28	2.01	37.32	-5.85	-35.75	-71.46	85	
6	19	33	-10.48	-44.46	-0.31	-42.67	-70.13	86	
6	19	38	-18.86	-40.30	-7.29	32.84	44.76	87	
6	19	43	14.74	22.79	5.79	43.92	3.59	88	
6	23	3	1.81	1.79	2.81	1.41	2.77	89	
6	23	8	2.18	2.59	1.76	-0.49	-0.50	90	
6	23	13	2.96	3.06	4.11	-2.84	0.43	91	
6	23	18	8.64	30.00	-1.38	-13.19	-26.52	92	
6	23	23	1.49	12.79	7.17	-47.05	-92.78	93	
6	23	28	-12.84	-57.70	-0.79	-14.02	-21.08	94	
6	23	33	-6.97	-21.40	-5.58	44.94	93.52	95	
6	23	38	3.49	41.11	4.64	18.32	60.32	96	
6	23	43	-26.17	-9.82	-17.84	19.12	11.31	97	
6	27	3	5.84	6.25	2.97	-1.25	-1.95	98	
6	27	8	0.40	2.29	2.48	-4.46	-4.08	99	
6	27	13	14.87	38.26	3.18	-21.53	-24.53	100	
6	27	18	-0.46	-10.91	5.01	-55.48	-83.74	101	
6	27	23	-13.39	-47.48	-1.05	13.28	18.83	102	
6	27	28	-1.18	10.21	-5.71	60.10	84.60	103	
6	27	33	6.38	24.47	6.11	5.50	14.18	104	
6	27	38	4.20	-1.39	5.57	3.40	-1.62	105	
6	27	43	1.04	11.01	10.14	3.71	0.04	106	
6	31	3	-1.99	0.06	2.24	-2.01	-0.33	107	
6	31	8	-9.31	27.85	-25.13	-57.32	-56.67	108	
6	31	13	-2.44	-33.34	0.88	-46.22	-80.24	109	
6	31	18	-11.96	-46.83	5.00	21.83	24.18	110	
6	31	23	3.76	25.24	1.01	59.06	76.21	111	
6	31	28	5.43	16.83	8.86	-4.18	14.74	112	
6	31	33	1.45	2.06	0.67	3.50	3.50	113	
6	31	38	3.10	5.56	5.67	3.81	-0.41	114	
6	31	43	-20.08	-11.23	-10.52	10.26	-5.02	115	
6	35	3	7.98	6.69	3.86	-1.56	2.16	116	
6	35	8	-27.38	-26.44	-9.43	-92.84	-22.08	117	
6	35	13	-7.83	-26.91	-9.52	7.97	21.18	118	
6	35	18	17.46	28.49	3.16	74.54	72.84	119	
6	35	23	4.29	8.98	2.68	6.48	8.29	120	
6	35	28	3.21	-0.27	0.06	-1.94	0.12	121	
6	35	33	3.70	1.55	2.14	2.05	-0.21	122	
6	35	38	0.48	2.80	-0.12	3.31	1.40	123	
6	35	43	-5.60	7.30	5.83	5.02	6.59	124	
6	39	3	4.48	0.62	3.45	-0.70	-1.59	125	
6	39	8	-33.57	-24.49	12.61	-34.07	79.29	126	
6	39	13	-1.70	28.74	16.64	14.53	89.16	127	
6	39	18	9.65	18.77	4.20	4.88	5.12	128	
6	39	23	9.06	7.54	4.57	2.95	0.71	129	
6	39	28	4.65	1.82	3.39	3.99	2.23	130	
6	39	33	3.57	5.45	-0.08	-1.40	1.14	131	
6	39	38	-1.89	1.44	3.11	6.24	0.47	132	
6	39	43	-19.19	-9.56	-5.91	14.44	-8.87	133	
6	43	3	-0.66	3.60	1.87	-0.15	1.75	134	
6	43	8	0.52	8.16	7.03	3.42	5.55	135	
6	43	13	3.97	6.51	1.72	2.20	-6.95	136	
6	43	18	0.91	2.13	3.59	0.39	3.48	137	
6	43	23	3.85	3.09	1.29	-1.95	-1.47	138	
6	43	28	3.00	6.40	0.37	-1.92	-0.99	139	
6	43	33	3.86	3.69	5.46	-5.88	-1.42	140	
6	43	38	-0.96	1.46	0.56	4.30	-2.28	141	
6	43	43	-4.19	8.60	1.70	5.93	16.50	142	
