143
diam	c	r	EConv0	EConv1	EConv2	OConv0	OConv1
6	3	3	3.31	2.46	2.46	0.91	-0.00	44	
6	3	8	3.43	3.52	2.69	-1.06	-0.92	45	
6	3	13	3.56	2.22	4.20	1.04	0.36	46	
6	3	18	2.89	3.69	2.01	0.34	0.75	47	
6	3	23	2.03	1.56	2.65	-0.70	-3.10	48	
6	3	28	3.65	3.15	3.57	0.13	0.27	49	
6	3	33	2.85	3.66	3.66	0.54	-0.00	50	
6	3	38	4.36	4.67	3.73	-0.50	-0.69	51	
6	3	43	2.81	4.33	3.03	-1.02	-0.33	52	
6	7	3	3.76	3.28	3.43	0.73	-0.12	53	
6	7	8	3.17	2.33	3.64	-0.99	1.05	54	
6	7	13	3.51	4.36	1.86	1.20	0.35	55	
6	7	18	3.95	3.93	3.18	-0.73	-1.85	56	
6	7	23	3.21	4.06	4.36	0.82	0.16	57	
6	7	28	3.50	3.81	2.87	0.28	-0.05	58	
6	7	33	3.00	3.33	1.78	0.11	-1.10	59	
6	7	38	4.32	13.62	1.31	-6.17	-10.25	60	
6	7	43	-4.62	12.07	30.68	3.82	-38.04	61	
6	11	3	2.16	3.04	1.35	0.46	0.54	62	
6	11	8	2.70	2.92	3.04	-0.26	-0.04	63	
6	11	13	2.37	3.12	3.04	-0.77	-0.28	64	
6	11	18	2.83	2.57	3.61	-0.09	0.49	65	
6	11	23	1.14	3.28	2.16	0.03	0.34	66	
6	11	28	6.13	4.68	3.95	-5.27	0.19	67	
6	11	33	0.18	31.65	-13.10	-37.76	-58.86	68	
6	11	38	12.68	-8.80	24.34	-34.37	-81.75	69	
6	11	43	-5.53	-19.17	-16.66	69.79	29.21	70	
6	15	3	2.80	2.58	3.22	-2.46	-1.38	71	
6	15	8	3.33	3.06	2.93	0.20	0.12	72	
6	15	13	1.81	2.33	1.78	-1.11	0.03	73	
6	15	18	1.54	4.36	2.96	0.61	-2.90	74	
6	15	23	2.79	3.28	2.46	-2.88	-1.06	75	
6	15	28	14.80	16.38	0.60	-20.15	-13.11	76	
6	15	33	-16.26	-32.43	5.84	-35.89	-17.85	77	
6	15	38	-11.79	-17.34	-9.76	21.75	31.48	78	
6	15	43	21.58	27.33	3.15	23.71	19.29	79	
6	19	3	2.38	2.60	2.92	-1.88	-0.21	80	
6	19	8	2.98	2.56	3.34	0.04	-0.28	81	
6	19	13	3.27	1.87	3.15	-2.19	-0.01	82	
6	19	18	3.56	3.33	3.65	-0.90	2.44	83	
6	19	23	5.70	30.27	-4.64	-21.75	-29.82	84	
6	19	28	-5.37	-25.79	4.24	-41.52	-72.57	85	
6	19	33	-7.46	-27.29	-4.04	45.53	59.11	86	
6	19	38	3.84	32.20	20.66	8.90	50.22	87	
6	19	43	3.33	4.16	3.18	0.36	-0.18	88	
6	23	3	3.60	2.13	4.01	2.23	0.05	89	
6	23	8	4.53	3.45	4.38	-1.16	0.46	90	
6	23	13	5.65	6.25	3.88	0.54	-2.37	91	
6	23	18	10.74	40.45	1.87	-34.88	-53.84	92	
6	23	23	-6.38	-53.08	6.77	-27.80	-46.01	93	
6	23	28	-5.33	-11.28	-4.89	50.76	72.68	94	
6	23	33	10.53	25.61	3.68	10.22	13.17	95	
6	23	38	2.14	0.99	-1.18	2.93	-5.82	96	
6	23	43	1.48	1.95	1.27	-0.23	1.98	97	
6	27	3	4.84	3.31	3.86	-0.31	-0.84	98	
6	27	8	5.15	4.46	1.10	-1.51	-1.57	99	
6	27	13	13.76	27.41	-2.47	-30.43	-28.23	100	
6	27	18	-16.27	-38.96	7.70	-25.66	-22.40	101	
6	27	23	3.61	5.94	11.29	60.02	63.05	102	
6	27	28	7.03	18.47	5.30	4.22	9.36	103	
6	27	33	6.28	18.16	7.24	-7.69	-12.04	104	
6	27	38	-3.20	14.54	24.90	6.86	-39.95	105	
6	27	43	5.18	3.50	7.42	1.66	-3.69	106	
6	31	3	4.24	3.78	2.08	1.01	0.27	107	
6	31	8	10.33	21.00	-2.00	-14.16	-18.14	108	
6	31	13	-6.50	-24.95	10.29	-51.21	-50.55	109	
6	31	18	-12.89	-24.98	-2.35	38.07	38.91	110	
6	31	23	12.36	22.93	-5.95	15.25	10.72	111	
6	31	28	10.72	35.99	13.60	-27.03	-49.47	112	
6	31	33	-9.75	-42.78	-10.19	-13.99	-44.76	113	
6	31	38	-16.68	-13.77	-25.71	17.48	7.88	114	
6	31	43	9.63	4.68	1.88	11.32	-1.35	115	
6	35	3	2.58	3.65	3.21	-1.48	-1.19	116	
6	35	8	10.50	12.08	-3.00	-73.41	-32.45	117	
6	35	13	-13.77	-34.01	-0.39	31.29	32.74	118	
6	35	18	24.33	56.40	5.99	27.64	31.44	119	
6	35	23	1.66	-15.85	-3.39	-39.59	-61.03	120	
6	35	28	-6.52	-50.48	-12.74	27.37	44.99	121	
6	35	33	7.36	37.24	16.94	16.82	54.47	122	
6	35	38	-41.03	-13.54	3.86	-7.57	10.07	123	
6	35	43	3.89	5.11	3.96	2.55	1.95	124	
6	39	3	3.60	3.75	2.19	-4.24	0.17	125	
6	39	8	-50.09	-41.25	-1.43	-29.73	-1.17	126	
6	39	13	17.26	55.37	5.34	11.97	28.97	127	
6	39	18	-18.98	-60.63	-6.70	-26.83	-37.23	128	
6	39	23	3.71	15.32	4.21	31.01	58.76	129	
6	39	28	6.16	18.86	8.79	2.80	7.25	130	
6	39	33	10.23	13.72	0.03	-11.37	-12.37	131	
6	39	38	-13.47	-11.84	4.51	39.72	10.18	132	
6	39	43	3.75	3.80	2.60	0.25	1.79	133	
6	43	3	1.83	2.66	4.38	-3.99	-0.42	134	
6	43	8	-11.08	20.09	7.94	4.32	50.90	135	
6	43	13	4.22	-2.45	0.36	-56.16	-43.15	136	
6	43	18	22.67	30.98	10.60	43.84	44.37	137	
6	43	23	3.09	3.66	1.21	0.60	1.08	138	
6	43	28	5.55	11.17	1.99	-5.39	-1.82	139	
6	43	33	-1.14	-8.24	8.30	-26.00	-29.37	140	
6	43	38	14.26	20.38	-0.01	26.48	14.52	141	
6	43	43	4.56	3.71	4.16	0.14	-0.14	142	
