143
diam	c	r	EConv0	EConv1	EConv2	OConv0	OConv1
6	3	3	2.97	3.70	2.91	-0.18	0.94	44	
6	3	8	3.34	3.57	3.64	-0.51	-0.45	45	
6	3	13	2.19	3.06	1.11	0.46	-0.53	46	
6	3	18	3.40	1.97	3.26	-1.41	-0.26	47	
6	3	23	3.30	3.49	3.47	0.17	0.14	48	
6	3	28	3.38	2.86	3.63	-0.96	0.26	49	
6	3	33	0.77	2.01	-0.83	2.25	1.47	50	
6	3	38	3.59	6.27	4.70	-1.67	-3.66	51	
6	3	43	0.61	4.69	9.77	2.43	-5.18	52	
6	7	3	3.07	3.46	4.50	-0.44	0.93	53	
6	7	8	3.49	3.60	2.90	-2.24	2.01	54	
6	7	13	3.28	1.87	3.17	-1.90	1.08	55	
6	7	18	3.86	3.85	2.88	-0.26	0.14	56	
6	7	23	1.71	2.66	1.74	-1.57	-1.36	57	
6	7	28	1.89	3.29	2.81	0.33	-0.22	58	
6	7	33	3.93	4.69	2.03	-2.12	-2.38	59	
6	7	38	16.12	30.90	-2.83	-40.40	-40.30	60	
6	7	43	12.93	-21.09	8.60	63.04	-19.77	61	
6	11	3	2.94	2.67	2.72	-0.35	-1.07	62	
6	11	8	3.43	4.55	2.67	-1.29	-2.41	63	
6	11	13	3.45	3.73	4.43	1.97	-1.18	64	
6	11	18	2.90	2.23	3.81	-0.80	-1.77	65	
6	11	23	3.02	3.30	3.66	-0.44	0.60	66	
6	11	28	1.83	2.06	2.60	-1.80	-0.98	67	
6	11	33	13.38	29.76	3.20	-22.26	-23.92	68	
6	11	38	-19.59	-53.67	-0.33	-9.46	7.21	69	
6	11	43	15.89	31.69	-7.17	33.39	25.25	70	
6	15	3	2.58	4.27	2.89	-0.75	-2.30	71	
6	15	8	3.30	2.11	4.04	-3.71	-0.17	72	
6	15	13	3.52	3.15	1.98	2.54	-1.48	73	
6	15	18	2.69	1.83	2.97	0.50	1.27	74	
6	15	23	3.57	3.26	2.28	-0.45	-1.34	75	
6	15	28	9.81	16.23	0.12	-11.47	-10.80	76	
6	15	33	-19.03	-43.76	7.29	-16.85	-22.30	77	
6	15	38	15.99	29.75	5.00	27.41	27.69	78	
6	15	43	4.64	6.82	2.98	1.91	0.09	79	
6	19	3	1.89	2.27	2.09	-3.40	-1.18	80	
6	19	8	3.90	1.82	3.64	1.77	-0.13	81	
6	19	13	1.50	2.36	2.11	-0.78	-0.76	82	
6	19	18	3.92	3.53	3.03	2.16	-3.02	83	
6	19	23	5.61	9.45	2.89	-4.06	-4.49	84	
6	19	28	-4.04	-18.39	6.11	-41.10	-42.44	85	
6	19	33	9.39	13.51	-2.53	48.60	43.29	86	
6	19	38	1.27	1.09	1.80	2.73	1.40	87	
6	19	43	2.72	2.61	1.38	-0.54	0.77	88	
6	23	3	0.16	1.30	3.02	-1.23	2.42	89	
6	23	8	4.77	1.91	1.41	-1.53	1.08	90	
6	23	13	0.69	0.68	0.73	-0.18	1.10	91	
6	23	18	2.89	5.23	1.19	-2.80	-0.02	92	
6	23	23	9.57	6.63	2.78	-43.86	-35.80	93	
6	23	28	-2.02	-11.75	3.79	41.04	48.94	94	
6	23	33	5.78	11.05	1.91	2.40	3.42	95	
6	23	38	7.98	33.52	-2.95	-19.27	-26.37	96	
6	23	43	-14.89	-31.34	0.93	24.77	-31.78	97	
6	27	3	2.68	3.38	4.32	2.33	0.11	98	
6	27	8	4.92	4.84	3.00	-0.69	0.40	99	
6	27	13	4.49	3.50	3.80	-1.16	2.02	100	
6	27	18	9.94	15.58	-0.54	-31.36	-30.49	101	
6	27	23	-8.39	-23.39	1.84	31.11	36.46	102	
6	27	28	5.62	12.29	-1.59	7.92	9.47	103	
6	27	33	1.93	3.82	3.79	-1.13	-2.75	104	
6	27	38	-9.60	-20.36	-17.39	-82.08	1.84	105	
6	27	43	28.48	17.66	4.25	44.61	17.34	106	
6	31	3	2.83	1.69	3.42	2.51	-0.59	107	
6	31	8	2.64	2.44	3.55	-0.27	-3.95	108	
6	31	13	13.48	21.81	-1.70	-20.88	-17.95	109	
6	31	18	-16.87	-37.15	3.26	13.06	15.53	110	
6	31	23	10.23	14.60	3.02	12.12	5.91	111	
6	31	28	3.00	2.74	2.75	-0.18	-0.12	112	
6	31	33	2.18	5.39	5.23	0.40	1.56	113	
6	31	38	0.66	7.80	26.23	-5.65	18.67	114	
6	31	43	5.05	12.71	2.56	1.78	6.70	115	
6	35	3	0.59	14.83	13.05	1.10	-21.51	116	
6	35	8	9.09	25.87	15.19	-9.96	-22.16	117	
6	35	13	-8.15	-25.87	13.61	-14.32	-21.93	118	
6	35	18	13.51	32.32	16.32	17.87	3.67	119	
6	35	23	4.33	12.77	10.63	1.28	-13.14	120	
6	35	28	1.12	7.36	8.82	1.11	-16.35	121	
6	35	33	3.07	13.05	10.14	0.37	-15.39	122	
6	35	38	2.21	11.27	10.67	-2.04	-21.52	123	
6	35	43	4.39	11.01	12.66	1.88	-14.59	124	
6	39	3	2.12	-10.17	-9.86	6.22	24.18	125	
6	39	8	-7.23	-18.30	-5.68	-25.57	-4.71	126	
6	39	13	8.09	1.70	-8.70	24.01	42.41	127	
6	39	18	0.49	-5.95	-7.51	2.29	22.55	128	
6	39	23	4.12	-5.40	-5.58	1.02	19.45	129	
6	39	28	3.45	-2.68	-6.29	2.77	22.11	130	
6	39	33	3.66	-5.70	1.08	0.89	20.14	131	
6	39	38	1.18	-1.91	-0.10	2.52	23.60	132	
6	39	43	2.02	-1.19	-4.30	0.06	22.27	133	
6	43	3	13.04	9.38	4.58	-4.98	-1.27	134	
6	43	8	-11.93	-4.83	-5.56	26.20	34.95	135	
6	43	13	4.00	6.19	1.37	0.71	3.13	136	
6	43	18	2.08	4.70	2.87	0.47	3.05	137	
6	43	23	2.46	4.23	5.32	1.49	1.68	138	
6	43	28	3.90	5.03	5.80	0.62	1.99	139	
6	43	33	3.99	7.85	3.77	-1.14	2.21	140	
6	43	38	4.01	4.73	3.79	-1.26	3.35	141	
6	43	43	3.86	5.14	2.40	-0.01	0.92	142	
