143
diam	c	r	EConv0	EConv1	EConv2	OConv0	OConv1
6	3	3	2.14	2.82	4.59	-0.01	-1.82	44	
6	3	8	6.41	3.51	4.27	-2.47	0.20	45	
6	3	13	5.68	3.88	4.11	3.41	2.05	46	
6	3	18	-0.13	4.34	2.47	-0.06	-2.00	47	
6	3	23	-0.15	1.11	2.70	-1.61	0.53	48	
6	3	28	2.18	2.05	3.44	0.65	1.75	49	
6	3	33	3.23	2.87	4.18	0.84	-0.35	50	
6	3	38	0.75	3.59	2.99	-1.35	2.61	51	
6	3	43	-19.35	-4.71	-2.48	-1.87	-29.53	52	
6	7	3	2.12	3.70	2.26	0.98	2.64	53	
6	7	8	4.07	3.27	3.97	-0.37	0.44	54	
6	7	13	3.79	4.01	3.17	3.92	-0.21	55	
6	7	18	3.48	3.43	-0.05	-10.13	-0.64	56	
6	7	23	5.76	3.22	4.49	5.20	-0.21	57	
6	7	28	3.54	4.01	2.98	2.26	1.53	58	
6	7	33	0.83	2.56	1.20	-0.86	-1.53	59	
6	7	38	-0.94	-2.41	4.95	2.42	2.74	60	
6	7	43	-24.25	2.88	-3.76	-7.05	31.77	61	
6	11	3	1.72	0.86	1.88	-0.47	1.23	62	
6	11	8	1.44	2.63	2.93	1.10	0.10	63	
6	11	13	1.95	2.36	0.80	1.23	3.12	64	
6	11	18	1.94	1.16	5.10	-5.67	1.76	65	
6	11	23	4.65	3.66	2.07	0.76	1.51	66	
6	11	28	6.32	4.83	2.18	-1.43	1.06	67	
6	11	33	0.62	2.75	3.74	-0.56	-1.25	68	
6	11	38	7.91	25.65	-6.81	-9.89	-6.99	69	
6	11	43	-36.46	-30.34	18.53	23.33	-64.86	70	
6	15	3	2.52	3.84	3.64	0.62	-2.81	71	
6	15	8	0.37	3.76	2.94	0.46	-1.72	72	
6	15	13	4.75	3.99	4.73	-0.97	-3.63	73	
6	15	18	0.97	3.83	3.53	0.55	-1.93	74	
6	15	23	-0.07	-0.59	1.31	-0.94	-0.79	75	
6	15	28	3.39	4.53	3.38	-2.35	-3.02	76	
6	15	33	5.39	23.60	-5.81	-13.19	-7.24	77	
6	15	38	8.79	-1.71	15.06	-80.30	-87.25	78	
6	15	43	2.77	-5.30	-18.75	96.26	46.91	79	
6	19	3	1.60	2.00	1.27	-0.35	-5.42	80	
6	19	8	3.66	1.88	2.50	-0.37	-3.61	81	
6	19	13	4.76	2.65	2.91	2.22	-2.79	82	
6	19	18	1.46	2.31	4.43	1.01	1.10	83	
6	19	23	-0.37	-1.28	4.03	0.74	-0.77	84	
6	19	28	9.76	26.58	-1.23	-9.35	-3.18	85	
6	19	33	-3.52	-8.52	9.91	-66.54	-95.60	86	
6	19	38	-17.47	-50.99	5.41	63.98	63.49	87	
6	19	43	13.12	35.03	9.28	6.43	2.16	88	
6	23	3	1.96	-0.91	0.59	-0.39	5.36	89	
6	23	8	3.82	3.11	2.94	1.09	1.75	90	
6	23	13	4.31	3.57	1.83	-0.86	2.16	91	
6	23	18	4.30	-2.08	2.68	0.98	5.19	92	
6	23	23	11.60	36.11	1.20	-5.69	-12.42	93	
6	23	28	1.56	-10.37	7.88	-73.53	-92.21	94	
6	23	33	-14.52	-48.39	5.25	53.10	68.26	95	
6	23	38	18.74	42.54	-3.18	25.44	36.91	96	
6	23	43	-26.03	-18.61	-21.37	4.86	3.63	97	
6	27	3	4.21	5.36	4.36	1.31	0.70	98	
6	27	8	2.09	3.97	4.59	-5.42	3.30	99	
6	27	13	3.74	0.42	1.87	4.74	4.66	100	
6	27	18	20.10	49.45	6.53	-13.17	-28.02	101	
6	27	23	-6.84	-34.01	4.25	-57.18	-89.09	102	
6	27	28	-9.72	-49.80	-2.20	49.39	82.07	103	
6	27	33	13.71	44.91	-1.39	34.56	36.32	104	
6	27	38	3.38	0.87	1.16	-2.00	-6.16	105	
6	27	43	10.41	15.48	20.65	-3.32	12.22	106	
6	31	3	1.75	2.65	3.56	1.38	0.78	107	
6	31	8	1.76	1.85	2.74	2.42	6.12	108	
6	31	13	16.10	57.24	8.22	-37.50	-52.58	109	
6	31	18	-11.82	-49.37	-0.12	-48.05	-77.10	110	
6	31	23	-0.52	-20.66	8.73	69.20	94.74	111	
6	31	28	15.43	44.03	7.55	16.57	12.01	112	
6	31	33	4.26	-1.95	1.05	-0.69	1.29	113	
6	31	38	3.49	2.38	0.50	-4.06	-1.26	114	
6	31	43	-21.40	-16.93	14.40	31.35	-40.34	115	
6	35	3	10.56	7.54	3.22	-3.53	-1.21	116	
6	35	8	18.11	44.46	-0.78	-48.31	-76.79	117	
6	35	13	-14.16	-72.72	1.99	-23.59	-40.88	118	
6	35	18	-1.18	-8.00	1.50	68.43	99.14	119	
6	35	23	12.78	32.50	-5.09	13.73	3.47	120	
6	35	28	1.81	1.38	6.74	-1.64	3.00	121	
6	35	33	2.23	-1.66	2.59	3.52	-2.17	122	
6	35	38	31.63	44.10	0.23	-44.16	-25.09	123	
6	35	43	-37.14	-33.43	-4.09	109.60	-12.89	124	
6	39	3	32.01	17.30	2.95	-21.85	-4.91	125	
6	39	8	-32.91	-77.66	-0.38	-11.70	1.78	126	
6	39	13	2.00	24.75	-0.38	62.26	98.58	127	
6	39	18	4.38	22.19	5.13	-4.30	6.42	128	
6	39	23	3.74	2.88	5.53	1.03	1.49	129	
6	39	28	2.79	3.89	0.41	-1.94	0.46	130	
6	39	33	7.64	29.58	-1.54	-12.40	-15.15	131	
6	39	38	-15.60	-52.09	7.77	-59.01	-63.70	132	
6	39	43	-0.72	4.01	-15.99	120.39	21.82	133	
6	43	3	29.54	-0.12	18.52	-17.87	6.94	134	
6	43	8	7.82	47.60	5.38	49.51	73.26	135	
6	43	13	0.55	3.35	-0.27	0.53	-4.99	136	
6	43	18	0.44	1.92	4.29	-0.93	-0.85	137	
6	43	23	2.50	3.07	2.84	1.49	0.07	138	
6	43	28	8.03	21.41	0.52	-7.27	-10.45	139	
6	43	33	-16.65	-35.62	-3.42	-67.47	-77.11	140	
6	43	38	10.73	-6.78	5.35	71.37	90.28	141	
6	43	43	1.40	35.76	-14.63	30.50	41.88	142	
