143
diam	c	r	EConv0	EConv1	EConv2	OConv0	OConv1
6	3	3	6.14	3.88	5.37	-0.48	0.86	44	
6	3	8	4.41	1.05	5.81	-2.59	4.96	45	
6	3	13	4.67	5.18	2.77	3.35	-1.14	46	
6	3	18	3.41	3.16	4.43	4.33	-1.07	47	
6	3	23	2.25	4.06	4.06	1.07	-0.36	48	
6	3	28	5.10	6.38	3.71	-1.97	-0.66	49	
6	3	33	1.55	1.84	3.55	1.58	-1.79	50	
6	3	38	2.58	4.08	3.87	1.21	-2.42	51	
6	3	43	3.55	3.85	3.96	-1.91	-0.74	52	
6	7	3	5.48	4.40	3.92	0.81	0.91	53	
6	7	8	3.10	2.55	4.33	0.48	-0.72	54	
6	7	13	3.63	5.16	4.64	0.56	2.40	55	
6	7	18	4.15	5.39	3.74	2.87	1.18	56	
6	7	23	3.83	4.74	3.75	0.08	0.10	57	
6	7	28	4.34	2.15	5.52	-0.27	0.01	58	
6	7	33	1.57	4.47	2.66	0.55	2.38	59	
6	7	38	2.39	2.74	2.68	-0.67	1.41	60	
6	7	43	4.25	3.72	4.97	0.10	-1.19	61	
6	11	3	6.06	3.75	4.51	0.30	-1.01	62	
6	11	8	2.44	3.23	2.98	2.68	-0.66	63	
6	11	13	3.26	3.63	3.37	0.25	-2.01	64	
6	11	18	3.68	3.60	3.50	1.70	-2.86	65	
6	11	23	4.32	3.47	4.06	0.15	0.71	66	
6	11	28	4.23	4.35	2.93	-0.01	0.57	67	
6	11	33	2.34	4.09	2.50	-2.38	-4.05	68	
6	11	38	5.72	6.01	22.09	7.86	-10.42	69	
6	11	43	5.53	7.84	6.47	-0.52	-0.79	70	
6	15	3	6.54	3.86	4.54	3.81	-1.02	71	
6	15	8	2.22	4.04	4.31	1.91	0.48	72	
6	15	13	2.70	3.39	3.43	-1.50	0.45	73	
6	15	18	4.24	3.94	3.98	1.41	0.77	74	
6	15	23	4.47	5.41	5.39	1.14	-2.67	75	
6	15	28	4.12	4.93	4.12	-2.01	-2.26	76	
6	15	33	12.02	35.13	-0.02	-46.42	-55.20	77	
6	15	38	25.22	-3.77	-12.27	60.81	12.05	78	
6	15	43	12.20	22.51	1.81	-26.20	-28.15	79	
6	19	3	4.78	5.64	3.87	0.41	0.20	80	
6	19	8	2.91	3.32	2.61	0.72	0.53	81	
6	19	13	3.08	2.66	3.18	0.54	0.15	82	
6	19	18	4.55	4.28	4.83	1.84	0.94	83	
6	19	23	2.10	3.60	1.86	-0.64	-0.15	84	
6	19	28	21.84	44.86	-0.35	-35.07	-33.11	85	
6	19	33	-22.46	-48.00	11.14	38.20	43.12	86	
6	19	38	6.66	9.47	1.54	1.77	2.76	87	
6	19	43	-56.94	-7.71	-7.44	-16.76	-10.78	88	
6	23	3	5.42	3.13	4.59	-0.86	-0.84	89	
6	23	8	3.80	4.17	4.13	1.43	-1.69	90	
6	23	13	3.95	4.19	4.31	0.07	-0.80	91	
6	23	18	4.69	3.42	4.77	1.33	-0.76	92	
6	23	23	18.06	37.21	2.60	-18.49	-15.79	93	
6	23	28	-32.54	-76.99	14.73	-2.90	-11.32	94	
6	23	33	17.47	27.81	3.04	13.01	13.15	95	
6	23	38	6.51	4.19	2.36	-2.31	-0.61	96	
6	23	43	-28.71	-24.63	-26.80	-55.97	26.66	97	
6	27	3	5.44	2.85	4.38	4.13	-1.65	98	
6	27	8	1.87	3.43	4.00	1.88	-0.51	99	
6	27	13	3.40	3.63	3.39	0.44	-0.31	100	
6	27	18	8.77	13.49	4.02	-3.45	-4.52	101	
6	27	23	-24.03	-47.81	11.73	-47.76	-44.17	102	
6	27	28	20.84	44.44	-2.85	45.06	43.02	103	
6	27	33	4.33	2.88	3.48	2.37	-0.76	104	
6	27	38	4.95	4.04	5.11	-0.28	0.16	105	
6	27	43	13.68	7.10	20.36	-9.65	10.84	106	
6	31	3	5.70	4.41	5.65	5.51	-1.04	107	
6	31	8	2.43	3.67	2.54	1.59	1.53	108	
6	31	13	3.79	2.46	3.73	-0.15	-0.25	109	
6	31	18	4.09	11.38	-4.67	-64.63	-55.59	110	
6	31	23	11.50	18.31	3.15	59.60	61.91	111	
6	31	28	3.12	4.62	1.35	5.51	1.07	112	
6	31	33	4.62	5.13	3.93	-0.21	0.35	113	
6	31	38	4.87	4.09	5.16	2.37	-0.37	114	
6	31	43	8.61	6.31	5.28	-3.53	0.15	115	
6	35	3	6.35	6.30	4.22	4.08	-2.08	116	
6	35	8	3.78	2.03	4.02	1.11	0.07	117	
6	35	13	23.84	48.12	-3.35	-44.73	-40.49	118	
6	35	18	-26.00	-51.38	8.61	44.18	42.78	119	
6	35	23	10.34	13.47	5.03	3.98	-0.19	120	
6	35	28	4.30	4.16	5.04	-0.27	-0.39	121	
6	35	33	1.03	-0.49	2.69	4.70	-4.93	122	
6	35	38	4.65	5.09	3.58	1.20	-0.32	123	
6	35	43	10.95	10.45	5.73	-8.28	-2.86	124	
6	39	3	3.37	2.54	2.28	2.57	-0.72	125	
6	39	8	13.49	25.11	0.55	-8.50	-9.51	126	
6	39	13	-39.47	-68.16	11.14	-15.05	-8.58	127	
6	39	18	22.13	34.87	0.19	23.70	15.44	128	
6	39	23	7.92	4.11	2.73	-1.35	1.25	129	
6	39	28	6.01	2.59	3.02	3.54	2.22	130	
6	39	33	4.22	6.98	5.56	3.61	0.93	131	
6	39	38	4.54	4.07	4.55	-1.02	0.15	132	
6	39	43	-1.42	3.39	2.02	-15.72	-7.17	133	
6	43	3	5.33	4.51	4.58	3.54	2.97	134	
6	43	8	27.33	3.62	-3.81	-79.70	-16.98	135	
6	43	13	21.10	37.95	-2.28	56.49	55.55	136	
6	43	18	2.70	2.70	-0.52	-6.11	-0.37	137	
6	43	23	6.59	2.35	2.42	7.10	-0.46	138	
6	43	28	7.53	12.66	2.82	-3.62	-4.02	139	
6	43	33	-1.55	-10.52	-4.17	-7.84	-37.89	140	
6	43	38	16.12	-5.58	14.21	24.80	-13.58	141	
6	43	43	-30.89	-7.17	2.98	-6.32	-11.60	142	
