143
diam	c	r	EConv0	EConv1	EConv2	OConv0	OConv1
6	3	3	1.00	1.83	3.67	3.36	1.60	44	
6	3	8	-23.18	-10.21	1.42	-50.44	-16.28	45	
6	3	13	-7.29	-18.98	8.15	-27.33	-26.66	46	
6	3	18	37.46	48.07	-2.15	-9.57	6.85	47	
6	3	23	4.87	5.31	-0.07	63.36	27.65	48	
6	3	28	4.00	14.11	1.18	-51.93	-40.90	49	
6	3	33	4.67	6.41	0.31	43.84	40.76	50	
6	3	38	14.20	26.41	1.99	-14.38	-10.60	51	
6	3	43	11.27	-6.03	16.09	18.44	-5.57	52	
6	7	3	2.37	1.93	2.82	4.25	0.97	53	
6	7	8	-40.02	-11.30	-8.30	-37.51	-20.17	54	
6	7	13	-2.66	-1.61	-0.52	48.33	41.24	55	
6	7	18	-23.20	-28.00	9.82	-37.57	-15.51	56	
6	7	23	28.55	46.08	-5.58	-9.03	-17.07	57	
6	7	28	-20.67	-38.12	7.33	27.12	26.18	58	
6	7	33	15.63	18.16	-0.99	1.58	6.52	59	
6	7	38	-9.34	-15.66	1.64	-49.24	-40.66	60	
6	7	43	31.50	10.85	9.04	49.82	2.36	61	
6	11	3	10.65	8.91	2.00	1.15	-3.41	62	
6	11	8	-54.42	-38.56	4.98	19.75	12.96	63	
6	11	13	27.06	35.75	-4.75	-18.00	-5.85	64	
6	11	18	-10.40	6.11	5.69	26.32	-0.96	65	
6	11	23	-17.98	-44.44	12.74	1.37	-2.76	66	
6	11	28	12.68	29.80	1.41	12.30	19.85	67	
6	11	33	12.51	16.52	-3.65	-42.12	-41.24	68	
6	11	38	-8.53	-22.68	8.82	31.28	34.30	69	
6	11	43	11.89	17.25	-2.46	14.20	3.86	70	
6	15	3	28.12	13.84	5.54	-14.08	-0.87	71	
6	15	8	-33.85	-13.57	-2.36	75.53	8.55	72	
6	15	13	-5.66	-9.04	2.59	-46.90	-32.26	73	
6	15	18	-2.38	-13.73	-7.27	0.66	-6.98	74	
6	15	23	14.97	25.43	0.54	33.70	31.60	75	
6	15	28	10.92	23.17	-2.45	-23.61	-24.04	76	
6	15	33	-16.00	-42.95	13.00	9.01	12.68	77	
6	15	38	8.87	24.24	-0.18	14.36	21.99	78	
6	15	43	2.19	3.24	2.05	-0.54	4.83	79	
6	19	3	29.22	4.37	7.55	-26.01	-1.03	80	
6	19	8	16.25	32.87	-17.52	37.12	16.96	81	
6	19	13	-7.83	-15.24	6.63	-4.29	-2.43	82	
6	19	18	-10.59	-5.26	1.31	36.92	33.27	83	
6	19	23	15.33	26.68	3.41	-13.13	-13.10	84	
6	19	28	-19.86	-42.57	6.78	-15.65	-18.90	85	
6	19	33	11.47	24.34	-2.79	24.38	23.98	86	
6	19	38	4.77	3.88	2.45	3.56	-2.01	87	
6	19	43	3.37	2.15	4.59	-0.96	-2.06	88	
6	23	3	1.57	-2.70	6.52	-3.49	0.07	89	
6	23	8	6.95	-5.59	-1.53	-36.47	13.20	90	
6	23	13	1.08	0.97	-1.42	20.50	35.40	91	
6	23	18	6.24	23.28	-4.04	9.55	10.42	92	
6	23	23	-12.84	-22.98	3.65	-40.56	-35.84	93	
6	23	28	6.00	14.75	-0.54	44.05	40.51	94	
6	23	33	1.80	2.60	3.69	-1.10	1.68	95	
6	23	38	2.79	3.20	3.67	1.18	0.64	96	
6	23	43	0.46	2.89	0.21	-1.24	0.54	97	
6	27	3	4.56	5.03	3.62	0.58	-0.55	98	
6	27	8	-0.15	4.20	8.86	-4.16	5.17	99	
6	27	13	3.22	11.76	4.93	1.86	3.19	100	
6	27	18	5.81	4.54	2.17	-43.94	-46.90	101	
6	27	23	-0.25	-4.39	2.58	44.43	39.68	102	
6	27	28	4.91	5.90	3.38	3.79	4.00	103	
6	27	33	3.63	2.84	2.70	0.71	0.60	104	
6	27	38	3.06	1.86	0.81	-0.38	-0.02	105	
6	27	43	1.17	0.59	3.30	0.36	-1.35	106	
6	31	3	3.93	3.60	3.64	-2.60	-2.04	107	
6	31	8	1.34	4.57	5.89	3.92	-3.49	108	
6	31	13	6.45	20.92	0.84	-40.28	-36.45	109	
6	31	18	-16.40	-33.76	6.03	28.96	32.75	110	
6	31	23	5.58	18.26	1.83	3.81	8.14	111	
6	31	28	1.35	2.51	1.77	2.96	-2.15	112	
6	31	33	-10.92	11.08	-6.60	-19.52	-38.67	113	
6	31	38	13.42	3.67	8.82	2.41	-3.39	114	
6	31	43	3.44	3.60	3.33	1.16	-0.63	115	
6	35	3	4.35	2.93	2.02	1.09	-2.57	116	
6	35	8	11.04	22.14	-1.22	-24.31	-23.65	117	
6	35	13	-15.39	-38.71	4.19	12.76	17.86	118	
6	35	18	8.22	18.38	-3.31	16.39	12.62	119	
6	35	23	2.07	2.76	1.44	-0.86	-0.47	120	
6	35	28	3.11	3.03	1.73	1.14	-1.41	121	
6	35	33	-26.60	-24.98	-7.50	-18.60	25.46	122	
6	35	38	12.75	5.71	2.40	7.24	-1.62	123	
6	35	43	3.31	2.82	2.98	1.11	-2.27	124	
6	39	3	7.30	4.24	0.99	-4.52	0.73	125	
6	39	8	-24.87	-38.91	2.91	-13.47	-10.15	126	
6	39	13	10.96	19.61	2.07	16.42	22.04	127	
6	39	18	3.46	3.56	1.40	1.74	2.47	128	
6	39	23	1.86	3.02	3.21	0.77	5.17	129	
6	39	28	3.07	4.29	4.32	-0.36	4.81	130	
6	39	33	3.02	8.19	8.07	-0.49	10.34	131	
6	39	38	4.17	3.79	3.27	1.48	1.61	132	
6	39	43	1.32	2.37	2.75	0.85	2.86	133	
6	43	3	8.09	3.36	5.03	-4.80	2.33	134	
6	43	8	-5.12	18.66	-1.60	20.97	38.60	135	
6	43	13	2.45	2.65	3.35	5.15	-1.33	136	
6	43	18	3.01	5.00	3.74	-2.38	-1.29	137	
6	43	23	3.27	1.84	2.66	-1.28	-0.57	138	
6	43	28	3.35	3.04	3.48	1.43	0.06	139	
6	43	33	3.61	3.47	4.56	-0.11	0.72	140	
6	43	38	2.55	3.99	2.75	-0.38	1.21	141	
6	43	43	1.84	2.95	2.63	0.61	1.00	142	
