143
diam	c	r	EConv0	EConv1	EConv2	OConv0	OConv1
6	3	3	3.64	3.05	3.73	-1.98	0.11	44	
6	3	8	3.64	3.71	3.46	1.32	-0.27	45	
6	3	13	4.46	4.09	3.44	0.20	1.21	46	
6	3	18	3.00	3.72	2.64	-1.95	-2.38	47	
6	3	23	3.87	4.58	4.55	3.62	0.26	48	
6	3	28	2.36	4.75	1.85	3.97	-1.99	49	
6	3	33	0.23	2.52	2.32	-2.03	1.43	50	
6	3	38	4.23	2.80	1.85	-6.57	1.10	51	
6	3	43	7.60	3.73	4.95	3.87	3.87	52	
6	7	3	3.74	3.27	3.68	-0.69	0.42	53	
6	7	8	2.96	3.67	3.03	0.58	-0.16	54	
6	7	13	4.29	3.51	4.37	0.43	0.41	55	
6	7	18	3.19	4.35	1.45	-4.71	1.65	56	
6	7	23	0.80	2.74	5.52	5.96	-7.44	57	
6	7	28	3.96	5.12	1.74	-3.36	-0.07	58	
6	7	33	5.34	3.53	4.79	-2.18	-2.67	59	
6	7	38	4.52	1.46	6.71	4.93	1.99	60	
6	7	43	1.46	6.43	2.96	-2.79	-4.06	61	
6	11	3	3.83	3.67	4.22	-0.14	0.28	62	
6	11	8	2.59	3.49	3.22	-0.58	0.10	63	
6	11	13	2.29	3.10	3.92	1.88	-0.90	64	
6	11	18	9.02	9.79	1.68	-17.03	-1.47	65	
6	11	23	-10.08	-5.76	3.75	18.88	-11.78	66	
6	11	28	4.83	3.72	4.38	-6.15	0.83	67	
6	11	33	2.59	0.01	6.17	7.52	3.89	68	
6	11	38	4.21	21.00	-1.33	-15.25	-14.31	69	
6	11	43	5.65	-3.60	13.73	10.89	-2.34	70	
6	15	3	4.60	3.50	3.74	0.82	0.44	71	
6	15	8	2.15	3.44	2.97	-1.19	-0.43	72	
6	15	13	-0.20	2.73	1.96	2.50	-0.13	73	
6	15	18	16.13	11.83	3.46	-35.64	-5.99	74	
6	15	23	-9.43	-6.73	2.51	40.66	-4.73	75	
6	15	28	0.70	1.52	5.51	-0.39	-0.05	76	
6	15	33	6.54	18.32	-2.42	-6.41	-11.64	77	
6	15	38	-10.46	3.93	0.42	-47.74	-62.56	78	
6	15	43	21.38	-1.43	21.42	57.61	-17.58	79	
6	19	3	3.77	2.56	2.82	1.53	-0.23	80	
6	19	8	2.30	3.29	3.55	0.79	1.22	81	
6	19	13	4.06	4.70	2.44	-0.51	0.76	82	
6	19	18	5.07	3.99	9.15	-40.15	-22.12	83	
6	19	23	6.79	8.33	-3.39	37.24	20.55	84	
6	19	28	-1.11	8.63	-0.95	0.23	-6.55	85	
6	19	33	8.01	21.73	5.11	-55.75	-55.49	86	
6	19	38	-30.39	-37.85	-4.91	-10.16	-31.27	87	
6	19	43	17.57	5.41	0.41	78.02	-0.16	88	
6	23	3	1.36	3.20	2.78	1.33	2.74	89	
6	23	8	1.43	2.68	4.38	-2.12	0.19	90	
6	23	13	11.49	15.98	1.99	-16.86	-13.60	91	
6	23	18	-24.41	-22.01	7.04	-5.49	-12.91	92	
6	23	23	18.50	26.79	4.89	1.96	-8.88	93	
6	23	28	21.14	14.01	4.80	-36.51	-40.32	94	
6	23	33	-9.87	-42.56	-1.39	-24.33	-9.82	95	
6	23	38	-24.00	-19.60	-5.67	37.00	64.77	96	
6	23	43	6.42	20.85	-13.87	34.54	25.19	97	
6	27	3	6.77	5.01	5.66	0.93	-1.70	98	
6	27	8	3.66	4.76	3.56	5.66	-0.02	99	
6	27	13	12.51	12.03	1.74	-50.18	-25.37	100	
6	27	18	-1.94	1.32	3.19	34.76	-4.80	101	
6	27	23	4.05	-9.44	-0.31	-17.54	-31.68	102	
6	27	28	9.09	-27.93	4.56	0.00	22.90	103	
6	27	33	7.20	26.53	6.06	14.75	60.98	104	
6	27	38	-15.63	24.01	14.65	39.51	15.57	105	
6	27	43	-1.52	8.18	11.36	-12.31	-1.84	106	
6	31	3	0.69	2.71	1.41	0.86	-2.57	107	
6	31	8	6.58	19.33	0.54	-18.63	-24.20	108	
6	31	13	-10.88	-24.40	8.10	-24.46	-22.28	109	
6	31	18	9.35	1.10	-7.07	20.40	21.09	110	
6	31	23	2.16	-5.02	5.34	13.91	40.71	111	
6	31	28	7.40	36.22	4.65	6.67	13.76	112	
6	31	33	-4.51	9.97	3.35	-39.49	-60.34	113	
6	31	38	-7.06	0.42	-11.63	15.22	-57.82	114	
6	31	43	9.14	-8.92	24.29	40.52	-37.40	115	
6	35	3	12.55	7.99	4.11	-7.91	2.32	116	
6	35	8	-7.66	-10.81	-6.49	-36.33	-27.05	117	
6	35	13	-10.26	-12.66	0.10	31.75	31.29	118	
6	35	18	7.84	10.17	7.04	12.39	29.24	119	
6	35	23	10.61	19.60	7.05	8.50	1.62	120	
6	35	28	6.31	13.25	-1.41	-60.13	-54.83	121	
6	35	33	-4.78	-21.21	3.77	0.51	-13.40	122	
6	35	38	0.44	-0.59	-9.89	-10.96	-1.42	123	
6	35	43	-11.22	-3.90	-4.84	74.90	-36.91	124	
6	39	3	11.20	2.87	9.28	-0.54	-1.94	125	
6	39	8	-15.00	-6.81	3.17	-13.21	35.29	126	
6	39	13	3.10	18.13	2.77	19.84	22.56	127	
6	39	18	7.21	8.67	6.35	-1.36	-4.34	128	
6	39	23	21.93	24.27	-7.96	-47.19	-28.29	129	
6	39	28	-1.67	-36.06	-1.59	-22.92	0.72	130	
6	39	33	0.46	6.93	-4.22	8.32	3.87	131	
6	39	38	1.13	-3.17	13.31	5.58	0.54	132	
6	39	43	-52.69	-11.48	-20.60	55.11	-6.72	133	
6	43	3	-2.03	2.43	1.26	4.62	-2.32	134	
6	43	8	2.80	8.00	9.74	-3.34	23.70	135	
6	43	13	4.70	7.99	2.65	-5.46	3.98	136	
6	43	18	3.13	5.86	0.04	-3.47	-12.32	137	
6	43	23	-2.71	-28.16	8.79	-41.51	8.05	138	
6	43	28	28.89	48.21	-0.27	-38.74	25.71	139	
6	43	33	5.58	-15.59	-7.94	-2.21	13.26	140	
6	43	38	-2.38	-8.70	-18.28	19.55	7.71	141	
6	43	43	-69.19	-22.24	-17.04	54.36	-2.95	142	
