143
diam	c	r	EConv0	EConv1	EConv2	OConv0	OConv1
6	3	3	8.44	5.12	4.31	0.85	-2.44	44	
6	3	8	-4.07	-0.73	2.87	-11.20	3.49	45	
6	3	13	7.53	6.17	2.71	11.39	2.51	46	
6	3	18	4.22	3.01	4.45	1.44	0.72	47	
6	3	23	3.51	6.23	1.41	0.75	-0.90	48	
6	3	28	2.30	2.24	5.30	-2.54	-3.66	49	
6	3	33	-2.53	-3.13	-1.27	-11.64	2.25	50	
6	3	38	4.77	0.05	3.09	6.77	6.40	51	
6	3	43	2.45	4.19	-2.46	-0.67	0.46	52	
6	7	3	6.63	5.34	2.59	-2.08	0.25	53	
6	7	8	-3.30	1.24	3.02	-5.32	1.74	54	
6	7	13	6.80	5.88	3.71	4.82	0.04	55	
6	7	18	3.59	4.13	4.44	3.15	-1.03	56	
6	7	23	4.55	3.58	2.95	-5.43	0.48	57	
6	7	28	3.10	0.45	1.14	0.01	1.80	58	
6	7	33	5.68	6.83	7.76	-0.26	0.29	59	
6	7	38	2.01	5.79	6.37	9.88	-5.11	60	
6	7	43	5.62	6.49	7.18	-10.50	1.81	61	
6	11	3	5.27	5.07	3.35	-6.99	0.45	62	
6	11	8	-3.15	1.40	2.04	-3.37	-1.65	63	
6	11	13	7.26	3.33	3.79	2.28	0.80	64	
6	11	18	2.28	3.20	2.80	3.00	-2.46	65	
6	11	23	5.65	7.28	4.30	-6.34	-4.23	66	
6	11	28	6.68	4.30	11.62	6.34	0.83	67	
6	11	33	2.50	3.24	0.54	-10.09	4.53	68	
6	11	38	0.97	10.00	-0.37	2.21	-10.40	69	
6	11	43	3.96	-0.63	8.97	0.97	-15.26	70	
6	15	3	5.92	3.40	3.98	-7.60	-1.93	71	
6	15	8	-3.63	0.54	1.44	-1.97	-1.67	72	
6	15	13	9.12	4.22	5.72	5.68	2.51	73	
6	15	18	0.09	2.05	1.60	2.27	0.47	74	
6	15	23	6.52	10.89	-1.11	-22.48	-13.33	75	
6	15	28	3.94	1.82	8.42	22.38	-23.87	76	
6	15	33	10.00	15.83	7.40	-15.43	-17.43	77	
6	15	38	-7.33	7.04	2.74	-19.27	-50.03	78	
6	15	43	6.09	-9.48	13.13	35.89	-9.11	79	
6	19	3	9.18	5.80	5.10	-10.08	0.05	80	
6	19	8	-1.54	-2.56	1.19	5.73	4.69	81	
6	19	13	5.58	4.74	3.65	5.40	-2.98	82	
6	19	18	0.96	6.57	2.71	-0.58	-2.00	83	
6	19	23	7.02	3.33	-2.19	-50.20	-14.94	84	
6	19	28	2.96	0.92	-2.50	35.23	-21.44	85	
6	19	33	7.90	12.48	3.16	-42.46	-49.48	86	
6	19	38	-18.31	-33.93	-1.59	15.05	-3.75	87	
6	19	43	13.12	10.69	-7.04	42.23	13.57	88	
6	23	3	5.36	3.56	3.36	-5.94	-7.98	89	
6	23	8	5.49	7.00	6.18	2.17	-1.48	90	
6	23	13	0.07	-1.40	3.80	12.76	-1.59	91	
6	23	18	7.34	10.34	-3.25	-21.51	0.18	92	
6	23	23	0.03	0.50	10.43	-30.73	-22.06	93	
6	23	28	6.58	9.60	-4.87	-1.98	-21.80	94	
6	23	33	-9.50	-32.18	0.52	-13.59	0.22	95	
6	23	38	-0.66	4.51	-0.34	49.04	39.64	96	
6	23	43	10.53	13.77	3.18	11.30	4.63	97	
6	27	3	5.73	6.05	-1.05	-17.42	4.84	98	
6	27	8	2.68	-2.87	5.61	13.67	-3.87	99	
6	27	13	2.78	13.66	0.12	7.51	-0.45	100	
6	27	18	13.16	15.81	15.80	-38.64	-33.47	101	
6	27	23	-11.10	-15.46	-0.89	-16.19	-18.19	102	
6	27	28	1.88	-19.71	-1.78	10.18	25.39	103	
6	27	33	5.77	10.51	3.60	23.49	52.78	104	
6	27	38	4.08	12.09	-0.17	20.42	26.39	105	
6	27	43	5.83	2.65	0.20	-0.77	8.29	106	
6	31	3	9.58	4.02	7.38	-20.02	-7.28	107	
6	31	8	0.59	6.24	0.69	18.25	-8.01	108	
6	31	13	5.88	14.94	-1.22	-30.08	-41.58	109	
6	31	18	-2.77	-23.05	0.43	-13.41	-35.27	110	
6	31	23	-6.75	-17.01	3.67	31.08	39.73	111	
6	31	28	7.57	20.38	7.22	19.81	46.37	112	
6	31	33	0.78	20.03	7.21	-8.85	1.82	113	
6	31	38	3.03	11.01	12.58	11.63	-10.98	114	
6	31	43	5.19	6.06	7.30	-3.82	-6.15	115	
6	35	3	6.90	3.98	2.78	-16.91	1.40	116	
6	35	8	7.83	6.74	-1.20	-1.81	-1.22	117	
6	35	13	-6.58	-19.75	-10.35	-36.12	-8.11	118	
6	35	18	-4.01	-12.92	-0.12	31.36	38.44	119	
6	35	23	10.26	22.87	2.94	26.42	36.12	120	
6	35	28	11.21	23.49	5.49	-17.81	-22.78	121	
6	35	33	-3.47	8.88	2.59	-24.91	-55.78	122	
6	35	38	-5.31	-9.11	10.38	33.43	-42.82	123	
6	35	43	10.02	-0.43	5.94	5.23	4.37	124	
6	39	3	8.08	2.78	0.17	-21.90	4.88	125	
6	39	8	5.04	-1.55	8.05	5.29	5.17	126	
6	39	13	2.83	3.36	18.78	-0.11	52.50	127	
6	39	18	3.47	19.91	3.94	15.36	38.86	128	
6	39	23	10.69	21.15	-1.49	-16.44	-19.38	129	
6	39	28	1.96	-5.62	0.51	-41.15	-44.54	130	
6	39	33	-9.81	-22.98	-16.78	-21.93	-16.40	131	
6	39	38	-15.57	-8.86	-9.26	59.77	-18.84	132	
6	39	43	19.66	4.75	16.07	26.74	-3.71	133	
6	43	3	13.90	4.53	9.63	-21.20	-3.88	134	
6	43	8	-3.60	1.30	2.67	17.65	-7.19	135	
6	43	13	13.47	14.31	13.34	12.08	3.24	136	
6	43	18	8.55	18.48	3.26	-13.26	-15.62	137	
6	43	23	-0.36	-1.77	3.47	-41.25	-40.38	138	
6	43	28	-3.28	-22.74	6.22	5.64	16.40	139	
6	43	33	5.19	3.74	-0.15	-17.83	55.16	140	
6	43	38	-21.78	3.51	-16.37	32.18	12.12	141	
6	43	43	18.10	6.12	4.40	36.22	-13.66	142	
