143
diam	c	r	EConv0	EConv1	EConv2	OConv0	OConv1
6	3	3	4.98	14.16	21.36	5.30	-36.11	44	
6	3	8	-2.66	17.77	18.44	-3.39	-45.95	45	
6	3	13	9.20	33.69	27.32	0.28	-35.53	46	
6	3	18	4.61	31.31	41.77	0.31	-53.83	47	
6	3	23	-0.52	21.71	14.17	-1.63	-47.14	48	
6	3	28	-0.52	14.94	16.54	-1.21	-55.38	49	
6	3	33	1.02	17.41	18.75	-1.35	-46.88	50	
6	3	38	-2.38	15.44	9.83	-5.86	-47.73	51	
6	3	43	-1.83	12.22	21.31	3.76	-53.01	52	
6	7	3	6.63	-22.56	-28.09	-2.86	19.88	53	
6	7	8	12.17	7.55	-23.43	-8.79	10.99	54	
6	7	13	-1.32	-59.95	-7.54	-3.75	-32.45	55	
6	7	18	-35.17	-61.00	-56.35	28.33	3.02	56	
6	7	23	1.58	-25.62	-24.19	9.70	45.47	57	
6	7	28	-2.28	-18.61	-19.65	-4.33	40.60	58	
6	7	33	-4.20	-18.25	-16.02	2.47	37.33	59	
6	7	38	30.80	33.79	-17.04	-52.38	7.41	60	
6	7	43	1.49	-44.79	14.26	65.83	-9.44	61	
6	11	3	9.75	34.47	18.22	-12.64	5.79	62	
6	11	8	-26.37	-57.86	12.41	-21.51	-5.00	63	
6	11	13	29.58	78.61	17.42	29.98	65.13	64	
6	11	18	-28.64	-9.45	13.17	52.45	27.71	65	
6	11	23	-0.43	9.98	7.00	-3.18	-0.95	66	
6	11	28	-0.38	6.07	12.68	-4.23	-0.94	67	
6	11	33	2.06	11.06	11.22	9.79	9.79	68	
6	11	38	-4.77	3.09	19.88	-124.94	-75.28	69	
6	11	43	22.19	2.37	1.82	147.58	38.48	70	
6	15	3	-16.09	-42.38	9.69	-46.68	-39.60	71	
6	15	8	26.11	48.48	-0.09	47.35	44.77	72	
6	15	13	-19.62	-28.60	5.19	-52.69	-54.07	73	
6	15	18	28.03	35.30	-1.87	34.19	23.85	74	
6	15	23	6.52	3.78	3.89	1.93	1.10	75	
6	15	28	6.59	5.23	5.78	0.72	-0.72	76	
6	15	33	42.15	57.12	-5.53	-62.26	-50.31	77	
6	15	38	-10.52	-82.52	14.65	16.84	80.59	78	
6	15	43	46.39	45.87	-12.18	63.20	32.94	79	
6	19	3	3.97	14.23	-2.30	60.25	50.30	80	
6	19	8	-0.02	1.95	4.59	-57.60	-76.24	81	
6	19	13	6.66	12.80	3.24	51.06	63.67	82	
6	19	18	4.33	1.79	1.60	-5.23	-3.08	83	
6	19	23	3.57	1.74	3.66	0.98	-1.22	84	
6	19	28	17.37	55.77	4.36	-24.51	-24.53	85	
6	19	33	-35.97	-90.38	20.78	-39.66	-23.49	86	
6	19	38	36.91	64.30	-0.39	44.00	34.31	87	
6	19	43	3.82	4.56	5.15	-4.67	-9.38	88	
6	23	3	14.80	30.70	1.01	-56.45	-69.41	89	
6	23	8	-8.37	-18.71	-5.15	58.06	71.61	90	
6	23	13	4.34	10.43	4.85	-7.61	-2.59	91	
6	23	18	7.75	1.58	10.21	3.44	1.47	92	
6	23	23	19.09	58.88	10.04	-28.68	-22.41	93	
6	23	28	-33.07	-84.62	1.82	-52.13	-59.04	94	
6	23	33	19.80	49.36	-6.64	73.84	79.77	95	
6	23	38	1.20	-2.63	6.16	-7.56	-7.47	96	
6	23	43	5.63	3.55	4.38	1.55	3.20	97	
6	27	3	-7.30	-28.62	1.67	54.47	63.32	98	
6	27	8	7.91	14.95	5.09	-0.02	-3.51	99	
6	27	13	1.13	21.44	11.40	-2.63	-6.87	100	
6	27	18	23.13	69.94	11.34	-31.67	-40.56	101	
6	27	23	-32.83	-86.28	0.43	-50.98	-70.21	102	
6	27	28	16.40	37.27	3.77	76.69	95.59	103	
6	27	33	3.98	-0.67	2.94	-2.76	-10.47	104	
6	27	38	6.02	4.16	4.24	1.79	1.78	105	
6	27	43	4.50	4.57	4.53	3.44	-2.53	106	
6	31	3	9.82	22.25	5.41	0.32	2.82	107	
6	31	8	21.32	39.79	-2.05	-9.77	-3.72	108	
6	31	13	-29.59	-29.97	-20.15	-62.89	-123.52	109	
6	31	18	-10.88	-115.40	-3.29	10.30	-36.51	110	
6	31	23	9.95	47.16	1.99	59.11	112.24	111	
6	31	28	9.54	5.54	6.33	-7.40	-8.74	112	
6	31	33	5.23	5.43	5.14	1.69	-2.15	113	
6	31	38	3.32	3.08	4.07	0.18	-1.51	114	
6	31	43	4.93	5.96	4.55	-0.34	1.92	115	
6	35	3	-2.21	6.07	5.64	7.25	4.65	116	
6	35	8	7.59	-3.13	0.40	-113.78	-93.01	117	
6	35	13	-4.69	-60.76	6.54	57.30	103.30	118	
6	35	18	23.89	75.34	2.86	53.56	74.86	119	
6	35	23	4.88	3.57	3.81	-8.53	-19.56	120	
6	35	28	4.96	3.94	6.47	0.61	0.49	121	
6	35	33	3.67	4.15	4.54	-2.02	1.22	122	
6	35	38	5.77	5.69	6.19	0.55	-0.05	123	
6	35	43	2.93	1.48	3.53	2.39	-0.95	124	
6	39	3	18.67	2.82	0.67	-9.69	1.56	125	
6	39	8	-38.98	-47.81	3.70	25.73	98.27	126	
6	39	13	19.50	58.70	3.72	19.00	31.41	127	
6	39	18	3.46	-1.35	3.80	-1.84	-6.41	128	
6	39	23	1.07	3.16	5.67	-0.02	2.28	129	
6	39	28	5.33	4.53	4.02	0.69	4.01	130	
6	39	33	6.49	9.43	3.00	-3.04	4.91	131	
6	39	38	3.59	4.89	2.52	1.94	4.20	132	
6	39	43	6.38	7.23	7.61	1.55	-0.39	133	
6	43	3	6.70	2.64	7.91	-1.54	-2.27	134	
6	43	8	7.39	17.12	7.22	4.76	1.42	135	
6	43	13	5.61	3.58	7.02	-1.24	-5.80	136	
6	43	18	3.27	4.24	2.20	1.69	0.36	137	
6	43	23	2.49	4.93	5.87	-2.33	-1.22	138	
6	43	28	14.26	16.04	5.30	4.34	-0.12	139	
6	43	33	-31.48	-44.28	-11.51	6.63	-71.65	140	
6	43	38	-35.52	-11.95	-24.22	-0.00	-65.06	141	
6	43	43	0.66	2.56	2.62	-3.37	5.07	142	
