143
diam	c	r	EConv0	EConv1	EConv2	OConv0	OConv1
6	3	3	3.50	4.93	3.33	-0.95	1.85	44	
6	3	8	2.89	2.78	2.86	-1.32	-1.90	45	
6	3	13	3.93	3.10	5.06	0.61	-0.44	46	
6	3	18	3.73	4.47	4.58	-1.36	1.55	47	
6	3	23	4.53	3.24	7.40	-1.61	2.63	48	
6	3	28	4.84	5.11	5.10	2.54	1.24	49	
6	3	33	3.82	5.17	4.39	1.87	-0.56	50	
6	3	38	3.81	3.62	4.74	-0.52	-0.06	51	
6	3	43	-6.60	23.80	6.90	-4.21	-19.67	52	
6	7	3	8.37	0.91	10.66	4.87	-5.41	53	
6	7	8	4.87	5.31	3.36	-4.04	0.48	54	
6	7	13	7.12	5.97	6.57	3.33	-0.31	55	
6	7	18	4.58	4.15	3.78	-1.48	0.62	56	
6	7	23	4.16	3.75	4.89	1.85	1.08	57	
6	7	28	1.78	4.84	2.63	0.04	-0.45	58	
6	7	33	1.68	2.71	3.44	-1.04	0.29	59	
6	7	38	14.27	22.37	-5.48	-14.13	-12.55	60	
6	7	43	-37.05	-53.65	9.59	22.39	-15.41	61	
6	11	3	9.09	8.70	-2.28	11.68	6.61	62	
6	11	8	4.11	3.41	4.39	-4.02	0.17	63	
6	11	13	2.71	2.92	1.87	0.26	0.11	64	
6	11	18	4.18	3.78	4.41	-1.06	-3.73	65	
6	11	23	4.93	6.04	4.28	1.51	-0.83	66	
6	11	28	3.52	4.43	5.71	-0.51	0.99	67	
6	11	33	7.14	13.25	3.40	-3.61	-4.28	68	
6	11	38	-12.93	-37.85	13.45	-34.97	-45.64	69	
6	11	43	10.58	38.05	-8.36	40.34	42.91	70	
6	15	3	3.38	3.09	2.81	-0.42	0.47	71	
6	15	8	3.40	2.22	3.61	-2.08	-0.19	72	
6	15	13	3.98	2.57	2.84	1.97	1.21	73	
6	15	18	4.69	4.47	3.02	-4.47	1.35	74	
6	15	23	2.85	1.56	2.91	3.47	-4.10	75	
6	15	28	7.64	11.82	1.11	-3.54	-3.47	76	
6	15	33	5.27	-3.85	14.49	-50.61	-57.23	77	
6	15	38	13.49	17.29	-2.97	62.28	47.55	78	
6	15	43	3.36	3.03	3.35	0.86	2.63	79	
6	19	3	3.49	3.03	2.59	0.15	-0.56	80	
6	19	8	3.31	3.96	3.18	-0.08	1.99	81	
6	19	13	3.28	4.04	2.58	0.44	1.16	82	
6	19	18	3.35	3.01	5.29	-1.95	1.24	83	
6	19	23	9.82	18.79	6.88	-3.04	1.94	84	
6	19	28	-3.59	-19.28	4.09	-40.09	-72.80	85	
6	19	33	-1.44	-3.95	-7.41	46.39	67.48	86	
6	19	38	8.12	12.48	3.67	2.14	2.80	87	
6	19	43	5.48	3.23	3.36	-0.22	-1.01	88	
6	23	3	2.73	2.56	3.65	0.75	0.43	89	
6	23	8	4.40	3.46	3.58	-0.53	0.93	90	
6	23	13	4.88	5.68	4.96	-0.81	-0.30	91	
6	23	18	4.52	9.49	3.27	-0.47	-3.59	92	
6	23	23	4.36	-7.29	11.62	-51.70	-59.26	93	
6	23	28	10.25	22.49	9.86	51.75	63.38	94	
6	23	33	6.01	8.07	3.37	1.84	1.12	95	
6	23	38	6.26	11.67	5.40	-2.36	-3.15	96	
6	23	43	-3.15	22.57	-2.16	-33.19	-76.70	97	
6	27	3	3.20	5.06	5.31	2.44	-0.18	98	
6	27	8	3.62	4.33	4.59	-0.12	-1.83	99	
6	27	13	5.74	4.68	5.06	-2.70	-1.40	100	
6	27	18	0.27	4.07	-4.75	-57.95	-56.30	101	
6	27	23	-1.46	-8.26	3.17	55.84	57.90	102	
6	27	28	6.54	11.20	4.43	-0.58	0.61	103	
6	27	33	6.29	3.94	4.99	3.76	-0.85	104	
6	27	38	15.88	25.44	3.75	-57.85	-43.61	105	
6	27	43	14.22	-34.47	-4.95	6.57	56.77	106	
6	31	3	1.79	2.52	-0.05	-0.15	0.43	107	
6	31	8	4.15	2.73	3.91	-1.53	-0.07	108	
6	31	13	12.37	32.19	-4.16	-50.91	-49.82	109	
6	31	18	-10.61	-21.91	6.58	52.11	39.94	110	
6	31	23	16.89	44.90	-5.68	-18.17	-25.05	111	
6	31	28	-44.26	-40.65	-18.96	29.96	-79.54	112	
6	31	33	22.76	29.15	-5.31	-20.60	-17.62	113	
6	31	38	-26.70	-56.32	8.43	28.22	23.02	114	
6	31	43	7.85	18.04	2.09	10.35	7.25	115	
6	35	3	2.92	3.21	4.05	-0.09	-1.28	116	
6	35	8	17.78	35.09	-8.56	-28.45	-28.54	117	
6	35	13	-34.70	-58.03	21.42	19.01	3.34	118	
6	35	18	18.09	29.54	5.74	4.54	13.16	119	
6	35	23	-30.66	-56.81	6.04	-32.91	-28.94	120	
6	35	28	-28.65	36.12	-32.81	-13.70	52.90	121	
6	35	33	-11.29	-36.24	15.72	-41.41	-45.38	122	
6	35	38	23.55	82.40	13.45	6.17	-52.06	123	
6	35	43	20.77	-0.57	50.82	31.45	-36.41	124	
6	39	3	1.35	3.03	2.33	1.11	-3.05	125	
6	39	8	-22.67	-31.47	-8.52	-67.05	-29.53	126	
6	39	13	0.45	9.32	-30.05	61.16	47.59	127	
6	39	18	-6.94	-14.03	-5.01	-45.64	-50.37	128	
6	39	23	9.92	25.32	-0.84	42.25	50.91	129	
6	39	28	-21.07	-20.76	18.11	-71.12	-25.12	130	
6	39	33	14.80	35.64	-14.56	-12.14	2.66	131	
6	39	38	-5.13	-70.00	-3.65	19.72	61.19	132	
6	39	43	51.33	72.07	-32.24	-6.70	17.24	133	
6	43	3	1.90	-0.00	2.44	-0.01	2.57	134	
6	43	8	-22.93	4.16	10.49	0.78	56.31	135	
6	43	13	26.23	40.29	-1.77	-41.42	-27.95	136	
6	43	18	-4.12	-18.12	2.44	48.03	44.31	137	
6	43	23	28.68	35.89	3.33	-42.72	-41.27	138	
6	43	28	-16.39	-40.83	3.85	42.84	35.12	139	
6	43	33	-42.60	-27.30	10.22	-24.17	-16.38	140	
6	43	38	30.32	58.34	-2.97	5.78	0.05	141	
6	43	43	-35.12	-77.81	22.87	-2.35	-19.95	142	
