143
diam	c	r	EConv0	EConv1	EConv2	OConv0	OConv1
6	3	3	4.04	4.47	3.50	0.20	-2.10	44	
6	3	8	31.84	9.55	18.13	-31.71	10.75	45	
6	3	13	16.69	35.55	9.55	20.31	-26.53	46	
6	3	18	-10.71	-18.44	-5.94	-24.04	9.70	47	
6	3	23	36.35	31.93	2.49	34.59	2.12	48	
6	3	28	-4.21	-2.73	10.18	-27.10	-42.54	49	
6	3	33	6.43	5.24	2.85	38.29	19.95	50	
6	3	38	1.70	3.01	0.58	2.92	-0.83	51	
6	3	43	4.04	5.99	2.20	-1.14	1.06	52	
6	7	3	5.14	3.61	2.52	-4.32	-0.42	53	
6	7	8	36.62	9.98	11.87	-27.16	-5.63	54	
6	7	13	-24.45	-30.53	-25.18	9.79	15.18	55	
6	7	18	12.51	23.65	-5.42	-47.98	7.35	56	
6	7	23	20.40	4.71	4.48	-12.42	-70.50	57	
6	7	28	-13.53	-29.00	0.35	40.37	16.26	58	
6	7	33	10.97	14.62	2.65	13.17	5.15	59	
6	7	38	-0.68	8.33	8.92	-2.76	-3.07	60	
6	7	43	3.56	2.94	5.18	-3.46	-3.53	61	
6	11	3	5.24	2.33	5.37	-1.15	1.19	62	
6	11	8	13.26	1.31	10.27	-13.20	2.31	63	
6	11	13	-6.77	13.70	7.33	10.26	46.15	64	
6	11	18	3.24	-10.34	6.00	-74.32	23.20	65	
6	11	23	-4.35	-20.11	-4.36	29.34	61.68	66	
6	11	28	9.36	24.59	-2.11	29.53	41.09	67	
6	11	33	7.40	20.60	-1.87	-19.80	-16.89	68	
6	11	38	-8.57	-17.53	8.81	26.84	-33.09	69	
6	11	43	3.03	1.65	2.30	2.36	-2.06	70	
6	15	3	4.36	4.94	5.04	2.28	0.14	71	
6	15	8	2.11	3.07	4.87	-1.00	3.83	72	
6	15	13	5.22	4.87	3.35	-5.04	-0.90	73	
6	15	18	7.25	-3.07	23.09	-2.36	25.89	74	
6	15	23	7.00	26.54	8.23	4.10	23.61	75	
6	15	28	7.12	29.53	2.97	-21.65	-40.55	76	
6	15	33	-3.53	-24.46	4.48	-34.53	-53.51	77	
6	15	38	8.12	0.54	-5.36	68.75	15.62	78	
6	15	43	1.63	3.97	2.97	0.41	3.36	79	
6	19	3	3.07	1.27	0.83	1.82	1.22	80	
6	19	8	3.84	2.15	2.99	1.99	1.14	81	
6	19	13	1.04	3.99	5.07	1.79	-2.03	82	
6	19	18	7.68	18.98	-0.21	-2.17	-20.22	83	
6	19	23	10.04	25.79	15.17	-19.66	-57.00	84	
6	19	28	-12.39	-35.51	0.97	-30.41	-33.65	85	
6	19	33	-0.18	-6.87	3.14	42.85	58.24	86	
6	19	38	8.44	20.97	0.27	13.77	19.11	87	
6	19	43	2.32	2.97	2.01	-0.10	-3.16	88	
6	23	3	4.66	4.68	5.12	1.81	0.33	89	
6	23	8	3.25	5.40	2.94	-1.27	-4.60	90	
6	23	13	3.86	7.59	-1.53	-10.27	-4.33	91	
6	23	18	9.01	10.70	-5.08	-50.82	-48.59	92	
6	23	23	-6.85	-45.71	-6.86	9.20	-11.67	93	
6	23	28	-0.80	-1.50	1.37	45.96	59.55	94	
6	23	33	8.10	20.96	2.60	16.29	15.29	95	
6	23	38	0.72	2.31	0.35	-3.03	5.67	96	
6	23	43	1.72	1.71	2.12	-1.02	6.13	97	
6	27	3	2.18	3.01	1.88	1.90	1.38	98	
6	27	8	0.97	4.26	4.03	0.15	1.43	99	
6	27	13	13.02	24.44	5.45	-46.97	-33.30	100	
6	27	18	-14.97	-44.49	7.86	-15.67	-13.57	101	
6	27	23	4.97	9.38	-3.40	54.42	54.25	102	
6	27	28	5.16	14.18	3.69	9.65	9.56	103	
6	27	33	3.21	2.91	2.70	2.83	-0.53	104	
6	27	38	3.28	2.99	5.29	-0.17	-1.71	105	
6	27	43	4.07	6.18	5.11	-2.36	0.38	106	
6	31	3	5.75	2.38	1.11	-3.07	-4.02	107	
6	31	8	17.19	27.94	-3.89	-38.70	-37.79	108	
6	31	13	-14.10	-51.58	-3.56	-11.75	-27.04	109	
6	31	18	0.34	8.70	1.71	54.82	61.67	110	
6	31	23	10.16	18.83	5.86	9.16	14.33	111	
6	31	28	0.96	4.76	1.08	3.92	0.57	112	
6	31	33	3.07	3.67	2.26	-1.17	-0.45	113	
6	31	38	3.06	2.31	3.22	2.35	-1.08	114	
6	31	43	4.85	3.05	3.17	-3.57	1.21	115	
6	35	3	5.84	6.86	7.98	0.82	1.44	116	
6	35	8	-19.26	-28.67	-3.99	-51.42	-7.70	117	
6	35	13	11.58	18.81	13.09	44.05	56.58	118	
6	35	18	7.07	20.68	5.69	6.51	11.76	119	
6	35	23	4.41	3.63	3.98	0.78	-0.13	120	
6	35	28	0.59	2.10	2.67	-4.14	-0.80	121	
6	35	33	3.98	2.63	4.88	1.33	0.80	122	
6	35	38	3.00	3.91	2.62	1.87	2.38	123	
6	35	43	3.92	3.31	4.49	-2.34	-0.12	124	
6	39	3	-1.30	1.79	-2.02	-2.94	-2.79	125	
6	39	8	-24.54	-8.65	3.81	8.19	42.17	126	
6	39	13	6.25	13.96	0.63	5.25	7.79	127	
6	39	18	4.24	3.36	4.64	0.73	0.87	128	
6	39	23	5.51	4.34	3.84	2.47	-0.25	129	
6	39	28	3.44	4.61	2.82	-1.67	3.26	130	
6	39	33	3.01	2.78	2.45	3.94	-0.82	131	
6	39	38	4.25	4.05	3.80	0.43	-0.56	132	
6	39	43	3.13	1.37	3.43	0.61	-2.19	133	
6	43	3	-4.98	-4.01	-1.02	-5.64	4.30	134	
6	43	8	-0.14	7.51	5.50	12.84	2.64	135	
6	43	13	3.02	4.41	4.06	-4.33	2.52	136	
6	43	18	1.99	1.91	0.78	-0.02	0.47	137	
6	43	23	3.83	4.17	3.08	0.66	-0.50	138	
6	43	28	3.67	3.09	4.35	-1.19	-0.15	139	
6	43	33	3.45	4.05	3.05	2.09	1.76	140	
6	43	38	4.57	4.19	2.67	-1.87	-2.36	141	
6	43	43	2.10	-0.83	1.02	3.93	-4.23	142	
