143
diam	c	r	EConv0	EConv1	EConv2	OConv0	OConv1
6	3	3	3.85	2.98	2.74	0.14	1.16	44	
6	3	8	2.68	2.22	3.10	-1.17	1.80	45	
6	3	13	2.46	2.47	2.39	-2.21	2.39	46	
6	3	18	2.21	2.45	2.24	0.48	1.56	47	
6	3	23	3.55	3.28	2.48	1.67	0.54	48	
6	3	28	4.59	4.32	4.19	2.86	2.58	49	
6	3	33	2.16	1.76	3.17	1.67	-0.24	50	
6	3	38	3.31	2.47	1.65	-3.77	-1.17	51	
6	3	43	2.42	2.92	5.17	1.54	-3.62	52	
6	7	3	4.03	3.28	3.32	0.47	1.33	53	
6	7	8	3.04	2.95	3.21	0.01	1.44	54	
6	7	13	2.66	2.98	3.29	-2.26	1.42	55	
6	7	18	1.77	3.03	2.73	0.37	1.00	56	
6	7	23	2.75	3.51	3.09	0.81	-0.36	57	
6	7	28	3.01	3.43	1.33	-0.99	-2.21	58	
6	7	33	4.14	3.27	2.34	-1.80	2.04	59	
6	7	38	4.58	13.50	0.51	-10.53	-14.97	60	
6	7	43	-8.30	-4.01	11.63	14.68	-24.09	61	
6	11	3	3.67	2.80	3.01	0.28	0.76	62	
6	11	8	3.01	2.58	2.59	-0.29	1.00	63	
6	11	13	2.95	3.28	2.98	-2.00	0.05	64	
6	11	18	2.24	3.40	2.66	-0.03	0.58	65	
6	11	23	1.54	2.87	3.06	-0.10	-0.75	66	
6	11	28	3.06	2.84	2.82	-2.52	1.07	67	
6	11	33	3.55	12.67	0.73	-6.67	-11.41	68	
6	11	38	1.86	-3.11	3.33	-36.22	-18.83	69	
6	11	43	-8.74	-10.62	-8.97	50.11	6.37	70	
6	15	3	2.99	3.31	2.63	-0.80	0.65	71	
6	15	8	5.11	5.45	3.39	-2.15	-1.05	72	
6	15	13	3.59	0.79	3.26	0.87	2.51	73	
6	15	18	3.27	4.51	4.11	-1.51	-0.79	74	
6	15	23	2.07	1.69	-0.04	-1.52	1.85	75	
6	15	28	7.42	11.51	2.43	-9.84	-13.58	76	
6	15	33	3.71	-0.82	2.82	-25.17	-33.38	77	
6	15	38	-3.52	-19.82	6.95	22.12	15.35	78	
6	15	43	3.05	18.55	-3.35	14.45	28.97	79	
6	19	3	2.92	3.18	3.15	-1.44	0.01	80	
6	19	8	2.67	0.68	2.97	-2.45	2.69	81	
6	19	13	3.74	4.75	3.21	1.47	-0.83	82	
6	19	18	4.84	5.98	6.43	-3.54	4.70	83	
6	19	23	6.21	6.77	1.20	-8.79	-0.61	84	
6	19	28	0.60	-1.87	0.54	-25.31	-22.88	85	
6	19	33	-4.12	-20.64	3.82	18.09	24.49	86	
6	19	38	8.44	18.50	-0.60	16.94	24.98	87	
6	19	43	3.93	2.07	6.21	1.76	-3.03	88	
6	23	3	2.71	2.62	2.88	-0.92	-0.85	89	
6	23	8	3.26	4.05	3.21	-0.65	-2.94	90	
6	23	13	-0.02	1.57	1.33	1.26	-1.61	91	
6	23	18	1.50	6.61	0.68	-4.62	-8.19	92	
6	23	23	3.49	7.31	3.67	-27.59	-33.76	93	
6	23	28	-7.16	-20.39	3.72	14.58	18.96	94	
6	23	33	6.82	15.50	2.01	20.18	23.95	95	
6	23	38	3.70	3.46	2.59	2.24	-0.24	96	
6	23	43	3.80	3.75	4.02	0.86	1.91	97	
6	27	3	3.40	2.88	2.72	-0.89	-1.55	98	
6	27	8	1.53	0.80	1.71	0.22	1.66	99	
6	27	13	2.85	13.53	5.24	-10.01	-10.82	100	
6	27	18	5.89	9.72	4.29	-28.32	-34.34	101	
6	27	23	-3.48	-27.01	10.44	18.92	13.95	102	
6	27	28	13.20	21.96	4.55	16.62	26.44	103	
6	27	33	4.46	5.32	2.43	2.05	-1.69	104	
6	27	38	4.79	4.76	5.63	0.41	1.98	105	
6	27	43	4.94	5.28	3.85	3.75	0.08	106	
6	31	3	4.91	2.55	3.41	-1.57	2.19	107	
6	31	8	2.13	16.14	-2.50	-19.29	-38.29	108	
6	31	13	0.66	-8.17	5.08	-10.49	-35.16	109	
6	31	18	-9.36	-25.51	4.26	7.44	20.05	110	
6	31	23	11.29	23.84	-5.97	22.66	29.16	111	
6	31	28	-10.66	-2.94	3.93	1.13	-35.41	112	
6	31	33	4.60	3.60	2.81	5.32	1.06	113	
6	31	38	3.47	2.84	3.33	-1.08	0.41	114	
6	31	43	3.06	2.69	2.67	0.41	1.04	115	
6	35	3	7.04	5.07	2.94	-0.92	0.16	116	
6	35	8	-17.91	-17.27	-7.69	-32.58	-7.46	117	
6	35	13	-2.34	-13.96	-0.28	31.12	30.70	118	
6	35	18	3.15	16.26	-1.31	13.99	32.59	119	
6	35	23	12.52	13.34	3.86	-17.04	-18.01	120	
6	35	28	-26.75	-20.01	-0.81	29.90	1.21	121	
6	35	33	4.68	4.16	3.13	2.77	1.07	122	
6	35	38	2.98	3.42	3.08	-0.97	-0.02	123	
6	35	43	3.53	3.81	3.97	2.24	-0.12	124	
6	39	3	6.71	2.29	4.04	-3.17	0.97	125	
6	39	8	-15.69	-11.66	0.21	-5.23	42.21	126	
6	39	13	4.60	20.91	-0.70	11.77	20.97	127	
6	39	18	7.69	11.38	5.19	-4.79	-13.73	128	
6	39	23	8.93	2.86	6.34	-31.25	-17.63	129	
6	39	28	1.95	0.26	4.59	60.89	7.66	130	
6	39	33	5.83	5.27	3.42	0.56	-0.07	131	
6	39	38	3.59	2.84	3.10	-0.57	-1.41	132	
6	39	43	3.07	3.39	3.36	1.56	-1.76	133	
6	43	3	4.33	3.67	3.98	0.68	-1.41	134	
6	43	8	5.00	11.85	13.01	6.64	4.32	135	
6	43	13	1.58	3.28	1.84	-9.19	1.31	136	
6	43	18	5.59	7.44	-2.01	-32.20	-25.10	137	
6	43	23	18.16	-10.18	9.14	5.84	14.64	138	
6	43	28	11.12	8.42	2.07	52.31	5.89	139	
6	43	33	5.44	3.60	3.16	-3.07	-0.96	140	
6	43	38	3.49	2.09	3.31	-0.54	-1.05	141	
6	43	43	5.32	3.45	1.79	-0.13	3.33	142	
