143
diam	c	r	EConv0	EConv1	EConv2	OConv0	OConv1
6	3	3	2.53	2.02	1.98	0.05	-0.20	44	
6	3	8	5.27	1.65	2.36	-2.62	0.40	45	
6	3	13	18.59	11.89	30.86	-4.59	3.43	46	
6	3	18	-6.01	12.68	9.85	-47.70	-20.01	47	
6	3	23	11.87	23.43	-5.82	75.89	61.58	48	
6	3	28	-1.76	6.62	11.17	-9.05	4.50	49	
6	3	33	5.43	26.67	20.64	-2.50	18.96	50	
6	3	38	12.14	32.78	-0.22	-12.16	-20.83	51	
6	3	43	13.79	-0.08	21.55	9.63	-4.75	52	
6	7	3	1.81	3.73	3.61	0.11	-1.76	53	
6	7	8	4.64	5.14	3.92	-0.52	-2.47	54	
6	7	13	16.53	2.26	3.33	-10.55	-1.35	55	
6	7	18	-38.67	-33.84	-7.05	28.12	54.16	56	
6	7	23	11.49	17.36	4.82	-2.39	-1.99	57	
6	7	28	3.00	4.37	5.02	1.52	-1.48	58	
6	7	33	12.42	20.88	1.60	-2.16	-7.12	59	
6	7	38	-8.51	-20.25	4.08	-63.54	-65.99	60	
6	7	43	43.36	-2.45	6.47	66.86	-11.18	61	
6	11	3	2.95	1.73	2.42	0.93	-0.46	62	
6	11	8	2.38	1.35	1.09	-0.02	-1.74	63	
6	11	13	3.00	3.32	4.52	-3.42	3.42	64	
6	11	18	4.04	19.24	4.10	5.40	9.20	65	
6	11	23	3.21	2.52	3.34	-1.54	-3.41	66	
6	11	28	-1.27	-3.29	1.00	6.90	-1.96	67	
6	11	33	14.30	18.25	4.72	-73.11	-56.24	68	
6	11	38	7.13	-29.01	12.76	41.73	78.78	69	
6	11	43	18.37	28.70	-9.03	19.04	10.92	70	
6	15	3	2.21	3.62	2.27	-0.45	0.74	71	
6	15	8	2.89	3.05	4.56	2.34	2.36	72	
6	15	13	4.69	4.19	3.92	-1.51	0.55	73	
6	15	18	0.99	3.35	2.55	-1.92	-2.50	74	
6	15	23	2.01	-0.61	-1.56	-3.23	-3.00	75	
6	15	28	16.71	31.43	4.40	-20.85	-53.79	76	
6	15	33	-25.53	-65.09	13.17	25.32	37.00	77	
6	15	38	16.70	32.09	-5.07	6.62	4.92	78	
6	15	43	1.60	-1.20	4.23	-0.91	-3.18	79	
6	19	3	1.19	2.74	2.50	-2.87	-1.08	80	
6	19	8	3.47	3.44	1.94	1.63	-1.79	81	
6	19	13	4.42	4.51	2.56	-4.17	-0.59	82	
6	19	18	2.41	0.42	2.79	-5.21	2.06	83	
6	19	23	35.90	25.98	6.72	-22.51	-7.10	84	
6	19	28	-23.31	-47.18	2.98	6.82	-12.08	85	
6	19	33	26.70	45.17	-5.63	37.48	32.83	86	
6	19	38	3.74	0.41	3.05	-9.08	-1.15	87	
6	19	43	5.73	2.86	-0.07	2.65	6.89	88	
6	23	3	1.43	1.54	2.31	0.26	4.27	89	
6	23	8	4.05	3.73	2.31	-0.15	4.09	90	
6	23	13	5.89	2.98	5.21	-4.09	0.85	91	
6	23	18	-0.77	-0.98	4.37	1.84	-1.72	92	
6	23	23	10.06	16.54	6.32	-73.89	-48.16	93	
6	23	28	2.09	2.02	-2.63	73.28	69.92	94	
6	23	33	10.93	8.42	2.58	-9.13	-5.53	95	
6	23	38	-20.36	1.27	-7.44	-19.70	-89.06	96	
6	23	43	27.63	-1.74	20.44	14.13	-8.17	97	
6	27	3	4.70	4.40	5.68	-0.22	-1.62	98	
6	27	8	5.85	4.70	5.50	0.60	-1.09	99	
6	27	13	2.49	-2.32	0.71	-1.21	7.57	100	
6	27	18	7.68	38.63	-6.62	-58.68	-57.10	101	
6	27	23	-36.85	-70.58	12.59	27.29	7.29	102	
6	27	28	19.57	25.91	1.97	14.79	-2.60	103	
6	27	33	21.00	3.00	9.13	-20.48	-0.95	104	
6	27	38	-16.22	-26.70	-14.87	-14.73	79.97	105	
6	27	43	34.54	21.03	5.40	26.09	2.49	106	
6	31	3	3.34	1.65	3.05	4.70	-0.67	107	
6	31	8	1.29	0.49	3.22	-0.03	-0.74	108	
6	31	13	28.03	40.97	-9.98	-45.00	-32.66	109	
6	31	18	-10.12	-48.94	1.78	-22.51	-3.59	110	
6	31	23	22.80	26.58	4.40	90.89	37.91	111	
6	31	28	-2.68	3.96	2.17	-3.30	-2.63	112	
6	31	33	4.40	0.09	4.37	-1.46	2.05	113	
6	31	38	6.31	14.30	10.59	5.11	4.41	114	
6	31	43	-0.25	4.42	4.58	1.19	-1.83	115	
6	35	3	2.24	5.03	2.70	1.82	-1.65	116	
6	35	8	8.97	10.52	0.94	3.39	1.84	117	
6	35	13	-26.18	-36.60	13.87	-62.03	-54.81	118	
6	35	18	2.87	4.69	24.42	31.56	24.00	119	
6	35	23	16.68	30.63	-7.36	10.95	13.32	120	
6	35	28	3.23	3.28	5.49	-4.69	0.16	121	
6	35	33	4.15	4.38	3.75	0.71	-1.99	122	
6	35	38	1.93	4.79	3.20	-0.61	-1.48	123	
6	35	43	4.54	5.62	1.68	1.30	4.86	124	
6	39	3	-0.41	2.18	0.88	-2.32	1.31	125	
6	39	8	43.81	26.18	-0.72	-39.05	-15.66	126	
6	39	13	-21.26	-19.26	-2.53	16.27	-2.33	127	
6	39	18	28.42	27.01	2.26	51.10	40.66	128	
6	39	23	2.03	-3.92	5.34	-2.94	-3.87	129	
6	39	28	2.59	0.89	0.52	2.27	3.29	130	
6	39	33	1.10	2.55	0.95	-2.33	-1.58	131	
6	39	38	7.99	13.02	7.46	1.19	0.34	132	
6	39	43	-0.42	16.39	24.93	7.84	-30.56	133	
6	43	3	3.95	4.13	4.01	-3.98	1.23	134	
6	43	8	34.24	-4.87	23.87	-30.43	11.16	135	
6	43	13	-17.75	-15.78	-12.55	52.40	86.29	136	
6	43	18	12.35	11.85	0.16	0.25	-0.55	137	
6	43	23	3.92	4.45	3.49	1.44	0.60	138	
6	43	28	3.37	1.59	3.23	1.22	-2.32	139	
6	43	33	-1.77	-1.62	4.06	-0.52	0.92	140	
6	43	38	9.61	18.44	4.40	-48.35	-45.00	141	
6	43	43	-25.13	-23.53	-47.64	14.40	-11.41	142	
