143
diam	c	r	EConv0	EConv1	EConv2	OConv0	OConv1
6	3	3	5.47	4.31	3.19	0.48	-0.06	44	
6	3	8	2.62	4.05	2.42	-0.82	-3.10	45	
6	3	13	4.96	3.63	6.92	0.31	-1.17	46	
6	3	18	2.56	3.96	2.29	-0.70	0.09	47	
6	3	23	2.08	2.05	3.98	-0.53	0.69	48	
6	3	28	1.23	2.43	1.97	1.92	-1.10	49	
6	3	33	3.09	3.41	3.54	-2.42	0.45	50	
6	3	38	8.06	12.46	-1.68	-8.35	-4.51	51	
6	3	43	-13.92	-3.43	17.40	15.18	-37.19	52	
6	7	3	5.10	5.03	5.05	1.47	-1.78	53	
6	7	8	4.96	3.71	4.86	-3.47	2.85	54	
6	7	13	5.58	4.36	3.40	2.71	-0.05	55	
6	7	18	4.31	2.25	2.28	-2.07	1.72	56	
6	7	23	2.16	3.08	2.44	1.21	0.07	57	
6	7	28	2.53	4.33	2.39	-2.68	-0.06	58	
6	7	33	6.60	2.66	5.93	1.46	3.12	59	
6	7	38	-5.80	-4.45	5.98	-34.18	-38.70	60	
6	7	43	-3.84	3.85	-12.21	28.73	43.65	61	
6	11	3	3.63	3.43	2.87	-2.70	0.75	62	
6	11	8	4.97	4.06	4.05	0.78	-1.51	63	
6	11	13	2.84	2.23	2.37	0.30	1.38	64	
6	11	18	2.08	2.22	3.38	1.41	-2.10	65	
6	11	23	0.96	3.77	2.24	-0.17	2.31	66	
6	11	28	1.54	3.43	4.67	-2.08	2.40	67	
6	11	33	11.32	25.85	-2.12	-27.50	-27.97	68	
6	11	38	-15.90	-15.53	1.18	33.10	31.93	69	
6	11	43	7.05	7.44	5.82	-2.86	-3.66	70	
6	15	3	4.87	1.72	2.84	-0.46	0.86	71	
6	15	8	2.45	2.54	2.02	0.99	-0.68	72	
6	15	13	4.24	4.91	3.77	0.23	-0.10	73	
6	15	18	1.23	5.09	3.08	0.02	-0.04	74	
6	15	23	1.47	-0.14	2.80	0.29	0.47	75	
6	15	28	15.55	31.32	7.70	-17.00	-15.98	76	
6	15	33	-23.92	-55.69	7.27	7.14	-7.93	77	
6	15	38	13.58	20.65	6.03	7.84	11.09	78	
6	15	43	3.90	3.94	4.17	0.89	1.81	79	
6	19	3	4.53	4.00	3.29	-0.33	-1.38	80	
6	19	8	1.31	3.77	3.13	-0.67	-0.84	81	
6	19	13	2.87	2.98	2.45	-1.78	0.26	82	
6	19	18	2.76	1.99	6.50	1.26	0.55	83	
6	19	23	9.08	23.32	-0.27	-6.91	-7.20	84	
6	19	28	-19.94	-40.50	2.95	-31.82	-37.79	85	
6	19	33	17.79	22.19	-6.05	42.46	42.70	86	
6	19	38	1.51	2.66	3.69	-1.42	0.08	87	
6	19	43	3.29	1.37	5.77	1.91	-0.23	88	
6	23	3	3.41	3.50	3.90	-0.32	0.91	89	
6	23	8	1.81	3.69	3.76	-2.43	1.53	90	
6	23	13	1.01	-2.05	2.65	-1.11	0.07	91	
6	23	18	7.82	22.33	-4.09	-3.86	-4.38	92	
6	23	23	-4.51	-17.60	8.64	-42.50	-48.16	93	
6	23	28	-0.83	12.34	3.59	60.31	51.68	94	
6	23	33	2.07	2.31	5.63	-4.56	-4.71	95	
6	23	38	5.16	4.85	2.61	-5.06	2.15	96	
6	23	43	5.82	4.06	3.71	6.54	-0.08	97	
6	27	3	2.44	2.81	2.89	0.06	-2.12	98	
6	27	8	0.34	-0.06	5.89	1.84	2.97	99	
6	27	13	4.36	27.71	5.11	-6.35	-10.15	100	
6	27	18	-3.49	-8.85	10.81	-55.35	-65.21	101	
6	27	23	-2.72	-8.96	-3.54	37.98	55.46	102	
6	27	28	7.48	11.36	7.47	-4.93	1.87	103	
6	27	33	2.07	2.89	1.80	0.56	-1.96	104	
6	27	38	3.46	1.90	2.60	-6.83	-2.40	105	
6	27	43	5.11	4.30	3.64	5.98	-0.70	106	
6	31	3	0.63	3.62	6.53	3.30	1.98	107	
6	31	8	4.84	34.13	-7.87	-39.13	-43.79	108	
6	31	13	-0.38	-45.02	-8.97	-15.74	-40.29	109	
6	31	18	-16.27	-27.38	-2.83	42.45	59.81	110	
6	31	23	7.80	12.06	4.37	0.97	4.06	111	
6	31	28	4.19	4.37	1.75	1.97	3.14	112	
6	31	33	1.67	2.59	3.55	1.04	0.54	113	
6	31	38	3.99	3.42	5.33	-1.61	4.36	114	
6	31	43	2.74	3.43	1.08	0.13	1.76	115	
6	35	3	0.93	2.00	3.30	4.24	1.22	116	
6	35	8	-28.96	-22.30	-12.86	-67.25	-7.91	117	
6	35	13	-1.97	-13.65	-0.37	52.07	54.44	118	
6	35	18	5.33	23.84	4.94	0.86	4.63	119	
6	35	23	2.15	3.64	2.92	3.08	-1.35	120	
6	35	28	3.51	3.29	3.33	-1.36	-1.29	121	
6	35	33	1.47	2.61	1.13	-1.24	-0.06	122	
6	35	38	3.78	3.17	2.75	0.25	-2.68	123	
6	35	43	3.32	0.97	1.74	-1.58	-0.92	124	
6	39	3	5.23	3.35	1.89	5.71	-0.75	125	
6	39	8	-17.03	6.35	23.34	-2.16	44.14	126	
6	39	13	9.87	21.37	4.01	-4.50	1.15	127	
6	39	18	5.71	1.58	4.01	2.76	1.22	128	
6	39	23	5.13	5.49	3.22	-2.54	0.61	129	
6	39	28	4.30	1.67	3.87	2.11	-1.72	130	
6	39	33	2.00	2.67	3.00	-1.14	-2.31	131	
6	39	38	4.57	1.38	2.72	0.92	1.66	132	
6	39	43	4.73	5.98	4.55	-0.52	-3.86	133	
6	43	3	5.78	4.59	3.59	3.69	-0.49	134	
6	43	8	1.83	1.77	0.81	-0.13	0.65	135	
6	43	13	4.40	2.39	4.96	-1.71	1.62	136	
6	43	18	6.26	3.86	2.09	1.89	-0.13	137	
6	43	23	4.99	3.10	4.31	-1.69	-1.06	138	
6	43	28	4.12	4.96	3.03	0.75	-2.27	139	
6	43	33	2.31	2.97	3.70	0.10	-1.05	140	
6	43	38	6.12	5.17	5.72	3.57	-5.69	141	
6	43	43	1.48	4.50	5.95	2.24	1.44	142	
