143
diam	c	r	EConv0	EConv1	EConv2	OConv0	OConv1
6	3	3	3.17	2.66	4.23	-1.86	-1.52	44	
6	3	8	3.83	3.76	3.25	0.02	0.32	45	
6	3	13	2.41	3.71	3.02	2.20	-1.57	46	
6	3	18	9.30	1.73	8.14	-7.15	1.74	47	
6	3	23	1.84	18.38	3.46	18.32	30.41	48	
6	3	28	4.88	5.43	4.80	-2.34	0.40	49	
6	3	33	5.26	4.52	5.36	4.58	-4.77	50	
6	3	38	7.64	9.96	-0.61	-8.46	0.33	51	
6	3	43	5.99	-2.20	13.32	15.18	-15.28	52	
6	7	3	2.21	2.78	2.26	0.17	1.07	53	
6	7	8	4.61	3.97	3.51	-1.29	1.68	54	
6	7	13	1.92	3.28	3.08	1.73	0.68	55	
6	7	18	4.90	3.83	3.40	-1.78	0.41	56	
6	7	23	4.11	1.65	2.86	-0.90	-0.90	57	
6	7	28	3.97	4.51	4.90	-2.68	-0.72	58	
6	7	33	5.09	5.86	1.33	-0.18	-2.20	59	
6	7	38	13.26	8.31	10.08	-26.64	-30.79	60	
6	7	43	14.50	2.81	-0.85	37.05	7.53	61	
6	11	3	4.71	4.32	5.01	-0.26	0.69	62	
6	11	8	5.62	4.30	4.15	-1.11	0.60	63	
6	11	13	2.05	3.43	3.06	1.15	0.77	64	
6	11	18	5.58	4.01	4.73	-1.07	0.76	65	
6	11	23	3.40	2.05	3.65	-0.10	-0.83	66	
6	11	28	4.29	4.30	3.47	-0.72	0.31	67	
6	11	33	13.98	17.31	4.80	-19.78	-14.17	68	
6	11	38	-9.65	-22.77	0.61	1.77	4.45	69	
6	11	43	15.89	16.14	2.72	9.28	3.90	70	
6	15	3	3.66	4.64	2.72	-1.24	0.26	71	
6	15	8	4.83	3.78	4.41	-0.80	-0.87	72	
6	15	13	2.97	4.42	2.09	-0.29	0.61	73	
6	15	18	4.89	5.87	5.60	0.11	-1.41	74	
6	15	23	3.74	4.14	4.37	-2.03	1.24	75	
6	15	28	8.12	18.30	3.12	-9.15	-9.76	76	
6	15	33	-14.59	-26.22	5.93	-7.75	-18.16	77	
6	15	38	9.15	16.77	2.95	17.83	32.79	78	
6	15	43	3.77	3.90	2.37	-3.59	0.09	79	
6	19	3	4.14	2.96	5.92	0.56	1.04	80	
6	19	8	3.10	4.57	2.72	-1.59	-0.74	81	
6	19	13	5.14	3.72	4.94	-3.49	0.27	82	
6	19	18	5.14	1.74	4.31	2.81	2.77	83	
6	19	23	2.81	21.20	6.22	-4.75	-22.65	84	
6	19	28	-3.30	-13.33	4.03	-31.33	-33.81	85	
6	19	33	5.50	9.22	3.53	39.78	32.29	86	
6	19	38	2.88	2.58	2.17	-0.22	-5.41	87	
6	19	43	2.33	1.58	3.56	-3.58	1.13	88	
6	23	3	3.50	5.06	2.24	0.36	-1.95	89	
6	23	8	4.44	4.48	2.95	-5.03	-0.52	90	
6	23	13	5.01	3.43	7.43	3.81	-1.00	91	
6	23	18	5.88	21.71	-1.85	-19.00	-23.96	92	
6	23	23	-8.94	-23.01	-4.49	-19.87	-31.34	93	
6	23	28	5.62	-9.63	6.99	36.65	36.37	94	
6	23	33	6.17	10.52	2.37	4.03	1.08	95	
6	23	38	5.31	5.95	3.63	-1.29	0.15	96	
6	23	43	4.63	3.45	4.78	0.08	0.71	97	
6	27	3	2.04	3.08	2.71	0.16	-0.77	98	
6	27	8	11.28	25.40	-2.55	-35.73	-29.86	99	
6	27	13	18.04	10.30	14.42	7.67	-48.88	100	
6	27	18	-10.67	-27.64	3.41	-18.27	-29.51	101	
6	27	23	-1.16	-5.28	0.66	24.20	46.74	102	
6	27	28	14.11	22.72	1.26	13.97	5.42	103	
6	27	33	3.65	1.56	3.32	4.88	2.57	104	
6	27	38	5.11	2.33	3.88	-2.51	2.62	105	
6	27	43	7.56	4.40	2.81	-0.59	2.10	106	
6	31	3	10.15	20.81	2.34	-13.68	-16.90	107	
6	31	8	-4.24	-17.05	16.02	-26.46	-22.44	108	
6	31	13	-2.05	-13.48	-1.65	10.76	9.57	109	
6	31	18	-14.26	-6.37	-3.18	29.02	43.34	110	
6	31	23	5.43	17.65	3.84	4.91	3.62	111	
6	31	28	1.36	3.70	5.30	-0.93	0.75	112	
6	31	33	1.56	0.27	0.83	0.68	-1.66	113	
6	31	38	5.09	3.33	1.70	0.90	-1.98	114	
6	31	43	5.19	4.64	4.93	-1.88	-1.58	115	
6	35	3	-6.83	-2.70	-8.38	-60.11	-28.61	116	
6	35	8	-4.29	-18.24	-2.55	14.89	14.65	117	
6	35	13	1.40	12.49	-1.40	29.11	40.01	118	
6	35	18	-0.18	8.80	6.28	-1.69	9.42	119	
6	35	23	3.83	1.82	4.80	0.16	1.17	120	
6	35	28	5.89	5.35	4.64	-3.54	3.37	121	
6	35	33	12.09	34.89	3.87	-9.04	-13.47	122	
6	35	38	7.55	3.05	32.07	14.20	-22.68	123	
6	35	43	3.20	3.58	2.18	-3.54	-0.28	124	
6	39	3	-22.02	-22.72	3.50	-24.68	36.86	125	
6	39	8	-0.25	19.02	0.90	22.13	36.49	126	
6	39	13	0.92	4.71	1.69	0.17	-1.66	127	
6	39	18	-0.59	6.40	0.39	0.41	-6.25	128	
6	39	23	4.45	2.58	4.31	-0.42	1.23	129	
6	39	28	3.77	2.23	0.99	-4.40	-2.86	130	
6	39	33	-7.00	-6.77	-9.60	-81.94	-53.15	131	
6	39	38	-14.37	-7.09	-17.55	62.27	-49.71	132	
6	39	43	3.32	0.52	8.83	3.13	-3.18	133	
6	43	3	2.49	9.89	10.19	2.94	7.01	134	
6	43	8	4.28	7.67	6.27	-1.73	-2.30	135	
6	43	13	0.22	6.68	-0.95	-0.04	-0.25	136	
6	43	18	-19.04	-11.07	9.66	10.82	-21.20	137	
6	43	23	3.10	4.43	2.43	-0.20	-2.55	138	
6	43	28	3.57	5.31	4.05	-2.97	0.05	139	
6	43	33	-39.30	-16.78	-27.46	-59.98	14.79	140	
6	43	38	-28.71	-1.48	-14.76	9.38	-7.16	141	
6	43	43	11.73	4.01	4.61	13.69	-0.85	142	
