143
diam	c	r	EConv0	EConv1	EConv2	OConv0	OConv1
6	3	3	1.83	3.79	1.16	-1.28	-0.47	44	
6	3	8	2.05	1.07	3.47	-78.74	-61.46	45	
6	3	13	12.09	15.51	3.52	73.91	65.51	46	
6	3	18	4.67	4.29	3.98	-2.18	-0.11	47	
6	3	23	3.13	3.54	3.35	1.15	1.04	48	
6	3	28	3.63	2.63	4.59	-1.65	-0.80	49	
6	3	33	3.12	3.13	3.59	-1.41	1.71	50	
6	3	38	6.92	9.55	-1.84	-9.31	-2.36	51	
6	3	43	-12.65	6.38	-6.02	-27.19	-75.77	52	
6	7	3	30.19	36.23	1.59	-38.99	-28.43	53	
6	7	8	-33.20	-56.41	8.57	38.61	35.14	54	
6	7	13	15.75	26.44	2.65	6.83	7.01	55	
6	7	18	2.39	2.11	3.14	1.07	-0.99	56	
6	7	23	4.75	5.62	4.09	-0.78	-1.27	57	
6	7	28	2.29	3.09	4.44	1.80	-2.76	58	
6	7	33	4.85	4.36	6.29	1.44	0.30	59	
6	7	38	9.70	30.36	-1.03	-63.10	-62.63	60	
6	7	43	-34.98	-55.50	11.61	43.61	5.17	61	
6	11	3	-25.36	-35.88	-2.45	-72.16	-37.77	62	
6	11	8	22.42	34.92	-0.69	42.56	37.43	63	
6	11	13	2.57	5.76	4.65	-5.61	-2.58	64	
6	11	18	4.69	4.04	3.60	1.91	1.31	65	
6	11	23	3.74	3.54	4.16	-0.74	-0.04	66	
6	11	28	4.43	2.70	2.47	0.36	1.84	67	
6	11	33	13.92	39.72	-9.74	-57.60	-72.62	68	
6	11	38	-15.72	-63.14	3.89	-15.63	-18.55	69	
6	11	43	23.32	35.01	-4.52	66.05	63.74	70	
6	15	3	-45.55	-33.77	19.09	61.51	12.45	71	
6	15	8	4.73	10.16	4.19	-6.36	0.42	72	
6	15	13	-0.17	0.98	1.62	-1.71	-1.59	73	
6	15	18	5.07	4.85	5.01	0.73	-2.91	74	
6	15	23	2.83	2.52	3.58	1.06	-1.74	75	
6	15	28	20.56	42.56	-3.07	-41.50	-45.87	76	
6	15	33	-27.76	-67.88	5.28	-24.63	-11.20	77	
6	15	38	5.11	22.07	-0.50	64.23	82.42	78	
6	15	43	11.61	17.20	6.81	0.52	-1.28	79	
6	19	3	-13.18	1.63	-31.89	81.69	31.49	80	
6	19	8	0.64	0.74	3.92	-3.29	-1.80	81	
6	19	13	2.35	3.34	3.30	-2.76	3.16	82	
6	19	18	3.98	5.99	1.19	-0.45	-8.00	83	
6	19	23	19.42	35.42	0.28	-25.44	-36.23	84	
6	19	28	-13.32	-48.03	0.77	-43.55	-41.25	85	
6	19	33	7.68	18.40	7.87	72.50	63.58	86	
6	19	38	3.15	8.12	2.18	2.57	-2.55	87	
6	19	43	15.83	12.00	-2.88	-18.99	-8.27	88	
6	23	3	2.03	20.30	6.02	6.31	14.91	89	
6	23	8	4.56	3.90	4.44	1.60	3.87	90	
6	23	13	2.04	1.26	2.52	-0.11	1.59	91	
6	23	18	12.32	26.63	2.11	-27.19	-17.95	92	
6	23	23	-8.58	-34.73	4.05	-35.11	-37.04	93	
6	23	28	-2.46	-8.08	7.13	43.46	68.00	94	
6	23	33	13.30	20.63	5.90	14.07	14.02	95	
6	23	38	1.12	0.94	-0.09	2.12	3.24	96	
6	23	43	-10.60	2.29	23.90	-6.49	-33.66	97	
6	27	3	3.55	3.53	4.66	4.43	3.63	98	
6	27	8	3.40	5.22	3.94	-1.09	0.09	99	
6	27	13	11.29	23.07	1.42	-12.98	-11.67	100	
6	27	18	-14.93	-22.48	11.32	-45.57	-61.31	101	
6	27	23	-5.21	-24.91	3.78	50.26	53.70	102	
6	27	28	11.58	23.31	3.71	12.97	12.76	103	
6	27	33	3.04	4.44	2.61	-0.29	3.85	104	
6	27	38	7.00	2.49	8.69	3.33	3.00	105	
6	27	43	-65.49	-35.55	-46.65	-11.27	-1.50	106	
6	31	3	4.99	5.43	3.54	4.20	-1.85	107	
6	31	8	6.98	11.84	3.40	-6.23	-2.02	108	
6	31	13	-2.97	-9.91	-0.72	-78.57	-77.34	109	
6	31	18	-11.46	-34.19	0.87	63.52	61.57	110	
6	31	23	17.82	36.22	6.24	13.81	14.37	111	
6	31	28	4.60	3.55	3.65	1.42	1.06	112	
6	31	33	3.57	2.60	3.10	0.30	0.12	113	
6	31	38	4.26	3.73	0.75	-1.71	-1.86	114	
6	31	43	-12.80	14.24	11.86	-2.10	41.12	115	
6	35	3	2.40	3.05	3.23	0.68	3.34	116	
6	35	8	16.46	35.37	-4.41	-73.32	-64.43	117	
6	35	13	-23.16	-59.86	9.87	39.83	41.75	118	
6	35	18	17.13	37.71	-0.36	29.54	28.79	119	
6	35	23	2.64	3.10	2.94	-1.50	1.54	120	
6	35	28	3.20	2.73	3.75	1.07	-1.18	121	
6	35	33	3.59	4.55	4.12	0.79	0.94	122	
6	35	38	0.56	3.99	4.17	1.61	-0.26	123	
6	35	43	2.93	4.98	5.11	-0.79	1.29	124	
6	39	3	23.67	19.50	-0.04	-14.50	-5.38	125	
6	39	8	-45.32	-74.12	3.75	-29.01	-9.71	126	
6	39	13	25.72	47.84	-5.48	56.01	46.75	127	
6	39	18	1.24	3.24	2.23	-2.57	-0.41	128	
6	39	23	3.58	2.92	3.70	0.79	-0.35	129	
6	39	28	3.63	4.80	4.41	0.45	1.83	130	
6	39	33	3.93	2.59	3.03	-0.92	-1.54	131	
6	39	38	2.42	2.30	0.43	1.24	0.67	132	
6	39	43	4.12	4.24	3.44	-1.01	-0.83	133	
6	43	3	19.05	0.01	16.29	-12.71	5.23	134	
6	43	8	-15.22	26.24	2.16	38.72	75.98	135	
6	43	13	1.58	1.37	1.41	0.17	-0.91	136	
6	43	18	4.00	3.09	4.89	0.28	1.32	137	
6	43	23	3.13	3.72	2.78	-0.50	0.36	138	
6	43	28	4.37	3.31	2.23	0.20	2.04	139	
6	43	33	2.18	2.87	3.40	1.49	0.89	140	
6	43	38	5.01	4.24	5.00	-1.03	1.45	141	
6	43	43	5.34	2.60	4.74	-2.01	3.85	142	
