143
diam	c	r	EConv0	EConv1	EConv2	OConv0	OConv1
6	3	3	5.01	3.94	6.43	-1.32	-1.02	44	
6	3	8	2.02	3.00	1.70	4.49	-2.86	45	
6	3	13	2.36	6.27	8.32	-4.71	-0.45	46	
6	3	18	5.29	9.89	11.31	-3.66	3.98	47	
6	3	23	5.91	15.54	15.19	4.25	2.54	48	
6	3	28	2.32	12.68	15.98	-4.94	13.63	49	
6	3	33	2.72	16.09	12.82	3.81	2.12	50	
6	3	38	20.33	37.26	14.31	-20.64	-22.06	51	
6	3	43	-67.19	-29.68	-6.04	47.11	-16.02	52	
6	7	3	3.91	3.06	4.53	3.41	-0.78	53	
6	7	8	2.89	3.04	2.64	-0.92	3.19	54	
6	7	13	4.55	4.30	3.99	-1.98	2.44	55	
6	7	18	3.96	1.50	4.06	0.71	0.39	56	
6	7	23	5.36	3.65	3.17	-1.59	3.57	57	
6	7	28	3.18	1.52	-0.20	2.05	-1.10	58	
6	7	33	-0.22	9.46	1.05	1.63	-4.29	59	
6	7	38	-3.14	-1.26	5.28	-66.15	-56.45	60	
6	7	43	-9.35	4.75	-10.10	84.02	49.91	61	
6	11	3	3.72	4.93	2.47	1.03	3.37	62	
6	11	8	4.44	3.60	3.94	0.36	-0.72	63	
6	11	13	2.14	0.23	3.69	1.45	-1.20	64	
6	11	18	4.25	4.85	3.89	0.56	3.11	65	
6	11	23	3.61	4.45	4.14	0.28	-1.12	66	
6	11	28	5.13	6.22	4.17	-1.28	-0.02	67	
6	11	33	11.39	26.07	-3.98	-54.74	-40.92	68	
6	11	38	-20.86	-44.44	6.31	29.21	38.12	69	
6	11	43	9.52	17.54	1.47	40.74	9.32	70	
6	15	3	4.89	3.76	3.68	0.04	0.59	71	
6	15	8	3.99	3.84	3.48	0.50	0.23	72	
6	15	13	2.63	3.51	2.85	3.05	1.38	73	
6	15	18	4.47	4.23	4.13	-1.68	-4.19	74	
6	15	23	5.88	4.31	4.22	-0.19	0.54	75	
6	15	28	12.88	30.34	-1.61	-30.01	-38.17	76	
6	15	33	-30.39	-59.70	14.42	-6.07	-15.61	77	
6	15	38	25.31	32.43	3.73	34.40	34.01	78	
6	15	43	-2.12	3.02	-2.49	23.29	-1.17	79	
6	19	3	4.80	4.15	4.15	-0.00	0.10	80	
6	19	8	3.20	3.95	2.62	0.16	0.79	81	
6	19	13	4.93	4.54	3.38	1.62	0.47	82	
6	19	18	1.99	2.97	5.24	0.35	0.12	83	
6	19	23	17.17	23.58	-0.77	-23.28	-15.66	84	
6	19	28	-10.61	-32.32	9.72	-43.50	-42.80	85	
6	19	33	9.74	15.11	-1.14	66.12	52.40	86	
6	19	38	14.15	9.25	2.09	2.62	3.44	87	
6	19	43	4.26	5.69	5.88	14.43	3.42	88	
6	23	3	3.76	3.58	3.60	-0.05	-0.06	89	
6	23	8	3.88	1.42	3.60	-1.30	1.85	90	
6	23	13	2.83	1.93	1.14	-1.35	0.05	91	
6	23	18	9.76	19.81	0.41	-8.37	-2.70	92	
6	23	23	-0.31	-6.39	9.12	-51.94	-65.29	93	
6	23	28	-9.34	-20.57	0.01	53.43	60.75	94	
6	23	33	12.47	20.10	-0.17	13.22	12.69	95	
6	23	38	12.34	5.84	6.38	-3.47	-2.73	96	
6	23	43	3.32	1.01	5.19	16.20	-0.69	97	
6	27	3	3.71	3.06	3.98	1.26	0.03	98	
6	27	8	4.00	1.51	1.73	0.78	0.74	99	
6	27	13	9.76	15.90	2.21	-4.40	-3.51	100	
6	27	18	3.01	4.22	-1.53	-60.54	-70.46	101	
6	27	23	-12.63	-41.03	7.35	42.26	42.55	102	
6	27	28	16.98	30.44	3.29	21.64	20.11	103	
6	27	33	3.97	2.35	3.94	-0.77	-0.14	104	
6	27	38	6.66	5.41	2.58	-9.63	-3.91	105	
6	27	43	4.61	3.49	1.24	22.25	0.04	106	
6	31	3	3.36	3.58	4.37	2.60	-0.39	107	
6	31	8	5.93	13.17	2.26	-3.48	-10.97	108	
6	31	13	6.71	8.99	0.61	-52.64	-64.51	109	
6	31	18	-15.76	-47.05	7.99	16.85	25.75	110	
6	31	23	15.75	29.53	-4.70	39.38	35.05	111	
6	31	28	2.72	3.29	1.33	2.78	0.67	112	
6	31	33	4.17	3.40	3.68	-1.43	-1.94	113	
6	31	38	10.95	6.95	7.54	-10.50	2.01	114	
6	31	43	9.08	8.18	4.39	12.45	2.69	115	
6	35	3	0.15	1.59	0.72	2.07	1.46	116	
6	35	8	-1.59	17.45	-5.55	-57.48	-67.25	117	
6	35	13	-18.33	-50.21	11.08	12.24	8.31	118	
6	35	18	12.45	32.92	-0.67	41.16	48.85	119	
6	35	23	3.96	6.50	5.69	1.44	0.72	120	
6	35	28	3.57	4.77	4.28	-2.13	0.85	121	
6	35	33	3.30	4.80	2.97	-2.88	-0.48	122	
6	35	38	10.65	6.13	4.91	-9.11	0.42	123	
6	35	43	8.79	4.21	6.89	12.55	2.32	124	
6	39	3	18.07	8.35	3.18	-7.39	-3.98	125	
6	39	8	-27.78	-43.52	-8.06	-21.86	26.47	126	
6	39	13	16.78	24.76	-1.32	53.59	63.46	127	
6	39	18	7.45	4.24	2.27	6.49	1.99	128	
6	39	23	4.53	3.91	5.10	0.57	-1.34	129	
6	39	28	3.83	2.66	2.35	-1.12	-0.72	130	
6	39	33	4.42	2.25	5.17	-1.00	1.13	131	
6	39	38	10.70	3.86	5.22	-9.84	-0.36	132	
6	39	43	8.27	2.95	3.63	15.91	-0.26	133	
6	43	3	9.70	4.27	7.97	-3.08	-1.73	134	
6	43	8	-2.87	22.03	17.44	7.25	43.22	135	
6	43	13	7.70	31.19	-6.00	-12.64	-28.77	136	
6	43	18	9.67	-0.22	11.27	7.02	-4.11	137	
6	43	23	2.87	5.45	0.85	-0.88	-0.34	138	
6	43	28	3.24	2.32	3.98	-1.27	-2.91	139	
6	43	33	3.93	4.98	3.23	1.10	-1.38	140	
6	43	38	16.57	21.46	4.16	-14.91	-7.78	141	
6	43	43	-3.95	-7.96	23.03	38.68	-38.55	142	
