143
diam	c	r	EConv0	EConv1	EConv2	OConv0	OConv1
6	3	3	3.98	2.94	4.87	5.01	-3.03	44	
6	3	8	2.86	2.99	3.93	-0.80	-2.70	45	
6	3	13	3.06	3.41	3.81	2.31	-1.23	46	
6	3	18	2.28	2.96	3.03	-1.20	-0.63	47	
6	3	23	2.35	2.96	3.12	-2.12	0.04	48	
6	3	28	5.64	3.41	3.65	-2.25	1.25	49	
6	3	33	4.34	-0.40	1.29	0.22	-0.92	50	
6	3	38	2.95	2.35	3.10	1.17	3.09	51	
6	3	43	6.04	4.24	4.66	-0.45	0.14	52	
6	7	3	5.05	5.36	0.83	0.81	2.52	53	
6	7	8	3.61	3.03	2.44	0.19	-0.41	54	
6	7	13	2.53	2.60	2.52	2.73	-0.98	55	
6	7	18	2.21	2.36	2.93	-0.13	-0.46	56	
6	7	23	2.09	4.11	4.36	0.56	0.78	57	
6	7	28	8.98	10.13	-1.40	-5.32	-3.21	58	
6	7	33	-9.90	10.90	28.34	14.94	-55.82	59	
6	7	38	2.30	1.64	1.45	1.24	-0.74	60	
6	7	43	5.84	4.38	4.16	0.38	-1.12	61	
6	11	3	2.48	2.04	3.95	-2.01	-0.48	62	
6	11	8	1.74	2.91	2.32	-0.45	0.39	63	
6	11	13	4.60	6.26	4.01	-0.93	1.25	64	
6	11	18	2.61	1.48	6.38	1.17	-0.67	65	
6	11	23	8.89	6.92	4.21	2.72	2.65	66	
6	11	28	27.68	41.70	-4.39	-70.38	-61.01	67	
6	11	33	-48.20	-44.40	-10.94	77.74	-27.54	68	
6	11	38	4.60	4.91	7.31	0.76	-3.68	69	
6	11	43	3.96	1.90	3.39	2.39	0.21	70	
6	15	3	1.26	2.76	2.52	-1.62	0.84	71	
6	15	8	3.25	4.83	4.60	-0.07	-1.60	72	
6	15	13	0.97	-1.22	3.01	0.34	-4.53	73	
6	15	18	4.63	3.78	-0.09	-0.14	1.37	74	
6	15	23	19.90	9.13	3.53	-7.81	-1.42	75	
6	15	28	-28.27	-37.88	4.42	-74.54	-47.89	76	
6	15	33	-10.29	-11.16	2.91	121.51	43.92	77	
6	15	38	0.55	6.00	-2.83	-5.23	5.59	78	
6	15	43	4.68	4.17	4.42	3.62	0.20	79	
6	19	3	1.99	3.49	2.55	-1.55	0.67	80	
6	19	8	0.60	5.45	4.09	1.62	1.10	81	
6	19	13	7.98	30.33	-2.08	-20.39	-17.05	82	
6	19	18	-12.82	-9.38	32.03	31.09	-62.70	83	
6	19	23	58.30	21.12	4.09	-36.57	4.61	84	
6	19	28	-17.24	-9.80	-2.20	-20.08	-5.63	85	
6	19	33	7.67	45.50	-18.35	93.39	-79.96	86	
6	19	38	-7.80	-5.19	53.50	26.30	-76.72	87	
6	19	43	0.99	4.52	1.64	1.34	0.05	88	
6	23	3	4.33	4.40	3.85	-3.87	-0.02	89	
6	23	8	3.07	1.62	6.76	4.33	4.05	90	
6	23	13	-1.55	10.69	-10.54	-98.24	-63.35	91	
6	23	18	-38.67	-37.37	-19.25	109.23	0.10	92	
6	23	23	50.11	39.06	12.67	-78.39	-39.90	93	
6	23	28	-11.62	-33.73	-5.34	1.18	26.49	94	
6	23	33	6.63	-18.90	-39.92	-4.92	48.81	95	
6	23	38	-47.31	-17.74	-31.62	87.04	-23.76	96	
6	23	43	3.95	1.99	2.37	-3.42	3.84	97	
6	27	3	4.72	2.73	5.01	-2.40	0.14	98	
6	27	8	21.87	19.85	-1.23	-8.35	-2.91	99	
6	27	13	-62.88	-67.66	16.27	-21.92	-0.99	100	
6	27	18	17.21	56.28	-14.90	51.98	64.05	101	
6	27	23	-27.84	-40.63	10.27	-76.28	-55.62	102	
6	27	28	25.92	35.71	32.05	70.17	81.95	103	
6	27	33	37.21	78.46	39.93	-84.41	-6.14	104	
6	27	38	-33.82	-24.08	-3.82	93.44	34.09	105	
6	27	43	10.87	4.69	9.02	-2.45	-7.60	106	
6	31	3	4.67	3.78	3.97	1.76	-0.02	107	
6	31	8	47.07	34.40	0.95	-66.73	-24.06	108	
6	31	13	-13.31	2.48	5.29	96.01	37.19	109	
6	31	18	14.83	20.97	7.52	-71.52	-96.46	110	
6	31	23	-19.05	-35.37	5.64	69.53	57.88	111	
6	31	28	38.48	43.50	-16.69	-29.93	-9.07	112	
6	31	33	-29.44	-80.37	6.64	-19.90	-23.10	113	
6	31	38	19.75	38.22	-5.64	67.47	51.01	114	
6	31	43	-0.79	3.61	2.96	5.07	-0.10	115	
6	35	3	2.68	2.56	3.90	2.51	-0.12	116	
6	35	8	23.31	15.98	-3.26	-125.98	-26.06	117	
6	35	13	35.09	22.83	-10.50	12.49	-70.89	118	
6	35	18	-26.94	-70.12	0.80	27.93	24.63	119	
6	35	23	21.12	38.01	2.31	39.66	28.01	120	
6	35	28	35.99	-10.13	15.49	-74.45	10.23	121	
6	35	33	5.12	23.99	-0.98	65.74	76.78	122	
6	35	38	3.57	11.05	2.13	2.30	5.32	123	
6	35	43	8.62	8.16	4.42	-1.59	-1.93	124	
6	39	3	-2.08	3.23	4.03	5.43	-3.23	125	
6	39	8	-9.52	-9.66	-3.16	-135.12	-4.42	126	
6	39	13	-10.11	-46.44	1.98	48.62	63.35	127	
6	39	18	7.61	42.22	-4.34	47.62	67.52	128	
6	39	23	3.33	6.85	1.79	-1.17	2.53	129	
6	39	28	5.74	-2.09	14.45	-4.17	6.69	130	
6	39	33	6.09	13.41	3.71	4.65	5.31	131	
6	39	38	3.88	4.98	3.99	5.63	1.38	132	
6	39	43	32.94	27.75	-0.63	-30.35	-9.88	133	
6	43	3	0.96	3.52	-0.23	2.34	1.10	134	
6	43	8	-6.64	-21.41	35.96	-53.62	50.52	135	
6	43	13	9.67	42.70	-3.71	33.18	45.57	136	
6	43	18	4.55	2.70	4.12	1.72	2.32	137	
6	43	23	2.66	3.52	4.93	-2.55	0.79	138	
6	43	28	7.05	3.23	2.78	0.66	-0.29	139	
6	43	33	4.95	2.95	4.14	-1.92	1.87	140	
6	43	38	5.27	4.82	5.36	2.55	-0.76	141	
6	43	43	44.25	24.86	0.01	-92.48	-17.76	142	
