143
diam	c	r	EConv0	EConv1	EConv2	OConv0	OConv1
6	3	3	10.12	19.36	5.88	12.80	14.24	44	
6	3	8	4.28	7.04	8.26	-2.26	1.60	45	
6	3	13	1.29	8.08	6.33	1.45	3.74	46	
6	3	18	4.57	9.28	8.84	-1.27	1.07	47	
6	3	23	3.65	9.04	8.54	-0.77	1.84	48	
6	3	28	3.21	6.69	7.37	2.98	-1.93	49	
6	3	33	0.44	5.57	1.72	3.41	-5.50	50	
6	3	38	5.41	5.13	9.44	-6.10	-3.29	51	
6	3	43	5.13	4.75	5.58	-0.74	0.54	52	
6	7	3	4.75	1.63	1.40	-0.38	-5.46	53	
6	7	8	4.64	2.42	3.35	2.14	-0.74	54	
6	7	13	1.93	1.36	1.77	-2.21	1.20	55	
6	7	18	4.12	1.80	1.51	-2.32	-0.07	56	
6	7	23	3.86	1.12	2.36	0.42	1.15	57	
6	7	28	4.72	3.85	5.21	8.65	4.55	58	
6	7	33	4.72	13.03	8.00	-7.41	1.10	59	
6	7	38	5.88	5.70	5.34	-1.01	-5.56	60	
6	7	43	4.39	2.09	4.39	2.99	-3.32	61	
6	11	3	3.82	2.50	3.31	1.57	0.33	62	
6	11	8	2.75	1.84	1.97	-0.26	-2.85	63	
6	11	13	3.73	3.41	2.72	-0.08	-0.39	64	
6	11	18	4.07	3.49	3.71	-2.59	-1.90	65	
6	11	23	2.70	2.88	4.00	3.31	-0.63	66	
6	11	28	15.69	16.71	1.43	-7.38	0.75	67	
6	11	33	-5.87	5.35	-10.08	-32.87	-66.42	68	
6	11	38	5.92	-21.70	12.35	41.34	-27.55	69	
6	11	43	4.07	2.97	2.43	5.57	3.33	70	
6	15	3	4.01	3.70	3.60	2.65	-1.86	71	
6	15	8	1.80	2.45	4.18	2.59	0.61	72	
6	15	13	4.14	2.24	4.60	-1.32	-0.03	73	
6	15	18	4.18	2.41	2.09	-3.07	0.01	74	
6	15	23	1.13	0.56	5.18	6.86	-0.63	75	
6	15	28	25.93	21.18	1.38	-38.69	-9.47	76	
6	15	33	-20.88	-16.01	3.83	-23.54	-12.25	77	
6	15	38	22.13	15.34	8.00	62.51	23.00	78	
6	15	43	3.13	7.44	1.09	-2.61	4.02	79	
6	19	3	7.23	6.54	4.22	2.17	0.26	80	
6	19	8	5.27	3.45	4.46	6.54	3.93	81	
6	19	13	0.06	8.67	1.84	-4.15	-10.64	82	
6	19	18	7.08	2.29	13.25	3.29	4.66	83	
6	19	23	1.41	14.25	-1.45	-1.60	-0.01	84	
6	19	28	18.49	9.03	8.83	-63.14	-30.05	85	
6	19	33	-19.47	-10.41	-3.87	13.45	0.87	86	
6	19	38	12.64	8.27	14.83	48.46	-29.01	87	
6	19	43	5.09	1.72	5.29	-3.55	-3.64	88	
6	23	3	2.38	2.14	2.29	-2.95	-2.54	89	
6	23	8	14.80	23.74	-2.86	-17.29	-18.52	90	
6	23	13	-15.73	-3.78	7.28	0.47	-57.60	91	
6	23	18	15.74	4.82	5.27	19.29	-0.09	92	
6	23	23	-0.06	14.11	-1.48	-37.67	-43.98	93	
6	23	28	-8.27	-41.97	5.99	-13.90	-11.68	94	
6	23	33	5.46	9.13	-14.04	-20.70	30.72	95	
6	23	38	-8.18	-13.05	-6.31	68.82	-14.51	96	
6	23	43	13.40	5.85	4.39	-0.53	0.71	97	
6	27	3	2.54	4.89	1.36	-2.34	3.38	98	
6	27	8	7.87	2.59	-0.62	-59.15	-26.48	99	
6	27	13	-12.86	-19.04	-0.93	40.58	33.61	100	
6	27	18	22.71	28.05	-7.33	-27.48	-40.19	101	
6	27	23	-12.19	-39.13	6.78	-4.46	-7.76	102	
6	27	28	8.04	17.65	6.72	40.21	57.33	103	
6	27	33	-3.85	14.35	4.90	-49.26	4.55	104	
6	27	38	-6.10	-0.60	-3.97	70.83	30.09	105	
6	27	43	8.81	5.45	3.93	-5.22	1.29	106	
6	31	3	12.06	6.66	7.53	-10.52	-1.63	107	
6	31	8	-18.21	-16.65	11.44	-24.11	-6.57	108	
6	31	13	12.18	30.38	-5.74	5.43	2.09	109	
6	31	18	-5.96	-24.80	12.11	-20.56	-23.97	110	
6	31	23	3.33	9.15	4.69	43.54	49.23	111	
6	31	28	10.99	14.62	0.64	-4.18	-6.02	112	
6	31	33	-23.98	-20.47	-5.08	-37.24	-7.65	113	
6	31	38	22.81	26.99	-0.74	53.16	23.56	114	
6	31	43	-0.93	2.24	6.54	-2.11	-4.72	115	
6	35	3	18.48	8.26	2.27	-12.77	-0.90	116	
6	35	8	-22.18	1.46	-19.03	-25.09	-25.50	117	
6	35	13	0.65	-23.16	9.69	5.43	-39.29	118	
6	35	18	0.28	-2.18	-0.54	36.50	55.61	119	
6	35	23	8.87	15.91	0.13	1.79	4.28	120	
6	35	28	12.38	2.26	5.91	-4.15	-1.43	121	
6	35	33	-16.75	-10.80	11.74	4.46	46.55	122	
6	35	38	9.29	10.99	-2.18	4.21	8.03	123	
6	35	43	3.42	3.82	-0.28	-1.37	7.88	124	
6	39	3	13.91	2.12	12.08	-10.18	3.56	125	
6	39	8	-10.74	-15.25	0.46	-34.19	56.69	126	
6	39	13	-2.14	2.27	-7.02	44.24	70.16	127	
6	39	18	11.40	15.86	7.12	10.20	6.15	128	
6	39	23	2.62	8.81	0.50	-7.66	4.02	129	
6	39	28	8.20	12.86	14.44	-4.00	-10.67	130	
6	39	33	5.20	11.49	3.90	15.70	3.93	131	
6	39	38	4.71	0.24	3.55	-5.11	2.90	132	
6	39	43	2.98	16.28	2.86	-13.78	-22.94	133	
6	43	3	4.08	4.04	2.25	-0.89	-1.51	134	
6	43	8	1.33	6.35	11.17	-6.17	15.09	135	
6	43	13	6.11	14.68	5.08	14.20	2.44	136	
6	43	18	3.28	15.76	3.73	-6.60	-9.63	137	
6	43	23	6.61	12.99	2.24	-33.93	-43.64	138	
6	43	28	-11.00	-21.23	3.86	26.88	-41.09	139	
6	43	33	10.27	4.22	5.73	12.84	3.25	140	
6	43	38	16.00	30.98	1.44	-30.11	-29.50	141	
6	43	43	-13.20	-16.18	3.73	-18.37	-47.04	142	
