143
diam	c	r	EConv0	EConv1	EConv2	OConv0	OConv1
6	3	3	4.92	5.77	5.29	-1.72	0.27	44	
6	3	8	5.16	4.70	5.06	-1.29	-0.68	45	
6	3	13	4.12	4.17	2.86	1.30	0.87	46	
6	3	18	2.92	3.78	3.78	-0.11	0.85	47	
6	3	23	3.75	4.19	3.72	0.70	0.64	48	
6	3	28	3.85	4.66	4.82	0.11	1.01	49	
6	3	33	3.40	4.57	4.30	0.43	0.54	50	
6	3	38	4.74	5.78	5.63	-0.64	-0.53	51	
6	3	43	3.49	3.55	5.47	1.13	-0.42	52	
6	7	3	4.60	3.66	4.72	-0.62	-1.19	53	
6	7	8	4.05	4.15	4.39	-0.97	0.26	54	
6	7	13	5.05	5.22	5.39	0.14	-0.40	55	
6	7	18	3.98	4.40	4.70	-0.09	0.16	56	
6	7	23	4.37	4.81	4.65	0.12	-0.10	57	
6	7	28	4.40	4.91	4.27	-0.37	-0.34	58	
6	7	33	4.28	4.61	3.83	-0.41	1.42	59	
6	7	38	4.00	1.82	5.30	-2.33	3.87	60	
6	7	43	5.62	5.85	3.56	0.81	2.07	61	
6	11	3	3.91	4.76	3.84	-0.54	-0.09	62	
6	11	8	4.82	4.56	4.52	-0.06	0.57	63	
6	11	13	4.62	3.77	3.96	0.66	0.43	64	
6	11	18	5.39	4.46	3.80	-0.81	0.53	65	
6	11	23	5.11	5.94	3.51	-0.34	-2.14	66	
6	11	28	4.58	3.54	4.66	0.09	0.61	67	
6	11	33	5.19	4.88	4.60	-1.72	-2.08	68	
6	11	38	4.54	3.88	3.46	1.99	-1.69	69	
6	11	43	4.23	3.13	4.72	1.86	-5.42	70	
6	15	3	3.30	3.51	4.75	-1.46	0.20	71	
6	15	8	4.38	3.83	4.47	-0.36	-0.46	72	
6	15	13	5.55	5.59	4.70	0.12	0.84	73	
6	15	18	5.11	4.71	6.08	1.11	0.19	74	
6	15	23	3.92	3.04	6.81	0.79	2.60	75	
6	15	28	3.91	5.10	4.94	-0.31	-0.17	76	
6	15	33	3.53	4.39	3.82	-1.92	0.39	77	
6	15	38	5.73	4.67	4.91	0.81	2.43	78	
6	15	43	4.77	6.71	4.13	1.13	4.37	79	
6	19	3	4.67	4.35	4.30	0.34	0.03	80	
6	19	8	4.23	4.20	4.31	0.40	-0.13	81	
6	19	13	3.36	3.85	4.24	0.70	-1.26	82	
6	19	18	3.23	4.83	3.61	-0.37	-1.71	83	
6	19	23	2.73	3.74	3.03	2.38	-2.25	84	
6	19	28	4.40	19.21	6.26	-5.43	-8.76	85	
6	19	33	4.44	3.65	5.40	-1.80	-0.38	86	
6	19	38	5.39	5.48	5.31	1.80	-2.16	87	
6	19	43	4.99	4.89	5.33	-1.67	-1.60	88	
6	23	3	5.11	4.88	5.43	1.08	0.97	89	
6	23	8	5.08	5.71	4.29	-1.67	0.36	90	
6	23	13	5.12	5.71	3.08	0.58	-0.19	91	
6	23	18	3.96	3.67	4.20	-1.55	0.33	92	
6	23	23	3.64	3.59	5.52	1.71	1.17	93	
6	23	28	-53.10	-52.97	-7.99	-5.15	-11.81	94	
6	23	33	4.32	4.80	5.06	-0.02	1.61	95	
6	23	38	3.06	3.15	4.27	-0.90	1.31	96	
6	23	43	4.56	3.87	3.41	-0.06	1.13	97	
6	27	3	4.55	3.45	4.97	0.92	0.82	98	
6	27	8	7.63	9.51	4.25	-5.02	-2.52	99	
6	27	13	-11.19	-35.48	-26.26	-17.85	-33.68	100	
6	27	18	19.22	0.18	10.69	17.40	-6.46	101	
6	27	23	5.10	8.05	2.64	-1.91	-4.18	102	
6	27	28	-19.36	31.91	-6.08	30.22	-37.29	103	
6	27	33	-14.32	-5.37	27.47	15.94	-63.11	104	
6	27	38	4.63	4.92	3.92	1.13	0.94	105	
6	27	43	5.67	4.92	5.14	-1.62	-1.27	106	
6	31	3	6.03	4.25	5.15	1.80	-1.34	107	
6	31	8	-0.69	-1.50	0.47	-28.31	-12.95	108	
6	31	13	11.30	25.32	16.50	0.13	10.67	109	
6	31	18	12.66	17.35	2.14	0.57	0.27	110	
6	31	23	1.37	-6.78	4.86	7.13	-0.01	111	
6	31	28	-14.04	0.95	28.06	-17.47	61.03	112	
6	31	33	-16.81	35.22	6.60	7.47	35.88	113	
6	31	38	4.89	3.59	4.32	1.58	-0.64	114	
6	31	43	3.86	5.22	3.23	-1.86	-0.72	115	
6	35	3	4.82	6.36	2.03	0.81	-2.70	116	
6	35	8	-29.70	-12.16	-8.24	-5.87	3.69	117	
6	35	13	6.13	18.70	4.02	-2.67	-7.32	118	
6	35	18	-1.47	-29.94	11.42	9.13	-6.50	119	
6	35	23	8.45	11.43	2.30	2.59	2.25	120	
6	35	28	9.64	12.36	3.13	-6.00	-5.06	121	
6	35	33	2.65	0.04	1.23	10.32	9.59	122	
6	35	38	5.12	-2.48	-1.58	-2.87	-3.70	123	
6	35	43	1.71	-3.07	2.15	1.11	-4.88	124	
6	39	3	3.76	2.20	3.77	-3.17	1.17	125	
6	39	8	17.41	6.29	0.28	-28.28	2.20	126	
6	39	13	3.04	-21.89	2.62	14.58	26.61	127	
6	39	18	7.24	17.94	3.52	5.58	7.95	128	
6	39	23	6.52	3.00	3.98	-3.55	0.73	129	
6	39	28	8.52	6.00	9.49	-2.83	5.06	130	
6	39	33	-32.56	0.78	-6.08	-1.91	-52.72	131	
6	39	38	5.66	7.50	6.08	1.58	-2.19	132	
6	39	43	4.03	6.98	6.73	-0.03	-0.23	133	
6	43	3	5.54	5.38	6.11	-0.11	0.64	134	
6	43	8	5.32	3.88	8.61	-2.45	2.13	135	
6	43	13	4.61	5.10	3.46	-0.57	0.49	136	
6	43	18	3.06	2.75	3.30	0.32	-0.25	137	
6	43	23	3.97	3.98	6.46	1.19	-0.52	138	
6	43	28	4.53	4.99	5.22	-2.30	-0.33	139	
6	43	33	-9.09	20.57	24.44	-0.58	36.14	140	
6	43	38	3.84	2.17	3.32	-3.07	2.12	141	
6	43	43	4.95	4.12	3.95	1.34	1.64	142	
