143
diam	c	r	EConv0	EConv1	EConv2	OConv0	OConv1
6	3	3	4.14	2.55	2.52	-3.19	-0.41	44	
6	3	8	2.29	0.98	1.06	2.61	-0.47	45	
6	3	13	3.90	3.24	3.49	1.07	-0.13	46	
6	3	18	3.45	3.13	3.13	-1.79	-0.14	47	
6	3	23	4.16	3.78	4.58	0.54	0.94	48	
6	3	28	3.05	4.17	3.32	-1.06	1.21	49	
6	3	33	4.46	2.68	2.53	-0.30	-2.03	50	
6	3	38	3.69	15.42	7.15	-1.57	-11.67	51	
6	3	43	4.56	4.38	5.74	1.27	0.73	52	
6	7	3	3.89	3.43	5.00	-1.23	-1.30	53	
6	7	8	3.86	5.83	4.16	1.70	0.25	54	
6	7	13	3.84	4.50	4.47	0.92	-0.29	55	
6	7	18	4.53	3.57	4.67	-1.47	-0.03	56	
6	7	23	4.67	4.88	3.05	-0.18	-2.94	57	
6	7	28	4.92	0.71	5.95	1.27	-2.02	58	
6	7	33	10.54	11.61	-1.89	-6.63	-3.46	59	
6	7	38	-20.77	-12.86	-7.35	-24.42	-43.88	60	
6	7	43	18.74	3.76	10.22	15.27	-2.62	61	
6	11	3	3.09	3.72	2.76	-0.34	0.34	62	
6	11	8	2.99	4.01	3.86	0.10	-1.07	63	
6	11	13	3.70	5.68	5.30	-1.70	-4.57	64	
6	11	18	6.22	4.57	1.84	-1.46	-0.04	65	
6	11	23	3.61	2.51	6.20	1.85	-3.75	66	
6	11	28	4.93	6.23	2.80	3.34	-0.94	67	
6	11	33	19.72	4.90	4.07	-30.65	-4.71	68	
6	11	38	-22.74	-8.12	5.47	8.56	12.16	69	
6	11	43	12.13	10.16	2.94	7.64	3.99	70	
6	15	3	4.04	4.04	2.81	-1.82	0.96	71	
6	15	8	3.74	4.31	3.94	-0.96	-1.13	72	
6	15	13	8.90	29.24	8.31	-14.28	-18.49	73	
6	15	18	-9.88	-5.27	-8.16	-11.88	-75.76	74	
6	15	23	10.11	-6.83	22.04	25.97	-21.30	75	
6	15	28	2.35	1.88	0.51	1.16	-3.02	76	
6	15	33	24.72	24.28	8.09	-49.63	-17.97	77	
6	15	38	-18.23	-14.04	5.19	49.24	-5.36	78	
6	15	43	3.74	1.80	2.61	4.02	-1.96	79	
6	19	3	4.23	4.26	5.77	-3.22	-1.16	80	
6	19	8	11.25	23.86	-0.38	-21.55	-15.27	81	
6	19	13	-11.72	-48.30	0.12	-14.32	-4.18	82	
6	19	18	20.99	35.63	18.72	8.80	57.35	83	
6	19	23	-0.07	1.88	-10.18	41.96	7.38	84	
6	19	28	13.77	33.29	5.34	-23.07	-21.41	85	
6	19	33	-7.33	-47.55	7.76	-4.30	-1.85	86	
6	19	38	-14.19	6.94	-41.56	6.39	21.21	87	
6	19	43	13.25	2.43	9.92	17.09	-6.32	88	
6	23	3	1.74	3.82	2.26	-0.64	-1.57	89	
6	23	8	-9.83	-21.84	7.09	-28.99	-9.46	90	
6	23	13	13.60	41.67	4.65	21.94	19.30	91	
6	23	18	-7.31	-14.40	2.52	-16.34	-16.07	92	
6	23	23	18.77	49.12	-2.68	-13.39	-19.81	93	
6	23	28	-8.78	-45.73	11.27	-1.99	-1.60	94	
6	23	33	11.06	30.73	1.58	23.54	31.99	95	
6	23	38	9.87	8.94	29.27	-17.39	26.30	96	
6	23	43	6.51	4.60	5.68	19.40	0.20	97	
6	27	3	18.17	14.55	3.15	-13.78	-5.62	98	
6	27	8	2.34	5.54	7.31	20.52	-4.46	99	
6	27	13	-3.02	-11.87	-1.36	-3.11	-27.93	100	
6	27	18	6.83	21.84	11.17	-17.65	-36.89	101	
6	27	23	-4.46	-52.01	-0.53	9.91	15.44	102	
6	27	28	12.34	26.21	-0.47	27.60	31.81	103	
6	27	33	1.18	1.51	1.40	2.83	-5.65	104	
6	27	38	6.09	6.35	-2.75	-13.56	-11.42	105	
6	27	43	3.74	2.48	-2.30	23.34	0.14	106	
6	31	3	25.28	7.26	12.02	-27.61	0.76	107	
6	31	8	-1.22	-7.10	-34.30	-7.57	-30.08	108	
6	31	13	-2.33	-37.88	-15.69	-1.30	-29.86	109	
6	31	18	-2.93	-24.02	-10.79	38.19	50.59	110	
6	31	23	6.87	20.59	-0.86	12.75	16.20	111	
6	31	28	5.08	6.27	3.99	1.29	-5.62	112	
6	31	33	3.88	8.72	2.79	-4.42	-7.43	113	
6	31	38	-1.77	-9.94	9.86	-0.28	-3.48	114	
6	31	43	3.32	8.26	0.52	6.77	5.41	115	
6	35	3	4.84	0.53	9.43	-3.54	4.51	116	
6	35	8	0.17	7.34	30.28	-12.13	62.12	117	
6	35	13	-0.01	33.82	12.16	11.76	70.93	118	
6	35	18	6.39	16.93	3.11	5.26	13.09	119	
6	35	23	6.02	6.06	3.02	-5.65	1.95	120	
6	35	28	3.81	9.70	6.04	-6.23	-15.69	121	
6	35	33	-2.28	-19.02	-2.22	-1.24	0.05	122	
6	35	38	5.39	10.50	-3.31	13.62	13.31	123	
6	35	43	2.82	4.36	4.57	0.81	1.70	124	
6	39	3	4.03	4.51	1.66	-1.78	2.41	125	
6	39	8	3.13	2.42	1.15	2.99	-5.65	126	
6	39	13	1.80	0.78	3.65	0.06	-8.69	127	
6	39	18	5.17	3.29	4.04	-0.75	-2.57	128	
6	39	23	5.39	1.15	4.26	-6.54	1.17	129	
6	39	28	0.97	2.53	8.48	0.06	23.78	130	
6	39	33	3.02	11.44	0.12	5.14	8.18	131	
6	39	38	3.14	-0.32	3.82	2.83	-2.26	132	
6	39	43	0.53	1.49	3.14	0.20	0.32	133	
6	43	3	3.98	2.22	4.72	-2.57	0.69	134	
6	43	8	2.22	0.62	-1.20	-2.60	2.22	135	
6	43	13	1.71	0.88	-0.41	1.92	5.36	136	
6	43	18	5.07	4.46	2.10	0.08	-1.81	137	
6	43	23	1.42	1.40	3.30	1.01	-0.90	138	
6	43	28	1.82	3.77	3.09	-0.83	2.46	139	
6	43	33	4.57	6.36	6.54	-3.14	0.89	140	
6	43	38	6.13	28.75	0.68	-25.30	-40.99	141	
6	43	43	14.07	-6.16	11.35	24.16	-10.37	142	
