143
diam	c	r	EConv0	EConv1	EConv2	OConv0	OConv1
6	3	3	2.24	1.86	1.12	-0.00	-5.43	44	
6	3	8	4.23	3.51	4.23	-0.29	-0.11	45	
6	3	13	3.21	5.37	2.72	-3.50	-3.01	46	
6	3	18	5.46	4.27	6.37	2.15	1.24	47	
6	3	23	3.22	6.73	3.60	-0.58	-0.40	48	
6	3	28	3.07	4.52	5.56	1.04	-5.33	49	
6	3	33	4.48	2.88	3.16	1.10	0.15	50	
6	3	38	3.71	7.77	10.26	0.46	-1.18	51	
6	3	43	1.12	3.52	3.28	0.25	-4.80	52	
6	7	3	3.27	-13.21	-11.78	-2.97	-42.13	53	
6	7	8	0.95	-22.92	-22.61	-0.20	-39.00	54	
6	7	13	1.28	-18.15	-15.05	0.34	-35.69	55	
6	7	18	1.28	-21.15	-20.30	0.17	-32.93	56	
6	7	23	1.42	-23.15	-20.31	-2.81	-28.81	57	
6	7	28	2.14	-22.46	-21.18	1.77	-23.09	58	
6	7	33	3.68	-26.19	-28.24	-1.10	-23.81	59	
6	7	38	-14.45	-38.03	-28.93	8.46	-37.70	60	
6	7	43	2.41	-30.61	-27.25	1.35	-18.70	61	
6	11	3	1.80	19.46	18.49	0.25	28.24	62	
6	11	8	3.65	18.34	18.99	-1.60	26.82	63	
6	11	13	1.50	16.11	15.32	-1.24	27.69	64	
6	11	18	4.01	19.69	15.74	3.00	20.90	65	
6	11	23	3.20	14.66	15.10	-2.52	22.50	66	
6	11	28	3.00	17.58	12.34	3.34	18.68	67	
6	11	33	22.71	37.30	7.98	-32.81	-1.97	68	
6	11	38	13.39	5.26	10.74	51.69	35.66	69	
6	11	43	3.98	23.59	19.59	-1.56	6.53	70	
6	15	3	1.92	3.02	1.52	0.46	-0.10	71	
6	15	8	4.28	4.80	5.80	0.10	-1.00	72	
6	15	13	2.80	2.34	4.06	0.02	1.19	73	
6	15	18	1.87	1.94	2.52	-2.78	-0.26	74	
6	15	23	4.77	4.71	4.95	-0.92	-4.09	75	
6	15	28	0.74	1.94	3.22	0.02	-2.69	76	
6	15	33	-21.46	-15.00	0.63	-49.51	-35.45	77	
6	15	38	36.85	55.65	12.63	-20.49	-47.75	78	
6	15	43	-5.55	-31.80	11.34	58.73	-31.99	79	
6	19	3	3.20	4.26	4.21	0.55	0.28	80	
6	19	8	4.11	3.33	4.05	-0.29	1.62	81	
6	19	13	5.33	3.71	5.77	0.71	-3.52	82	
6	19	18	5.70	4.77	2.05	-2.04	2.68	83	
6	19	23	3.60	2.46	4.28	0.51	1.60	84	
6	19	28	15.96	23.75	-3.39	-28.33	-15.71	85	
6	19	33	-0.70	-18.97	-16.59	-20.00	23.39	86	
6	19	38	7.38	-32.62	-18.97	-3.26	31.57	87	
6	19	43	24.37	26.33	-4.44	63.30	33.30	88	
6	23	3	0.50	1.47	0.47	-1.41	-0.23	89	
6	23	8	6.17	3.50	5.86	-2.50	0.30	90	
6	23	13	13.52	35.31	-1.63	-23.54	-29.69	91	
6	23	18	-13.37	-33.81	20.45	39.35	-55.47	92	
6	23	23	5.92	10.36	0.14	-1.72	-0.94	93	
6	23	28	-27.32	-44.80	8.51	-11.84	-5.82	94	
6	23	33	10.02	21.54	23.18	6.03	22.35	95	
6	23	38	-21.45	-24.41	18.93	-9.40	-4.77	96	
6	23	43	10.42	13.20	1.76	8.64	5.70	97	
6	27	3	2.81	3.01	3.20	-1.42	-0.21	98	
6	27	8	4.95	7.11	2.40	0.18	-2.57	99	
6	27	13	-22.74	-25.72	3.34	-52.34	-42.44	100	
6	27	18	11.15	16.30	-11.73	65.54	41.23	101	
6	27	23	-0.60	3.31	7.71	-38.26	-41.74	102	
6	27	28	16.66	26.49	-1.77	34.45	24.02	103	
6	27	33	12.74	15.41	-2.93	-28.81	-22.35	104	
6	27	38	13.25	19.65	4.89	25.41	24.15	105	
6	27	43	2.63	2.84	2.21	1.19	-1.94	106	
6	31	3	3.42	3.49	2.83	-1.75	0.15	107	
6	31	8	35.39	25.65	-2.56	-41.95	-14.50	108	
6	31	13	-7.69	-16.62	15.22	48.75	41.76	109	
6	31	18	24.17	52.45	6.24	-32.48	-52.96	110	
6	31	23	-13.59	-30.35	3.49	50.02	24.86	111	
6	31	28	11.99	10.54	3.85	-8.50	-6.80	112	
6	31	33	-9.96	-21.01	7.95	5.96	9.09	113	
6	31	38	9.31	12.99	8.35	3.08	-1.49	114	
6	31	43	3.53	9.97	14.62	2.09	-5.22	115	
6	35	3	4.05	3.99	3.95	-2.92	0.73	116	
6	35	8	32.77	11.48	9.55	-68.68	-2.35	117	
6	35	13	12.73	2.33	-17.71	1.41	-52.44	118	
6	35	18	-14.39	-56.64	-8.48	36.79	49.56	119	
6	35	23	14.53	40.01	5.40	11.26	13.09	120	
6	35	28	5.60	-5.22	-0.43	-17.58	2.45	121	
6	35	33	9.61	14.29	2.61	17.11	12.59	122	
6	35	38	-10.45	15.00	-18.88	-64.75	-62.66	123	
6	35	43	-14.58	-23.99	-29.55	24.72	-68.63	124	
6	39	3	2.82	2.59	3.47	-1.30	-0.86	125	
6	39	8	15.06	-19.58	26.90	-32.64	29.17	126	
6	39	13	-0.14	25.83	11.61	25.13	91.50	127	
6	39	18	8.23	25.46	2.60	8.77	15.31	128	
6	39	23	-26.30	-25.55	7.35	2.57	-22.55	129	
6	39	28	3.30	4.70	4.92	1.22	5.98	130	
6	39	33	4.13	5.89	4.60	0.80	-0.42	131	
6	39	38	-33.39	-34.05	-23.42	-71.17	35.68	132	
6	39	43	-28.49	-29.27	1.49	33.17	18.29	133	
6	43	3	3.10	2.83	3.74	-0.95	0.27	134	
6	43	8	3.31	3.64	1.90	1.57	-0.40	135	
6	43	13	1.97	0.29	-0.50	-1.23	-2.87	136	
6	43	18	22.09	22.99	-4.83	-35.46	-23.60	137	
6	43	23	8.55	8.22	-2.61	44.91	25.66	138	
6	43	28	5.36	3.63	4.71	-0.60	-0.49	139	
6	43	33	4.91	2.18	3.78	-0.23	3.15	140	
6	43	38	31.52	49.26	33.45	-51.24	-10.69	141	
6	43	43	-6.08	-0.11	-10.20	77.68	44.02	142	
