143
diam	c	r	EConv0	EConv1	EConv2	OConv0	OConv1
6	3	3	-0.77	-0.53	0.09	4.33	-9.18	44	
6	3	8	6.19	2.80	4.06	2.50	-5.31	45	
6	3	13	3.48	16.28	-0.00	-5.42	-8.16	46	
6	3	18	2.04	19.92	1.92	-23.13	-65.62	47	
6	3	23	-9.64	-38.68	-6.88	-10.24	-43.11	48	
6	3	28	6.14	5.41	0.42	46.76	37.85	49	
6	3	33	0.39	7.07	3.45	4.25	-0.19	50	
6	3	38	-4.45	7.01	11.67	-5.17	-17.01	51	
6	3	43	3.06	2.93	3.09	0.96	-0.43	52	
6	7	3	-0.78	-0.48	2.36	7.47	4.38	53	
6	7	8	10.05	8.86	2.99	0.60	4.61	54	
6	7	13	9.51	11.82	-1.74	-50.29	-42.50	55	
6	7	18	-11.21	-42.27	2.61	13.24	12.92	56	
6	7	23	5.04	16.26	6.73	30.36	61.97	57	
6	7	28	8.95	15.68	0.55	1.73	2.36	58	
6	7	33	15.97	25.62	-4.19	-28.57	-25.26	59	
6	7	38	-16.99	-26.70	5.00	39.82	-23.57	60	
6	7	43	3.71	3.21	3.12	0.80	1.37	61	
6	11	3	1.28	5.56	0.19	4.98	6.05	62	
6	11	8	23.18	14.60	0.53	-23.89	-14.82	63	
6	11	13	-8.93	-22.60	5.34	-23.46	-18.32	64	
6	11	18	16.30	16.14	20.51	63.52	25.95	65	
6	11	23	6.52	9.10	3.82	2.26	5.47	66	
6	11	28	8.90	8.48	2.24	-6.79	2.39	67	
6	11	33	-3.03	-7.34	0.38	-60.94	-33.21	68	
6	11	38	15.54	7.82	3.06	71.36	23.48	69	
6	11	43	3.94	3.26	3.03	0.86	1.43	70	
6	15	3	-0.43	3.45	3.83	-1.85	3.04	71	
6	15	8	12.56	-4.51	11.68	-26.65	5.77	72	
6	15	13	-17.47	8.75	-13.38	-15.12	10.75	73	
6	15	18	7.98	23.13	-16.48	23.36	-46.00	74	
6	15	23	-0.60	-13.03	21.86	38.70	-53.49	75	
6	15	28	12.37	22.31	2.35	-35.17	-40.67	76	
6	15	33	-19.69	-21.77	10.65	-7.33	-9.70	77	
6	15	38	27.10	20.74	0.82	36.80	15.11	78	
6	15	43	5.08	4.50	5.38	1.91	1.04	79	
6	19	3	3.20	3.50	3.78	0.24	1.13	80	
6	19	8	7.05	15.14	-0.01	-12.09	-3.92	81	
6	19	13	-19.35	-3.27	10.50	-33.30	-9.05	82	
6	19	18	-1.82	-13.38	-7.52	-8.21	-1.43	83	
6	19	23	-7.52	7.59	-16.83	55.27	-7.85	84	
6	19	28	-12.07	-19.95	1.76	-40.95	-29.89	85	
6	19	33	-21.24	-0.21	-6.64	23.85	6.82	86	
6	19	38	9.25	2.00	12.23	20.97	-18.50	87	
6	19	43	5.45	3.60	3.93	3.20	-0.12	88	
6	23	3	2.62	4.73	2.91	-1.11	-2.38	89	
6	23	8	19.09	18.75	0.20	-58.00	-25.28	90	
6	23	13	-5.64	-25.90	2.97	15.35	24.08	91	
6	23	18	19.41	16.57	-0.76	-29.62	59.12	92	
6	23	23	-0.91	4.76	-11.35	-0.23	-15.25	93	
6	23	28	32.57	-1.64	14.39	12.61	45.84	94	
6	23	33	-0.11	4.49	-4.96	0.23	-8.01	95	
6	23	38	17.50	-3.77	6.71	54.64	1.37	96	
6	23	43	5.43	4.08	3.47	3.14	0.08	97	
6	27	3	6.63	0.69	8.25	1.51	-4.51	98	
6	27	8	-7.65	-2.86	-2.02	-80.16	-23.42	99	
6	27	13	24.05	10.68	17.27	66.01	31.29	100	
6	27	18	22.02	23.26	14.55	-45.45	-7.74	101	
6	27	23	-13.21	-20.65	4.84	19.22	40.24	102	
6	27	28	30.96	12.08	5.84	13.28	23.17	103	
6	27	33	-27.91	-15.41	-19.28	-12.73	36.13	104	
6	27	38	19.31	17.20	-6.14	41.66	18.55	105	
6	27	43	4.18	3.46	3.76	2.23	1.58	106	
6	31	3	4.61	7.53	1.51	2.16	-3.86	107	
6	31	8	-43.95	-25.97	-3.55	-44.92	-9.08	108	
6	31	13	38.77	42.46	-1.38	10.18	-47.71	109	
6	31	18	-2.73	-35.40	12.22	-7.76	-43.87	110	
6	31	23	12.20	13.58	4.96	41.76	34.84	111	
6	31	28	0.68	7.07	2.97	1.43	5.36	112	
6	31	33	-7.54	7.57	15.20	-4.00	45.09	113	
6	31	38	2.99	7.52	-1.14	1.24	6.96	114	
6	31	43	4.18	4.42	3.74	1.59	0.22	115	
6	35	3	0.74	1.09	-0.59	-5.92	2.71	116	
6	35	8	-39.71	-5.22	-10.09	-27.90	-1.16	117	
6	35	13	-2.70	-29.51	1.96	-6.46	-10.99	118	
6	35	18	7.65	6.05	0.05	46.51	59.77	119	
6	35	23	10.61	13.27	-0.02	4.32	3.78	120	
6	35	28	4.40	1.59	1.67	0.71	1.62	121	
6	35	33	4.37	2.32	1.43	1.31	-6.46	122	
6	35	38	3.71	3.36	5.49	-0.02	0.85	123	
6	35	43	3.30	4.21	3.10	-0.24	-0.13	124	
6	39	3	5.30	5.95	3.37	-11.50	-3.37	125	
6	39	8	-22.64	-12.53	-7.70	-36.92	34.33	126	
6	39	13	-6.32	-2.14	0.19	44.27	48.51	127	
6	39	18	12.42	16.14	4.35	16.01	7.50	128	
6	39	23	2.44	2.37	6.02	3.83	0.49	129	
6	39	28	3.95	3.64	4.86	0.45	-1.26	130	
6	39	33	3.91	5.18	5.67	2.32	1.90	131	
6	39	38	1.24	2.90	2.82	-1.41	-0.09	132	
6	39	43	2.85	4.24	3.12	-3.02	-0.21	133	
6	43	3	3.30	-0.48	3.01	-9.81	9.06	134	
6	43	8	-0.94	5.61	9.77	-14.30	25.73	135	
6	43	13	9.19	17.11	6.16	16.15	13.01	136	
6	43	18	3.52	1.90	1.19	6.40	-2.54	137	
6	43	23	3.62	4.23	3.67	3.82	0.57	138	
6	43	28	2.99	3.71	3.22	0.52	0.49	139	
6	43	33	3.62	3.23	2.73	0.39	-0.80	140	
6	43	38	3.06	3.19	3.22	0.15	-0.46	141	
6	43	43	2.92	2.71	3.76	-1.24	-0.20	142	
