143
diam	c	r	EConv0	EConv1	EConv2	OConv0	OConv1
6	3	3	3.41	3.18	3.06	-1.81	0.20	44	
6	3	8	3.63	3.78	2.64	0.96	-0.51	45	
6	3	13	1.67	2.45	2.14	-1.19	-1.40	46	
6	3	18	1.79	2.32	3.01	-1.92	-1.05	47	
6	3	23	4.58	3.81	4.48	1.97	0.52	48	
6	3	28	4.46	8.73	4.31	2.19	-1.05	49	
6	3	33	4.41	10.10	3.49	-14.25	-4.15	50	
6	3	38	9.74	-1.34	5.09	-7.25	-4.11	51	
6	3	43	8.23	2.99	4.82	4.52	0.70	52	
6	7	3	2.89	3.93	4.17	-1.91	1.21	53	
6	7	8	3.62	3.36	3.92	0.82	2.06	54	
6	7	13	1.51	3.57	3.17	-1.96	2.01	55	
6	7	18	1.66	3.05	2.45	-1.28	2.17	56	
6	7	23	4.83	5.32	3.80	0.68	0.57	57	
6	7	28	1.49	1.97	6.08	2.71	1.99	58	
6	7	33	-41.73	-15.59	-22.58	-39.62	-46.44	59	
6	7	38	12.50	4.76	4.63	-4.36	2.45	60	
6	7	43	7.03	4.25	5.65	7.84	2.29	61	
6	11	3	1.42	1.61	2.67	-0.62	1.68	62	
6	11	8	3.59	5.18	2.04	0.34	-1.07	63	
6	11	13	4.82	3.17	4.42	-2.16	2.07	64	
6	11	18	5.25	3.31	3.64	1.75	0.27	65	
6	11	23	3.62	3.32	7.76	0.28	-3.96	66	
6	11	28	1.92	6.54	4.85	11.36	-0.61	67	
6	11	33	-75.50	-32.78	7.08	10.79	-7.73	68	
6	11	38	5.03	9.32	2.38	-21.66	4.66	69	
6	11	43	8.79	2.86	2.16	8.69	1.07	70	
6	15	3	3.70	1.75	1.25	0.40	1.16	71	
6	15	8	0.59	-0.20	2.31	4.99	2.34	72	
6	15	13	3.54	33.55	4.30	-17.10	-16.70	73	
6	15	18	10.53	0.38	13.64	5.32	-6.93	74	
6	15	23	0.62	0.60	-2.18	1.08	2.54	75	
6	15	28	43.21	42.67	-4.43	-34.91	-13.38	76	
6	15	33	-61.30	-4.86	-9.18	73.83	-34.52	77	
6	15	38	12.81	4.14	21.91	-14.58	-0.37	78	
6	15	43	12.33	6.78	8.28	10.97	-2.08	79	
6	19	3	4.39	6.16	3.15	-3.35	-3.87	80	
6	19	8	11.79	22.23	3.99	3.72	-2.49	81	
6	19	13	-52.10	-35.21	-5.99	-46.71	-69.04	82	
6	19	18	33.49	12.27	9.80	17.84	6.50	83	
6	19	23	-1.86	1.31	-0.54	-2.29	2.88	84	
6	19	28	10.78	-14.15	11.22	-92.56	-55.60	85	
6	19	33	-5.96	-0.16	-27.34	10.07	5.57	86	
6	19	38	-1.16	-15.00	5.53	68.74	-81.09	87	
6	19	43	6.15	9.25	2.07	4.27	6.77	88	
6	23	3	-2.90	-2.00	6.97	1.23	2.03	89	
6	23	8	11.21	25.54	-7.35	-85.58	-67.54	90	
6	23	13	-33.58	-34.53	3.21	30.02	12.40	91	
6	23	18	32.04	12.41	-2.22	12.52	5.14	92	
6	23	23	27.76	43.22	-3.87	-49.28	-38.29	93	
6	23	28	-16.51	-26.03	28.09	61.32	54.62	94	
6	23	33	-17.49	-4.45	-21.58	-88.10	73.20	95	
6	23	38	-33.19	-27.04	-40.38	57.78	30.09	96	
6	23	43	15.16	5.35	6.84	2.70	-1.44	97	
6	27	3	4.73	5.17	-0.35	8.11	2.54	98	
6	27	8	-51.45	-40.29	-5.62	-69.00	-25.43	99	
6	27	13	2.85	2.86	4.39	104.90	68.74	100	
6	27	18	20.79	33.74	4.60	-19.90	-16.84	101	
6	27	23	-36.21	-66.98	10.08	-36.32	-39.99	102	
6	27	28	32.17	32.76	-3.54	35.53	14.81	103	
6	27	33	10.14	10.13	37.46	-4.66	10.78	104	
6	27	38	-6.35	28.84	13.30	-3.66	43.44	105	
6	27	43	8.63	2.97	7.24	8.11	-7.02	106	
6	31	3	22.22	11.65	11.89	-3.20	-6.18	107	
6	31	8	-44.99	-28.56	-16.09	-23.41	59.02	108	
6	31	13	44.29	66.51	1.33	21.27	-4.61	109	
6	31	18	-9.86	-49.29	-9.38	-53.79	-57.81	110	
6	31	23	-0.43	5.07	-3.87	76.49	72.26	111	
6	31	28	5.10	6.52	3.51	-3.98	-4.68	112	
6	31	33	2.82	2.43	1.37	-0.89	-0.32	113	
6	31	38	3.80	2.60	3.07	-10.04	3.47	114	
6	31	43	5.77	3.10	2.79	8.50	2.63	115	
6	35	3	2.28	-4.76	-0.51	4.77	4.84	116	
6	35	8	-26.98	25.40	8.66	-17.30	-9.78	117	
6	35	13	-23.00	-49.00	-10.60	-35.33	-35.52	118	
6	35	18	10.36	17.32	10.23	40.35	75.24	119	
6	35	23	12.21	22.41	2.87	3.10	2.64	120	
6	35	28	2.87	3.05	5.44	-0.62	-1.50	121	
6	35	33	4.09	2.88	1.62	-0.34	2.69	122	
6	35	38	4.55	1.82	1.80	-5.67	-1.00	123	
6	35	43	7.10	6.61	4.19	6.00	-0.28	124	
6	39	3	15.33	13.44	2.42	-4.12	-0.47	125	
6	39	8	-27.82	-51.10	-24.14	-33.68	4.18	126	
6	39	13	20.38	21.81	11.55	58.88	49.18	127	
6	39	18	0.41	-3.30	0.42	-5.42	-8.48	128	
6	39	23	4.59	1.69	1.58	-4.89	-0.66	129	
6	39	28	5.30	8.09	5.81	0.21	1.50	130	
6	39	33	19.73	32.24	-7.12	-26.77	-21.29	131	
6	39	38	11.49	-8.03	36.46	12.60	-26.07	132	
6	39	43	7.78	5.08	3.65	1.98	2.11	133	
6	43	3	9.56	2.64	9.34	0.98	-4.81	134	
6	43	8	-0.21	21.33	22.88	7.64	40.00	135	
6	43	13	13.33	9.54	6.23	6.56	3.41	136	
6	43	18	5.95	5.82	1.22	-0.76	1.40	137	
6	43	23	4.26	2.86	3.95	-1.60	-1.31	138	
6	43	28	-5.05	-2.64	4.20	7.84	4.25	139	
6	43	33	16.30	20.77	3.02	-105.89	-43.04	140	
6	43	38	23.59	-8.24	3.11	101.80	-2.39	141	
6	43	43	4.16	4.24	5.75	0.72	1.18	142	
