143
diam	c	r	EConv0	EConv1	EConv2	OConv0	OConv1
6	3	3	0.91	2.16	2.20	0.29	0.38	44	
6	3	8	3.11	2.79	2.74	-0.51	-0.13	45	
6	3	13	4.76	2.14	2.35	-1.14	0.70	46	
6	3	18	1.16	2.18	2.41	1.42	0.96	47	
6	3	23	3.99	5.95	5.70	1.60	0.83	48	
6	3	28	3.01	5.49	5.69	-0.18	0.91	49	
6	3	33	2.42	3.80	1.16	-1.39	1.94	50	
6	3	38	3.94	4.44	2.33	-0.54	-1.97	51	
6	3	43	4.48	3.02	2.51	-0.27	-1.33	52	
6	7	3	1.36	2.85	2.80	0.14	1.26	53	
6	7	8	2.58	3.21	2.71	0.85	1.82	54	
6	7	13	4.43	4.85	4.81	-1.05	0.09	55	
6	7	18	1.95	4.77	4.31	-0.72	0.18	56	
6	7	23	3.88	7.60	7.28	1.26	-0.96	57	
6	7	28	2.55	4.86	4.14	-0.16	0.55	58	
6	7	33	5.37	4.82	4.41	-2.70	-1.31	59	
6	7	38	-2.57	2.21	2.36	-5.99	-15.87	60	
6	7	43	5.31	3.06	5.28	3.06	-2.41	61	
6	11	3	1.55	1.13	2.29	1.24	0.37	62	
6	11	8	4.10	5.63	3.56	-0.69	-2.49	63	
6	11	13	2.80	3.75	3.83	-0.96	-2.87	64	
6	11	18	5.17	13.18	-0.30	-16.39	-13.23	65	
6	11	23	-9.97	-15.43	-5.35	7.37	-26.40	66	
6	11	28	5.51	0.26	1.67	6.77	-1.82	67	
6	11	33	7.77	9.10	-0.12	-12.82	-10.71	68	
6	11	38	-6.93	-12.64	3.91	13.92	5.39	69	
6	11	43	5.29	7.14	3.30	-0.21	1.81	70	
6	15	3	3.65	4.16	4.32	3.69	-0.11	71	
6	15	8	4.18	0.55	2.57	-6.34	1.68	72	
6	15	13	5.52	8.78	0.67	-2.41	-6.71	73	
6	15	18	-3.19	-7.33	3.11	-27.75	-20.65	74	
6	15	23	-3.52	-2.22	-0.39	29.22	17.72	75	
6	15	28	1.56	6.69	2.20	-0.27	-1.10	76	
6	15	33	0.05	6.47	-0.08	-30.20	-12.31	77	
6	15	38	9.71	18.29	12.49	24.24	-7.56	78	
6	15	43	0.60	0.74	4.92	-1.22	-2.90	79	
6	19	3	1.16	3.58	2.48	1.49	-2.59	80	
6	19	8	4.69	4.26	2.17	-2.72	-0.68	81	
6	19	13	5.17	6.31	-1.23	-31.40	-14.77	82	
6	19	18	-1.56	-12.78	7.78	16.60	24.27	83	
6	19	23	4.98	13.72	-1.24	7.98	13.36	84	
6	19	28	4.96	7.70	2.88	-7.51	-2.86	85	
6	19	33	-1.71	-17.28	2.54	-18.81	8.55	86	
6	19	38	-2.75	-4.03	-16.09	7.08	-8.36	87	
6	19	43	9.34	-0.60	12.06	14.29	-4.35	88	
6	23	3	1.00	1.65	2.55	2.01	1.57	89	
6	23	8	7.73	8.11	3.54	-6.03	-5.02	90	
6	23	13	-13.60	-10.57	7.73	-15.37	-9.62	91	
6	23	18	11.31	15.40	-1.82	17.08	9.86	92	
6	23	23	4.49	12.74	9.01	-5.21	-8.45	93	
6	23	28	-4.54	-5.95	5.82	-4.40	-9.57	94	
6	23	33	8.81	10.43	7.77	3.22	12.96	95	
6	23	38	10.83	11.82	5.73	-17.23	26.45	96	
6	23	43	12.29	8.74	0.62	23.96	-1.81	97	
6	27	3	3.15	4.68	3.25	1.48	-0.58	98	
6	27	8	8.89	6.31	3.66	-11.86	-3.42	99	
6	27	13	-18.88	4.24	0.13	7.97	-6.11	100	
6	27	18	8.08	17.95	18.81	-3.50	-33.32	101	
6	27	23	-4.24	-5.68	5.41	-11.71	-25.64	102	
6	27	28	5.77	4.51	7.51	16.15	12.20	103	
6	27	33	-0.35	3.59	2.50	-0.05	-0.45	104	
6	27	38	8.59	4.28	8.70	-18.42	-8.41	105	
6	27	43	11.73	5.16	2.56	12.87	6.94	106	
6	31	3	3.73	3.93	3.11	-1.73	-0.41	107	
6	31	8	18.47	10.91	5.53	-19.69	-0.50	108	
6	31	13	-0.49	-2.19	0.70	-3.78	-4.65	109	
6	31	18	1.21	-8.42	-8.93	1.63	-3.46	110	
6	31	23	-0.08	-3.09	1.38	25.66	23.66	111	
6	31	28	5.20	9.12	1.57	4.15	5.39	112	
6	31	33	2.42	13.69	2.59	-12.75	-18.07	113	
6	31	38	-0.48	-10.22	6.01	3.99	-6.53	114	
6	31	43	6.56	6.68	2.13	6.36	3.10	115	
6	35	3	3.97	2.48	3.54	-0.02	-2.07	116	
6	35	8	16.12	-1.07	7.73	-21.72	0.45	117	
6	35	13	-1.18	-7.54	-10.03	-0.14	13.58	118	
6	35	18	0.02	-5.21	2.03	16.47	30.10	119	
6	35	23	6.50	14.98	2.18	11.24	12.06	120	
6	35	28	2.76	3.70	5.40	-0.36	-0.73	121	
6	35	33	-6.29	-9.02	3.82	-10.29	26.52	122	
6	35	38	6.30	13.21	2.40	7.24	21.19	123	
6	35	43	4.41	7.14	4.12	-0.56	-1.93	124	
6	39	3	4.04	4.35	2.64	-0.68	0.70	125	
6	39	8	4.37	3.54	6.97	-0.82	4.79	126	
6	39	13	3.28	16.13	17.71	2.05	22.66	127	
6	39	18	5.02	13.94	6.82	3.90	5.64	128	
6	39	23	2.63	2.45	2.10	-5.02	-1.30	129	
6	39	28	2.60	2.26	2.98	0.73	-0.38	130	
6	39	33	3.40	9.72	3.90	-1.31	-6.77	131	
6	39	38	0.25	10.82	4.69	-5.74	-29.98	132	
6	39	43	2.08	-5.16	8.94	7.21	-9.12	133	
6	43	3	3.42	3.56	3.37	-1.79	-1.86	134	
6	43	8	1.53	1.13	1.50	0.89	-1.49	135	
6	43	13	3.99	4.64	3.78	0.08	-0.60	136	
6	43	18	3.60	4.59	3.96	0.71	-0.22	137	
6	43	23	2.14	3.67	4.23	-5.77	-1.80	138	
6	43	28	7.23	15.77	5.91	-1.85	-10.72	139	
6	43	33	-1.12	-9.26	5.28	-13.76	-23.57	140	
6	43	38	-1.61	-12.39	-4.33	7.38	21.59	141	
6	43	43	6.12	9.59	-1.08	12.25	12.76	142	
