143
diam	c	r	EConv0	EConv1	EConv2	OConv0	OConv1
6	3	3	20.16	15.48	3.18	-12.73	-10.52	44	
6	3	8	-42.86	-40.06	7.03	10.11	-6.12	45	
6	3	13	21.17	30.63	6.03	18.59	12.61	46	
6	3	18	1.87	4.01	7.13	0.48	2.81	47	
6	3	23	0.59	2.94	2.54	-5.26	-1.85	48	
6	3	28	2.13	12.76	14.85	6.28	1.48	49	
6	3	33	0.93	26.57	9.95	-2.69	-23.13	50	
6	3	38	6.42	5.94	18.32	3.04	-10.14	51	
6	3	43	6.15	14.06	11.99	-1.16	-3.76	52	
6	7	3	12.41	-21.36	-0.79	-20.39	-32.50	53	
6	7	8	-11.45	4.33	-21.21	26.16	23.58	54	
6	7	13	5.92	-19.22	-17.40	-6.40	-41.50	55	
6	7	18	1.56	-22.78	-25.74	-4.07	-46.76	56	
6	7	23	1.11	-27.27	-19.52	2.22	-44.22	57	
6	7	28	-0.81	-20.83	-33.06	-9.11	-40.64	58	
6	7	33	-5.09	-25.10	-12.65	-15.90	-51.69	59	
6	7	38	9.30	-16.79	-25.19	17.39	-47.21	60	
6	7	43	4.15	-23.56	-19.43	-2.40	-44.73	61	
6	11	3	1.80	19.98	18.32	2.71	35.74	62	
6	11	8	4.19	17.27	20.68	-3.81	38.82	63	
6	11	13	3.05	17.83	15.66	-0.21	35.69	64	
6	11	18	1.79	20.86	22.51	-0.32	40.09	65	
6	11	23	5.00	26.55	22.99	1.56	43.77	66	
6	11	28	21.77	34.13	11.42	-52.76	24.87	67	
6	11	33	-21.64	-18.37	4.29	21.20	15.40	68	
6	11	38	10.07	17.19	17.74	17.61	50.67	69	
6	11	43	1.21	17.37	18.38	2.23	46.01	70	
6	15	3	1.71	2.97	1.36	-1.69	-1.40	71	
6	15	8	6.30	2.96	4.58	1.30	-1.87	72	
6	15	13	2.50	6.18	2.92	1.49	-3.23	73	
6	15	18	0.14	1.61	4.41	1.82	-3.39	74	
6	15	23	3.29	0.72	2.38	2.70	-2.76	75	
6	15	28	22.07	11.23	2.15	-81.25	-11.80	76	
6	15	33	-4.04	-5.85	6.19	75.70	30.78	77	
6	15	38	3.18	6.07	2.11	3.15	5.87	78	
6	15	43	4.72	4.47	3.72	0.88	3.51	79	
6	19	3	2.89	2.03	3.57	-0.73	0.72	80	
6	19	8	5.55	9.89	0.60	-1.64	-5.83	81	
6	19	13	-3.64	15.04	-3.26	-30.19	-50.49	82	
6	19	18	14.17	-7.20	17.59	30.34	-10.93	83	
6	19	23	2.71	3.11	2.02	2.60	0.48	84	
6	19	28	2.20	-0.04	2.59	-87.17	-11.43	85	
6	19	33	19.08	19.95	14.92	71.61	1.77	86	
6	19	38	3.93	8.93	8.70	0.29	-1.57	87	
6	19	43	5.77	6.60	7.69	0.75	-1.10	88	
6	23	3	6.61	5.82	3.16	-1.83	1.34	89	
6	23	8	13.69	22.16	-1.27	-43.55	-32.17	90	
6	23	13	-1.61	-26.23	-9.35	-15.02	-1.41	91	
6	23	18	24.57	4.85	9.02	60.01	-13.36	92	
6	23	23	5.74	11.06	-0.30	-0.86	-7.15	93	
6	23	28	-13.26	-21.22	9.47	-54.26	-4.76	94	
6	23	33	-2.83	10.08	-30.89	17.94	-41.07	95	
6	23	38	-2.82	-10.99	17.56	43.65	-51.25	96	
6	23	43	4.31	3.59	4.86	2.19	-1.75	97	
6	27	3	11.46	6.77	3.43	-8.25	-0.24	98	
6	27	8	-28.07	-19.46	-0.29	-45.76	-20.65	99	
6	27	13	36.73	44.36	20.67	-52.33	5.77	100	
6	27	18	31.03	7.66	7.46	61.26	14.98	101	
6	27	23	14.99	22.70	0.91	-44.74	-31.95	102	
6	27	28	13.97	-9.60	19.36	36.00	39.38	103	
6	27	33	-6.79	-12.38	-6.96	-27.78	67.45	104	
6	27	38	-25.20	-7.27	-36.04	42.08	23.17	105	
6	27	43	5.96	4.74	3.19	3.39	0.43	106	
6	31	3	23.82	9.88	4.60	-18.86	-1.24	107	
6	31	8	-27.89	-11.12	-5.36	-8.42	-9.00	108	
6	31	13	-7.45	-25.23	8.54	-11.72	-18.87	109	
6	31	18	37.39	45.79	-2.12	16.52	-20.33	110	
6	31	23	-30.41	-48.44	11.42	-1.61	-2.11	111	
6	31	28	14.40	23.08	-1.47	12.26	12.65	112	
6	31	33	6.00	8.13	14.98	-0.44	8.93	113	
6	31	38	-11.98	9.09	5.80	-1.12	28.55	114	
6	31	43	2.55	3.57	2.36	-0.63	1.12	115	
6	35	3	13.86	2.81	10.32	-14.01	-3.33	116	
6	35	8	-18.66	8.27	-22.65	-44.91	16.18	117	
6	35	13	-3.71	1.32	-2.60	13.54	-2.32	118	
6	35	18	-1.80	-33.61	-2.84	-16.07	-37.69	119	
6	35	23	9.02	13.71	0.15	47.25	33.14	120	
6	35	28	1.20	1.80	4.13	-3.47	-0.99	121	
6	35	33	6.74	6.50	3.96	-1.99	-3.46	122	
6	35	38	0.22	2.52	2.40	2.19	1.74	123	
6	35	43	3.16	2.06	5.27	-0.04	-0.43	124	
6	39	3	-1.05	1.15	2.18	-4.51	3.77	125	
6	39	8	-6.56	-10.08	3.15	-69.28	28.93	126	
6	39	13	2.70	1.22	-5.29	1.32	12.78	127	
6	39	18	2.50	8.15	22.71	46.39	44.26	128	
6	39	23	5.03	18.43	1.13	6.21	5.31	129	
6	39	28	4.96	0.73	5.56	0.08	0.73	130	
6	39	33	4.83	17.88	0.21	-8.86	-12.14	131	
6	39	38	-20.34	-7.04	9.59	13.24	-48.67	132	
6	39	43	6.01	5.26	4.06	2.62	0.45	133	
6	43	3	4.77	1.95	4.29	0.34	3.25	134	
6	43	8	8.03	2.58	20.87	-12.17	24.02	135	
6	43	13	-21.19	-0.44	-2.80	-25.90	-4.14	136	
6	43	18	9.05	21.52	-13.45	14.47	-47.94	137	
6	43	23	-1.34	-25.93	6.05	38.96	-30.42	138	
6	43	28	9.33	14.73	-0.16	-5.35	-9.91	139	
6	43	33	5.51	2.28	2.24	-44.16	-45.93	140	
6	43	38	-15.26	-20.20	-9.87	47.68	17.12	141	
6	43	43	5.58	2.91	2.98	1.12	-0.69	142	
