143
diam	c	r	EConv0	EConv1	EConv2	OConv0	OConv1
6	3	3	4.03	3.38	3.70	-1.13	3.57	44	
6	3	8	2.62	4.39	2.53	3.89	1.87	45	
6	3	13	0.32	3.84	1.72	0.33	-0.73	46	
6	3	18	4.70	3.00	4.94	0.62	0.04	47	
6	3	23	2.15	3.06	2.24	-0.62	-0.60	48	
6	3	28	1.05	2.50	0.79	2.56	-2.55	49	
6	3	33	3.90	5.74	4.21	-4.99	-0.90	50	
6	3	38	3.70	5.28	5.21	1.67	-0.87	51	
6	3	43	3.88	2.67	3.87	-2.87	-0.07	52	
6	7	3	4.62	4.18	4.37	-0.15	0.85	53	
6	7	8	2.98	3.94	2.86	0.96	0.07	54	
6	7	13	1.93	3.61	2.43	-3.87	-0.09	55	
6	7	18	5.35	3.23	4.34	4.78	0.30	56	
6	7	23	3.77	6.54	4.96	-1.28	0.04	57	
6	7	28	7.27	7.84	6.77	-0.32	-2.10	58	
6	7	33	-0.42	0.83	11.29	3.55	-15.30	59	
6	7	38	3.31	2.74	1.41	0.32	-0.18	60	
6	7	43	3.26	3.39	2.91	0.28	-2.80	61	
6	11	3	1.68	3.47	4.44	1.05	-3.77	62	
6	11	8	2.27	3.92	3.85	-1.48	-1.23	63	
6	11	13	3.58	5.40	4.68	-2.55	2.46	64	
6	11	18	5.36	3.99	4.48	1.18	0.02	65	
6	11	23	1.86	1.39	2.86	-0.24	1.96	66	
6	11	28	19.46	15.29	1.77	-14.87	-2.76	67	
6	11	33	-14.32	-19.94	-3.79	37.04	-12.86	68	
6	11	38	4.60	5.92	7.00	0.93	-1.85	69	
6	11	43	3.53	4.51	4.81	-2.75	-0.25	70	
6	15	3	2.12	2.22	2.18	2.48	2.42	71	
6	15	8	2.29	2.96	3.86	0.83	0.36	72	
6	15	13	3.25	-1.08	2.67	-1.35	1.86	73	
6	15	18	5.45	4.38	3.78	5.38	2.91	74	
6	15	23	0.86	-0.88	-0.02	-3.19	-0.17	75	
6	15	28	31.72	16.63	8.79	-37.13	-3.51	76	
6	15	33	13.43	10.76	3.34	47.48	18.57	77	
6	15	38	3.03	2.36	2.88	2.27	1.53	78	
6	15	43	3.91	2.85	3.68	-0.62	2.46	79	
6	19	3	4.82	3.86	4.19	1.92	-0.24	80	
6	19	8	0.78	1.21	1.03	1.62	-0.95	81	
6	19	13	7.32	15.58	2.71	-1.35	-7.63	82	
6	19	18	-6.50	7.16	19.41	8.33	-34.66	83	
6	19	23	0.81	1.63	0.98	0.04	3.56	84	
6	19	28	2.19	7.32	5.50	-46.69	-23.77	85	
6	19	33	28.50	16.15	11.63	27.54	11.33	86	
6	19	38	1.00	3.39	2.83	2.25	-1.37	87	
6	19	43	2.83	1.86	3.25	-0.06	-0.98	88	
6	23	3	4.58	5.05	2.56	1.53	-1.77	89	
6	23	8	4.25	4.25	4.15	1.21	-0.66	90	
6	23	13	9.87	-4.46	0.63	-42.68	-12.36	91	
6	23	18	-21.51	-19.07	-23.51	41.03	10.23	92	
6	23	23	11.98	12.31	-2.79	-9.80	-12.84	93	
6	23	28	6.45	-14.88	-3.45	-43.32	14.00	94	
6	23	33	18.87	16.15	22.41	53.16	-46.52	95	
6	23	38	0.85	7.04	21.03	3.50	-7.57	96	
6	23	43	-1.21	3.05	-2.73	-2.24	-0.29	97	
6	27	3	4.89	3.07	4.24	-1.41	-0.21	98	
6	27	8	9.66	6.34	2.36	-3.68	-0.55	99	
6	27	13	-4.41	-4.16	6.54	9.34	10.47	100	
6	27	18	-2.84	15.12	8.55	5.54	22.75	101	
6	27	23	-1.33	-1.62	9.57	-26.84	-18.69	102	
6	27	28	34.03	4.48	20.19	-17.94	21.49	103	
6	27	33	-2.40	-8.74	-46.55	-13.49	16.61	104	
6	27	38	-8.33	-24.53	-18.39	61.92	-23.59	105	
6	27	43	0.39	1.92	7.86	-1.64	-2.30	106	
6	31	3	4.46	2.08	3.40	2.16	1.37	107	
6	31	8	8.59	3.37	4.84	-6.40	-0.42	108	
6	31	13	-1.53	-2.08	-10.64	5.46	-14.59	109	
6	31	18	-0.38	10.88	1.34	-9.53	-56.81	110	
6	31	23	-3.34	-15.16	5.14	30.58	15.81	111	
6	31	28	3.96	4.78	0.82	2.41	0.97	112	
6	31	33	4.81	13.67	30.49	-9.66	22.33	113	
6	31	38	-0.30	24.00	4.69	8.48	30.33	114	
6	31	43	3.24	2.75	1.71	1.05	2.38	115	
6	35	3	4.45	4.99	3.98	1.22	1.82	116	
6	35	8	3.36	2.41	3.72	-3.15	2.61	117	
6	35	13	14.08	9.02	15.93	-5.00	12.82	118	
6	35	18	-24.93	-20.05	-15.29	10.76	48.29	119	
6	35	23	11.24	18.43	1.36	9.00	10.61	120	
6	35	28	3.29	2.83	3.49	-0.00	-0.41	121	
6	35	33	3.22	2.96	3.38	-0.24	1.03	122	
6	35	38	2.40	3.47	3.43	-1.16	0.98	123	
6	35	43	4.65	3.75	3.67	0.26	1.02	124	
6	39	3	3.30	3.38	3.84	1.08	-1.82	125	
6	39	8	3.43	3.14	5.07	0.01	1.50	126	
6	39	13	3.21	5.85	4.30	-5.75	3.80	127	
6	39	18	2.21	8.74	6.09	2.13	7.22	128	
6	39	23	5.11	2.41	4.27	-1.49	-1.73	129	
6	39	28	3.67	3.02	3.25	0.39	0.30	130	
6	39	33	3.86	4.28	3.37	0.35	0.12	131	
6	39	38	2.24	3.45	3.30	-1.07	0.48	132	
6	39	43	4.94	3.24	3.80	0.66	1.11	133	
6	43	3	3.12	3.79	3.72	1.20	0.72	134	
6	43	8	3.61	3.67	3.36	0.51	-0.62	135	
6	43	13	3.08	3.98	5.21	-2.24	0.77	136	
6	43	18	6.32	12.71	1.52	-4.43	-3.47	137	
6	43	23	0.32	18.01	12.90	-1.68	-37.99	138	
6	43	28	12.77	4.94	12.41	0.95	-2.44	139	
6	43	33	4.05	-0.04	4.59	1.46	-0.32	140	
6	43	38	4.94	2.45	2.61	-0.41	0.78	141	
6	43	43	8.96	16.68	4.48	-6.25	-14.25	142	
