143
diam	c	r	EConv0	EConv1	EConv2	OConv0	OConv1
6	3	3	3.57	3.29	5.19	-0.21	1.94	44	
6	3	8	3.89	6.28	5.54	0.08	3.88	45	
6	3	13	3.73	6.42	3.97	0.18	1.66	46	
6	3	18	4.58	3.85	4.00	0.15	0.56	47	
6	3	23	3.43	4.08	3.76	-0.14	-0.76	48	
6	3	28	4.28	3.99	3.75	-1.54	-0.14	49	
6	3	33	1.85	2.84	3.27	2.71	-1.25	50	
6	3	38	8.39	8.81	3.26	-4.89	-3.07	51	
6	3	43	-4.88	-13.26	11.03	-13.17	26.82	52	
6	7	3	3.64	3.67	2.67	-0.55	-1.11	53	
6	7	8	3.25	1.92	3.40	-0.11	-1.27	54	
6	7	13	4.79	3.72	3.78	-0.73	2.12	55	
6	7	18	6.10	4.83	5.21	0.96	-0.29	56	
6	7	23	3.04	3.54	3.66	-1.16	-0.64	57	
6	7	28	4.82	4.12	4.50	-0.79	-0.26	58	
6	7	33	4.22	5.72	4.15	0.52	0.17	59	
6	7	38	8.20	3.38	5.99	-16.02	-5.26	60	
6	7	43	8.72	7.84	4.93	9.54	6.32	61	
6	11	3	3.74	3.94	4.03	-1.09	0.13	62	
6	11	8	2.98	3.84	3.48	1.71	-0.23	63	
6	11	13	4.62	4.05	5.14	-0.14	-1.44	64	
6	11	18	3.56	4.37	4.99	1.47	-2.32	65	
6	11	23	2.93	4.03	3.77	-3.15	-0.94	66	
6	11	28	6.25	4.74	5.17	0.50	0.60	67	
6	11	33	-1.58	-0.36	0.44	-0.57	0.49	68	
6	11	38	-26.24	1.83	-12.75	-24.11	-36.33	69	
6	11	43	8.62	-0.68	11.34	12.54	-5.41	70	
6	15	3	3.71	3.74	3.62	-1.52	-0.11	71	
6	15	8	4.79	3.55	4.70	1.65	1.36	72	
6	15	13	3.47	2.89	3.44	2.01	0.61	73	
6	15	18	11.45	31.54	1.54	-19.67	-24.98	74	
6	15	23	-11.21	2.17	5.03	1.44	-73.91	75	
6	15	28	11.24	-0.15	12.87	7.55	-9.50	76	
6	15	33	8.58	9.44	6.36	-4.12	-1.77	77	
6	15	38	-26.21	-25.86	9.18	-0.18	27.96	78	
6	15	43	6.76	11.44	-3.21	6.81	8.73	79	
6	19	3	3.78	2.82	4.36	0.16	-1.15	80	
6	19	8	3.34	5.53	2.28	1.93	-0.67	81	
6	19	13	13.45	20.39	1.48	-7.17	-7.97	82	
6	19	18	-10.76	-31.47	5.81	-38.12	-42.05	83	
6	19	23	-11.47	-6.41	-16.01	5.33	25.78	84	
6	19	28	21.24	11.77	4.27	18.49	3.98	85	
6	19	33	21.62	23.58	2.97	-34.63	-23.59	86	
6	19	38	5.35	19.70	6.99	47.53	-44.46	87	
6	19	43	-2.22	10.33	5.92	-15.67	-63.49	88	
6	23	3	3.88	4.49	3.43	-0.05	0.33	89	
6	23	8	3.18	2.07	4.71	0.51	-0.71	90	
6	23	13	10.22	12.58	10.08	-49.48	-34.14	91	
6	23	18	9.33	19.66	14.93	39.16	59.29	92	
6	23	23	-26.92	0.13	11.36	-24.00	14.80	93	
6	23	28	20.68	33.54	6.69	-12.23	-16.87	94	
6	23	33	12.12	-27.83	10.77	3.31	15.97	95	
6	23	38	-7.18	0.89	-21.98	-3.45	12.96	96	
6	23	43	-10.96	-17.37	7.05	4.63	10.52	97	
6	27	3	4.46	3.12	4.24	-0.91	0.21	98	
6	27	8	8.30	11.50	0.45	-5.26	-6.06	99	
6	27	13	-41.93	-25.45	-1.53	-10.88	-15.70	100	
6	27	18	26.86	37.81	9.32	-18.26	-26.29	101	
6	27	23	8.17	15.34	15.94	8.86	-18.24	102	
6	27	28	-14.49	-42.80	8.15	9.66	-6.98	103	
6	27	33	14.28	19.98	7.50	11.60	13.28	104	
6	27	38	16.24	22.40	21.18	-33.04	29.43	105	
6	27	43	-2.86	5.95	-6.56	43.23	41.17	106	
6	31	3	5.60	4.61	4.51	0.45	1.08	107	
6	31	8	25.82	12.39	6.61	-26.57	-1.14	108	
6	31	13	-9.15	-3.05	-5.05	7.98	-2.30	109	
6	31	18	4.26	-22.64	3.48	-15.74	-30.01	110	
6	31	23	-5.41	-32.03	-15.49	16.51	11.51	111	
6	31	28	13.58	31.09	0.06	29.45	35.73	112	
6	31	33	4.87	16.42	-2.36	-7.83	-10.51	113	
6	31	38	2.30	-12.74	13.95	7.08	0.48	114	
6	31	43	6.11	11.89	6.06	4.02	1.93	115	
6	35	3	5.22	3.98	4.29	0.52	-1.68	116	
6	35	8	21.79	8.30	11.10	-21.75	0.20	117	
6	35	13	-9.56	2.28	3.19	-0.35	-13.04	118	
6	35	18	-6.63	-24.22	1.61	33.55	48.37	119	
6	35	23	7.38	35.07	11.20	12.83	28.11	120	
6	35	28	6.90	4.02	0.27	-6.91	-3.03	121	
6	35	33	-7.00	-24.16	9.20	-11.53	-5.58	122	
6	35	38	4.15	8.58	-2.32	9.34	9.46	123	
6	35	43	2.23	5.70	4.54	-0.40	3.14	124	
6	39	3	4.58	4.60	5.08	1.55	-0.28	125	
6	39	8	11.72	0.54	11.87	-12.48	4.20	126	
6	39	13	-18.52	-1.60	3.00	21.12	74.42	127	
6	39	18	6.25	22.84	-1.47	8.65	13.45	128	
6	39	23	5.37	3.51	4.18	-0.11	1.50	129	
6	39	28	17.23	9.58	-3.34	-29.56	-12.28	130	
6	39	33	12.02	4.90	7.11	41.02	9.36	131	
6	39	38	3.51	4.82	4.81	2.28	-0.94	132	
6	39	43	4.08	4.52	2.35	-2.74	-1.25	133	
6	43	3	4.71	4.02	3.76	1.64	0.51	134	
6	43	8	3.48	5.00	4.14	-1.79	0.28	135	
6	43	13	4.95	6.29	1.49	3.45	-0.02	136	
6	43	18	3.92	3.08	3.11	2.04	3.46	137	
6	43	23	3.64	3.60	3.07	1.02	0.20	138	
6	43	28	7.46	-1.56	18.91	-14.02	12.81	139	
6	43	33	6.65	15.35	-1.86	7.27	8.02	140	
6	43	38	9.85	6.51	8.53	-4.16	0.53	141	
6	43	43	-7.55	18.62	24.00	2.22	-48.86	142	
