143
diam	c	r	EConv0	EConv1	EConv2	OConv0	OConv1
6	3	3	-10.65	-7.10	-3.96	-35.66	-15.82	44	
6	3	8	7.65	9.82	0.44	3.03	7.43	45	
6	3	13	9.18	14.69	6.58	-34.30	-22.06	46	
6	3	18	32.39	19.17	12.67	1.58	19.81	47	
6	3	23	2.21	-13.29	-4.28	2.36	49.46	48	
6	3	28	5.94	32.03	4.03	19.22	36.15	49	
6	3	33	3.03	3.98	2.98	-0.09	-0.83	50	
6	3	38	-18.46	-10.40	-0.55	3.82	-10.04	51	
6	3	43	4.98	5.02	5.04	-4.16	-0.45	52	
6	7	3	-36.82	-15.62	10.74	7.93	-0.25	53	
6	7	8	10.36	14.28	1.72	-9.53	-6.40	54	
6	7	13	-24.30	-31.36	7.57	15.29	8.47	55	
6	7	18	4.22	2.78	4.30	-0.08	-0.83	56	
6	7	23	3.77	0.68	2.08	-5.89	2.54	57	
6	7	28	2.98	2.15	1.23	1.13	2.11	58	
6	7	33	7.04	8.52	1.79	-2.76	-2.67	59	
6	7	38	1.31	-1.30	5.02	21.31	8.59	60	
6	7	43	0.77	-0.79	2.44	0.14	-3.15	61	
6	11	3	-41.26	11.74	-34.07	1.93	-14.01	62	
6	11	8	-3.53	-29.93	6.87	-27.01	-41.30	63	
6	11	13	17.36	21.48	1.24	22.74	19.40	64	
6	11	18	2.10	3.00	0.88	-0.47	1.50	65	
6	11	23	3.92	2.61	3.58	-2.24	-0.08	66	
6	11	28	5.50	4.59	5.21	1.29	1.07	67	
6	11	33	10.82	12.15	-0.17	-33.98	-15.87	68	
6	11	38	20.19	15.65	2.11	15.86	6.64	69	
6	11	43	4.34	3.79	2.49	-0.18	2.21	70	
6	15	3	-5.29	-13.95	18.08	-29.87	45.52	71	
6	15	8	3.03	24.84	0.94	22.44	44.85	72	
6	15	13	3.30	4.27	4.26	1.72	-1.57	73	
6	15	18	-3.69	23.38	21.08	-0.72	-23.44	74	
6	15	23	2.04	3.31	1.00	-3.83	-1.58	75	
6	15	28	6.80	7.36	3.97	0.83	-3.01	76	
6	15	33	3.85	-16.29	18.05	0.72	10.06	77	
6	15	38	5.74	2.02	0.06	3.22	-20.09	78	
6	15	43	7.90	3.32	7.01	0.67	0.26	79	
6	19	3	2.75	-0.62	2.04	0.35	-0.08	80	
6	19	8	2.17	2.14	3.33	-1.83	-2.18	81	
6	19	13	9.68	23.54	-1.19	-27.14	-28.00	82	
6	19	18	-5.99	-20.13	-14.91	-3.30	-0.61	83	
6	19	23	23.74	-1.56	20.13	20.48	-7.95	84	
6	19	28	12.44	15.11	2.49	-21.94	-15.07	85	
6	19	33	20.00	15.26	3.81	12.49	8.20	86	
6	19	38	-8.92	0.03	4.88	-3.29	-1.19	87	
6	19	43	5.57	10.05	1.85	-2.25	0.91	88	
6	23	3	3.76	4.41	2.64	-1.91	-0.99	89	
6	23	8	8.09	11.32	2.90	-5.17	-2.39	90	
6	23	13	-24.00	-45.08	-1.65	-1.73	8.98	91	
6	23	18	20.40	29.49	31.26	-2.52	24.90	92	
6	23	23	19.92	17.50	-3.52	24.49	1.21	93	
6	23	28	-15.61	-20.60	16.52	5.03	-2.71	94	
6	23	33	9.27	10.39	6.03	-1.33	-1.57	95	
6	23	38	-3.15	-8.15	5.90	17.98	6.29	96	
6	23	43	5.70	2.51	5.04	-3.96	1.86	97	
6	27	3	2.37	3.39	3.15	0.01	-2.00	98	
6	27	8	6.73	-1.66	5.21	-28.71	-8.08	99	
6	27	13	4.59	17.35	0.40	22.09	11.49	100	
6	27	18	0.75	1.81	4.84	1.72	1.10	101	
6	27	23	11.41	18.22	4.92	-25.69	-16.63	102	
6	27	28	12.85	16.24	-0.24	22.39	19.07	103	
6	27	33	13.27	6.27	1.86	-17.64	-3.53	104	
6	27	38	11.29	12.41	-0.52	12.69	8.56	105	
6	27	43	3.21	3.46	5.14	-0.74	-1.00	106	
6	31	3	1.01	1.19	1.16	0.28	1.25	107	
6	31	8	-14.47	-11.85	2.27	10.76	10.94	108	
6	31	13	1.46	6.16	4.17	-1.45	4.01	109	
6	31	18	15.80	27.00	3.88	-14.13	-15.75	110	
6	31	23	-16.15	-31.62	5.36	25.37	15.38	111	
6	31	28	4.30	5.33	4.68	0.28	-0.33	112	
6	31	33	0.73	-3.35	3.95	-10.86	6.24	113	
6	31	38	3.62	4.02	3.61	1.84	-1.92	114	
6	31	43	1.82	3.00	2.59	-1.70	0.12	115	
6	35	3	4.79	3.72	2.35	1.24	-2.01	116	
6	35	8	3.00	2.65	10.78	22.96	-3.59	117	
6	35	13	7.26	14.88	3.46	-4.56	-7.03	118	
6	35	18	-14.62	-25.43	9.42	-14.64	-21.82	119	
6	35	23	13.84	23.74	4.39	13.70	9.34	120	
6	35	28	4.88	6.55	4.47	2.68	0.80	121	
6	35	33	2.28	1.35	2.19	-1.20	-0.91	122	
6	35	38	3.38	4.17	4.20	0.81	1.49	123	
6	35	43	2.77	3.89	3.07	-4.17	1.17	124	
6	39	3	7.76	3.56	6.35	-2.72	1.09	125	
6	39	8	-4.54	4.02	-18.94	3.76	-8.99	126	
6	39	13	4.31	-14.06	-0.17	-13.47	-18.36	127	
6	39	18	3.24	14.27	1.26	30.25	43.36	128	
6	39	23	5.02	27.02	2.79	-7.06	-7.85	129	
6	39	28	-3.42	27.42	27.06	-0.09	-64.41	130	
6	39	33	8.55	5.00	18.74	4.70	-5.55	131	
6	39	38	3.03	3.18	2.13	-1.05	-0.26	132	
6	39	43	2.62	1.87	3.93	-1.40	-0.16	133	
6	43	3	3.83	6.20	4.38	-2.68	-1.66	134	
6	43	8	1.21	0.68	14.55	-11.96	20.56	135	
6	43	13	-1.56	11.54	3.39	10.90	32.92	136	
6	43	18	18.70	25.48	2.69	-9.70	-7.53	137	
6	43	23	-10.50	-64.42	-12.88	-12.69	-18.09	138	
6	43	28	9.66	-24.96	-22.55	-6.09	62.37	139	
6	43	33	-1.44	-3.51	-3.12	60.89	-30.47	140	
6	43	38	2.53	2.75	1.97	-1.14	1.30	141	
6	43	43	3.02	4.09	3.65	0.38	-1.30	142	
