143
diam	c	r	EConv0	EConv1	EConv2	OConv0	OConv1
6	3	3	4.41	5.54	7.34	0.81	-0.45	44	
6	3	8	3.32	4.64	3.43	1.92	2.06	45	
6	3	13	2.72	3.44	3.63	-2.18	0.12	46	
6	3	18	2.87	3.36	2.38	-0.32	1.01	47	
6	3	23	5.53	4.39	5.33	0.78	1.01	48	
6	3	28	16.28	12.13	5.35	-65.49	-64.34	49	
6	3	33	-27.53	-27.30	-2.41	28.07	12.20	50	
6	3	38	18.46	16.55	2.02	6.72	2.93	51	
6	3	43	-0.16	-0.97	2.84	3.38	-1.66	52	
6	7	3	1.15	1.33	-3.38	-0.10	-2.52	53	
6	7	8	6.26	5.15	5.45	-1.03	-1.26	54	
6	7	13	2.40	0.87	2.66	0.77	0.17	55	
6	7	18	2.91	0.33	3.37	0.27	3.34	56	
6	7	23	22.95	36.59	-4.33	-51.65	-38.58	57	
6	7	28	-12.17	-47.36	-15.13	-5.77	11.43	58	
6	7	33	14.70	31.28	0.80	60.30	50.89	59	
6	7	38	-5.41	2.37	18.91	4.33	-18.63	60	
6	7	43	-0.11	5.02	4.69	5.57	3.05	61	
6	11	3	4.14	2.39	5.85	-1.32	1.42	62	
6	11	8	1.76	3.28	2.51	2.30	1.39	63	
6	11	13	1.35	4.02	2.32	-3.04	-4.41	64	
6	11	18	25.33	36.38	-3.07	-19.69	-15.98	65	
6	11	23	-31.08	-74.10	20.43	17.55	2.49	66	
6	11	28	8.81	44.53	21.00	2.32	45.01	67	
6	11	33	34.68	42.03	-3.14	-44.58	-20.47	68	
6	11	38	9.32	-12.83	-5.57	63.57	10.32	69	
6	11	43	4.03	6.56	3.63	-0.14	-1.36	70	
6	15	3	4.62	3.97	0.06	-1.10	-1.50	71	
6	15	8	0.50	2.93	0.71	-1.37	-7.30	72	
6	15	13	4.09	3.67	5.90	4.45	5.00	73	
6	15	18	-19.34	-34.65	15.56	-58.28	-46.50	74	
6	15	23	23.12	46.57	-5.37	40.66	39.67	75	
6	15	28	0.84	0.74	6.36	-1.26	-2.79	76	
6	15	33	-25.29	-34.63	7.71	-64.45	-27.60	77	
6	15	38	31.65	23.33	-3.06	24.95	22.88	78	
6	15	43	0.74	4.70	2.22	-2.48	1.15	79	
6	19	3	1.71	16.92	42.80	13.70	-72.76	80	
6	19	8	3.40	0.96	2.92	6.71	3.31	81	
6	19	13	25.64	45.27	1.89	-52.64	-50.91	82	
6	19	18	-10.74	-1.53	-4.14	67.04	58.18	83	
6	19	23	0.47	1.38	5.34	-4.89	-3.44	84	
6	19	28	5.70	1.68	1.91	-2.18	2.13	85	
6	19	33	-37.33	14.64	3.47	5.61	-32.17	86	
6	19	38	-7.65	9.58	6.24	-12.57	-104.75	87	
6	19	43	17.60	-2.47	25.24	7.83	-9.18	88	
6	23	3	-15.26	-24.30	-10.89	68.12	46.70	89	
6	23	8	26.21	38.62	-2.58	-21.43	-9.75	90	
6	23	13	-12.18	-45.30	9.79	2.79	20.42	91	
6	23	18	-4.66	3.78	-17.41	-16.06	-64.20	92	
6	23	23	6.34	-22.81	25.56	41.51	-31.11	93	
6	23	28	29.75	35.44	-2.53	-45.36	-27.06	94	
6	23	33	-1.51	-14.62	-28.81	-11.80	32.77	95	
6	23	38	4.02	-4.93	1.12	-7.35	6.69	96	
6	23	43	51.87	9.99	26.10	66.33	-8.86	97	
6	27	3	13.71	42.89	1.50	5.68	18.52	98	
6	27	8	-22.48	-50.11	4.63	-31.35	-36.07	99	
6	27	13	6.53	-4.92	-4.80	-15.59	-16.20	100	
6	27	18	32.65	37.88	9.28	-5.40	62.75	101	
6	27	23	29.21	33.93	-12.69	55.45	10.67	102	
6	27	28	-30.46	-61.90	18.52	-4.32	1.99	103	
6	27	33	8.49	23.85	39.82	-11.27	28.54	104	
6	27	38	26.55	54.68	43.65	-15.51	62.42	105	
6	27	43	24.32	22.11	-9.69	45.95	20.07	106	
6	31	3	-10.64	-26.68	-1.27	-48.18	-48.17	107	
6	31	8	41.03	45.45	-5.67	0.40	35.63	108	
6	31	13	8.20	20.39	-1.78	49.18	27.73	109	
6	31	18	-15.86	-43.02	2.61	-3.38	-0.66	110	
6	31	23	0.50	-1.19	18.43	-35.63	-33.10	111	
6	31	28	22.90	34.96	-3.71	27.71	24.58	112	
6	31	33	9.27	30.42	7.05	-6.54	-11.15	113	
6	31	38	-22.77	-12.69	21.39	-11.90	-57.99	114	
6	31	43	8.93	9.18	-1.42	2.32	5.52	115	
6	35	3	4.40	16.95	5.03	43.17	45.45	116	
6	35	8	15.94	14.08	25.44	-19.14	4.87	117	
6	35	13	-3.27	9.84	11.26	-14.39	-29.35	118	
6	35	18	4.50	-7.18	8.97	-25.38	-54.91	119	
6	35	23	11.02	17.85	-0.62	48.45	50.18	120	
6	35	28	5.58	8.87	7.20	-2.47	-2.75	121	
6	35	33	-12.27	-26.75	4.22	-49.95	-59.67	122	
6	35	38	-34.37	-11.16	-6.84	41.72	0.54	123	
6	35	43	2.99	3.92	8.75	-7.12	-5.16	124	
6	39	3	1.82	4.48	0.14	-5.45	1.80	125	
6	39	8	29.98	-9.64	8.46	-32.05	6.48	126	
6	39	13	-0.48	-44.79	-26.46	11.55	66.11	127	
6	39	18	11.80	44.46	4.16	40.97	61.58	128	
6	39	23	2.19	2.53	4.34	0.30	-0.77	129	
6	39	28	6.45	-1.98	11.23	-2.73	6.55	130	
6	39	33	-2.73	22.11	-17.34	-32.59	68.21	131	
6	39	38	-4.26	0.50	17.13	81.79	41.83	132	
6	39	43	-0.63	4.66	3.31	-1.91	2.95	133	
6	43	3	0.27	5.85	1.33	-3.89	-8.73	134	
6	43	8	3.71	1.08	2.73	2.54	-1.14	135	
6	43	13	3.75	5.17	-2.18	0.34	0.21	136	
6	43	18	5.77	-1.73	4.10	1.90	2.38	137	
6	43	23	-0.54	-2.21	-1.87	2.47	2.80	138	
6	43	28	9.50	55.26	1.84	-24.31	-56.06	139	
6	43	33	-1.23	-42.02	6.84	-31.58	-53.55	140	
6	43	38	14.90	7.38	11.88	96.41	-17.88	141	
6	43	43	0.66	5.53	4.65	1.06	-1.18	142	
