143
diam	c	r	EConv0	EConv1	EConv2	OConv0	OConv1
6	3	3	4.56	3.31	3.68	-1.34	-1.24	44	
6	3	8	4.59	2.84	1.93	-4.00	-3.90	45	
6	3	13	4.19	3.98	3.90	0.84	-3.43	46	
6	3	18	3.74	3.44	3.84	0.28	-0.61	47	
6	3	23	4.41	4.09	3.48	-1.84	0.17	48	
6	3	28	3.60	2.14	4.49	-2.37	-1.41	49	
6	3	33	4.74	5.66	4.19	2.23	0.37	50	
6	3	38	3.89	3.77	4.76	-0.29	1.41	51	
6	3	43	3.78	2.94	2.65	-0.78	-2.27	52	
6	7	3	4.95	5.33	3.45	-0.04	-2.50	53	
6	7	8	2.30	2.88	5.45	-2.09	-0.88	54	
6	7	13	2.97	4.65	2.64	-0.84	1.08	55	
6	7	18	5.03	2.19	1.81	-3.63	-4.26	56	
6	7	23	5.09	0.50	2.53	1.26	-2.99	57	
6	7	28	2.55	2.06	1.40	1.19	1.48	58	
6	7	33	4.52	2.27	3.11	1.27	1.21	59	
6	7	38	-10.83	5.10	32.64	8.67	-35.59	60	
6	7	43	3.62	3.33	1.29	0.55	-0.39	61	
6	11	3	3.72	3.23	2.99	-3.67	0.51	62	
6	11	8	2.52	3.23	3.09	-0.06	1.71	63	
6	11	13	2.49	1.53	2.39	-0.57	2.93	64	
6	11	18	-3.79	43.07	11.21	-12.98	-31.88	65	
6	11	23	9.02	2.96	10.18	5.29	-1.16	66	
6	11	28	3.65	5.39	3.76	-1.59	-3.28	67	
6	11	33	44.19	60.72	-16.48	-68.50	-46.80	68	
6	11	38	-2.83	-38.36	-22.92	122.04	21.18	69	
6	11	43	3.40	1.77	4.56	4.42	-0.08	70	
6	15	3	1.64	1.98	2.08	-4.95	1.54	71	
6	15	8	3.40	4.28	3.58	0.83	1.99	72	
6	15	13	23.97	65.68	-3.38	-41.05	-48.56	73	
6	15	18	-43.14	-100.29	-10.25	-9.14	-41.32	74	
6	15	23	37.02	16.26	2.80	20.11	6.00	75	
6	15	28	2.01	5.38	4.91	0.32	2.45	76	
6	15	33	-59.72	-75.07	12.27	-87.41	-56.32	77	
6	15	38	46.45	48.59	4.58	30.80	16.51	78	
6	15	43	5.07	5.03	3.28	2.03	-2.68	79	
6	19	3	2.67	2.00	4.86	-0.88	1.53	80	
6	19	8	21.54	80.78	6.18	-51.72	-76.18	81	
6	19	13	-25.82	-81.88	3.37	-46.43	-57.93	82	
6	19	18	33.79	56.38	2.25	88.11	93.42	83	
6	19	23	4.86	2.90	3.45	-1.51	-3.50	84	
6	19	28	59.04	52.37	-4.71	-52.48	-27.51	85	
6	19	33	-40.33	-46.64	8.20	111.23	55.61	86	
6	19	38	2.07	1.84	5.30	-2.46	-4.28	87	
6	19	43	4.69	3.87	3.24	3.19	0.71	88	
6	23	3	23.13	14.72	-0.87	-12.44	-2.25	89	
6	23	8	-27.96	-98.02	-8.52	13.80	59.10	90	
6	23	13	-58.32	-39.66	15.97	87.97	62.07	91	
6	23	18	5.06	7.84	4.35	0.19	-1.08	92	
6	23	23	4.29	4.44	2.74	1.01	-0.29	93	
6	23	28	-3.59	-22.15	17.56	-113.65	-78.25	94	
6	23	33	46.14	82.81	40.77	95.61	-48.40	95	
6	23	38	3.76	68.38	34.94	-18.70	-98.16	96	
6	23	43	2.63	-24.85	60.41	48.97	-67.87	97	
6	27	3	9.51	4.48	10.47	-5.31	-0.14	98	
6	27	8	56.29	65.72	-11.72	-107.60	-34.25	99	
6	27	13	61.38	45.66	-4.32	102.91	45.47	100	
6	27	18	6.06	16.72	-0.53	-6.83	-2.73	101	
6	27	23	21.81	39.48	17.89	-72.18	-97.94	102	
6	27	28	52.49	7.52	30.04	33.69	111.15	103	
6	27	33	-0.13	3.20	-75.95	-33.91	61.10	104	
6	27	38	-12.47	-48.85	-4.25	9.17	9.44	105	
6	27	43	28.44	46.31	-33.20	92.77	67.85	106	
6	31	3	2.02	1.33	3.06	-2.06	0.62	107	
6	31	8	-0.77	-22.17	-6.50	-148.98	12.28	108	
6	31	13	33.93	33.10	1.65	37.22	-140.43	109	
6	31	18	-6.70	-89.25	-21.81	-31.63	-95.99	110	
6	31	23	-5.51	-9.05	-9.41	74.52	107.95	111	
6	31	28	22.34	58.71	1.76	-23.08	-26.56	112	
6	31	33	-29.66	-109.04	20.12	-45.78	-43.68	113	
6	31	38	18.06	63.60	4.21	63.52	94.31	114	
6	31	43	3.00	0.87	2.14	1.16	-2.97	115	
6	35	3	4.20	5.61	4.68	-1.75	0.42	116	
6	35	8	18.56	-10.27	52.89	-37.20	40.37	117	
6	35	13	-4.13	29.51	26.50	9.24	146.03	118	
6	35	18	5.37	74.40	31.75	19.85	80.83	119	
6	35	23	18.73	28.34	3.66	-10.74	-10.63	120	
6	35	28	-39.82	-112.38	5.85	-49.78	-44.92	121	
6	35	33	29.80	74.35	4.47	59.63	76.08	122	
6	35	38	1.10	1.68	3.45	-0.56	1.49	123	
6	35	43	3.76	3.19	3.95	2.43	2.68	124	
6	39	3	4.77	4.56	3.44	-2.96	1.53	125	
6	39	8	4.58	5.32	4.36	0.06	2.04	126	
6	39	13	2.61	1.68	0.79	-2.19	-2.00	127	
6	39	18	3.54	2.56	4.68	-1.32	-0.71	128	
6	39	23	-19.03	-35.79	-7.79	-95.34	-75.40	129	
6	39	28	29.42	68.68	1.13	64.22	71.58	130	
6	39	33	3.27	4.96	3.08	-1.61	-3.47	131	
6	39	38	3.59	4.63	4.14	-0.56	-2.02	132	
6	39	43	3.80	4.89	3.84	1.79	0.27	133	
6	43	3	1.20	0.28	2.70	-1.21	-1.29	134	
6	43	8	4.75	4.28	3.26	-1.52	-0.59	135	
6	43	13	2.70	1.69	2.88	-3.88	-0.74	136	
6	43	18	8.95	9.95	1.12	-8.45	-8.82	137	
6	43	23	-35.38	6.57	2.60	27.52	69.86	138	
6	43	28	5.66	1.33	3.77	1.76	0.07	139	
6	43	33	4.68	7.66	4.38	4.32	-0.85	140	
6	43	38	-0.55	18.92	29.66	2.36	-23.09	141	
6	43	43	4.72	1.69	1.93	0.10	-0.94	142	
