143
diam	c	r	EConv0	EConv1	EConv2	OConv0	OConv1
6	3	3	3.88	6.84	1.58	-1.01	-2.52	44	
6	3	8	4.20	2.80	5.88	-0.46	-3.34	45	
6	3	13	3.12	2.46	5.10	-0.70	0.48	46	
6	3	18	3.78	2.87	2.95	0.70	1.98	47	
6	3	23	5.03	2.73	4.82	-0.80	-0.04	48	
6	3	28	4.36	2.95	3.69	0.68	0.74	49	
6	3	33	6.43	5.55	6.28	0.54	0.74	50	
6	3	38	-11.60	3.08	20.23	9.78	-36.77	51	
6	3	43	1.00	3.28	2.92	-2.55	-1.15	52	
6	7	3	3.46	0.76	3.53	-3.34	3.73	53	
6	7	8	3.33	2.87	1.46	2.35	-0.22	54	
6	7	13	2.16	3.23	3.19	0.22	0.36	55	
6	7	18	4.64	5.56	3.06	-2.06	0.24	56	
6	7	23	3.61	4.03	2.76	2.33	-1.20	57	
6	7	28	1.67	3.70	2.57	1.15	-0.87	58	
6	7	33	29.51	41.25	-11.47	-53.72	-30.01	59	
6	7	38	-11.58	-28.27	-7.08	80.17	5.61	60	
6	7	43	3.40	3.07	3.67	-1.93	0.81	61	
6	11	3	3.32	2.37	3.29	0.05	0.00	62	
6	11	8	2.89	2.93	2.17	1.11	1.15	63	
6	11	13	1.45	0.73	0.47	-1.55	-0.27	64	
6	11	18	4.74	3.31	3.96	-1.15	-0.10	65	
6	11	23	4.32	4.04	4.91	-0.26	-0.03	66	
6	11	28	1.85	2.95	1.97	1.61	1.93	67	
6	11	33	-14.76	-13.93	-0.11	-89.15	-14.10	68	
6	11	38	33.77	39.66	0.48	35.52	33.06	69	
6	11	43	4.71	3.73	3.29	-5.16	-0.92	70	
6	15	3	3.80	4.54	4.73	1.14	0.61	71	
6	15	8	2.29	3.98	2.96	0.62	-0.84	72	
6	15	13	2.62	3.70	5.91	-0.26	0.09	73	
6	15	18	3.45	3.06	4.45	-1.86	-0.78	74	
6	15	23	4.60	4.49	2.38	0.95	0.52	75	
6	15	28	3.05	0.88	4.44	2.78	0.43	76	
6	15	33	-64.99	-23.20	-6.41	-41.59	-22.23	77	
6	15	38	19.15	10.34	11.68	-2.95	-0.48	78	
6	15	43	6.14	4.08	6.48	1.17	-2.07	79	
6	19	3	3.65	3.00	3.00	1.18	-0.86	80	
6	19	8	4.42	3.89	3.61	-1.28	-1.19	81	
6	19	13	5.35	3.14	2.40	2.62	2.46	82	
6	19	18	7.46	41.12	5.54	-24.73	-39.72	83	
6	19	23	17.78	-5.03	28.61	20.38	-16.55	84	
6	19	28	13.70	23.93	-5.01	-16.47	-19.82	85	
6	19	33	-31.31	-16.65	-20.50	-37.80	-4.90	86	
6	19	38	33.37	-4.92	37.80	60.45	-46.96	87	
6	19	43	3.09	1.41	2.00	4.70	1.87	88	
6	23	3	3.31	4.43	3.52	0.68	0.45	89	
6	23	8	1.75	0.71	4.44	1.07	2.75	90	
6	23	13	18.13	25.95	-0.34	-25.90	-25.80	91	
6	23	18	2.27	-43.99	-15.06	-26.80	20.48	92	
6	23	23	33.54	17.40	-5.11	46.58	10.63	93	
6	23	28	-18.02	-28.28	6.92	-19.47	-0.69	94	
6	23	33	-4.51	6.84	-18.81	-84.82	41.94	95	
6	23	38	-29.32	8.04	-21.89	71.86	-39.60	96	
6	23	43	0.37	0.39	3.48	-3.55	-5.41	97	
6	27	3	2.91	2.67	4.25	0.68	-1.39	98	
6	27	8	7.92	8.64	-2.11	-4.17	-3.63	99	
6	27	13	-34.66	-52.30	2.25	-6.77	-8.49	100	
6	27	18	7.31	24.20	12.30	-29.92	-5.32	101	
6	27	23	16.32	18.14	1.15	-14.82	-31.25	102	
6	27	28	10.62	12.62	0.51	24.00	15.38	103	
6	27	33	15.43	-2.90	46.04	-16.68	24.16	104	
6	27	38	-52.30	6.90	-48.34	-25.09	29.40	105	
6	27	43	16.40	3.68	0.96	8.15	0.89	106	
6	31	3	1.32	2.24	1.63	3.42	-0.65	107	
6	31	8	27.25	13.34	-0.99	-35.83	-7.38	108	
6	31	13	15.70	24.82	-0.05	45.84	29.87	109	
6	31	18	-35.24	-15.71	0.82	-25.55	-37.33	110	
6	31	23	1.60	-4.17	6.90	30.95	30.23	111	
6	31	28	5.08	8.08	3.00	-0.14	2.85	112	
6	31	33	1.25	6.09	-0.17	3.74	-2.49	113	
6	31	38	-21.92	-11.78	20.63	-37.98	61.10	114	
6	31	43	5.55	4.82	4.92	2.88	1.33	115	
6	35	3	2.53	2.43	3.71	1.37	1.70	116	
6	35	8	9.59	16.55	-7.42	-62.62	-21.05	117	
6	35	13	40.90	37.19	19.49	-24.99	-61.34	118	
6	35	18	-19.86	-30.55	5.31	61.72	39.54	119	
6	35	23	4.58	8.61	5.42	0.55	2.90	120	
6	35	28	1.17	2.19	2.49	-1.58	-2.48	121	
6	35	33	2.85	3.09	0.28	-2.83	5.12	122	
6	35	38	7.02	1.41	2.48	-2.31	-1.93	123	
6	35	43	1.77	2.05	4.68	2.78	3.76	124	
6	39	3	5.92	5.68	4.62	0.90	0.92	125	
6	39	8	38.76	-3.29	29.96	-62.37	29.58	126	
6	39	13	-7.01	-43.03	1.30	34.09	48.39	127	
6	39	18	12.46	36.12	-4.16	19.17	18.58	128	
6	39	23	3.18	3.01	2.30	-2.15	-3.63	129	
6	39	28	5.77	22.44	-1.47	-6.08	-10.24	130	
6	39	33	1.04	26.92	12.05	-27.17	-78.56	131	
6	39	38	28.19	0.21	30.79	17.57	-10.88	132	
6	39	43	2.50	4.49	1.09	2.16	-1.67	133	
6	43	3	5.77	4.05	3.87	0.12	1.25	134	
6	43	8	6.49	1.09	8.17	2.95	-1.54	135	
6	43	13	0.84	24.95	3.51	6.83	16.31	136	
6	43	18	2.18	0.72	1.65	-0.97	1.70	137	
6	43	23	11.39	20.35	0.07	-14.98	-11.20	138	
6	43	28	-9.84	-52.27	1.16	-27.61	-28.36	139	
6	43	33	22.77	9.47	-12.34	-29.75	70.16	140	
6	43	38	42.17	12.22	7.29	55.79	-1.52	141	
6	43	43	5.42	4.77	4.76	-0.30	-0.69	142	
