143
diam	c	r	EConv0	EConv1	EConv2	OConv0	OConv1
6	3	3	4.03	5.27	5.01	0.35	0.33	44	
6	3	8	1.82	4.73	3.78	-0.95	2.34	45	
6	3	13	2.79	2.58	4.86	-1.48	1.41	46	
6	3	18	5.48	8.57	14.22	-2.14	8.28	47	
6	3	23	1.97	17.63	20.79	0.40	21.26	48	
6	3	28	1.75	20.67	14.48	1.35	17.32	49	
6	3	33	6.43	5.31	6.51	3.02	0.89	50	
6	3	38	4.82	18.66	-4.03	-15.17	-15.73	51	
6	3	43	4.23	3.32	3.45	1.87	-3.05	52	
6	7	3	2.60	3.92	2.53	-0.93	-0.19	53	
6	7	8	3.11	3.36	4.35	1.62	-0.97	54	
6	7	13	3.39	3.72	4.41	2.41	2.03	55	
6	7	18	2.73	3.69	2.66	-0.71	1.70	56	
6	7	23	4.70	6.10	4.28	-1.38	0.41	57	
6	7	28	2.24	1.98	2.10	-2.89	1.69	58	
6	7	33	4.99	3.95	0.14	-2.13	2.46	59	
6	7	38	4.04	-1.07	14.82	-25.31	13.14	60	
6	7	43	2.37	2.57	-1.45	1.33	5.83	61	
6	11	3	3.06	4.10	3.66	-2.29	-0.05	62	
6	11	8	4.30	5.95	4.51	-1.52	-0.59	63	
6	11	13	4.11	4.64	2.95	0.44	-0.92	64	
6	11	18	2.97	3.52	4.29	-1.30	-1.27	65	
6	11	23	2.41	1.60	3.57	1.18	0.94	66	
6	11	28	5.75	23.89	-2.14	-10.28	-13.27	67	
6	11	33	10.02	-3.09	22.23	12.36	-9.76	68	
6	11	38	8.64	-0.06	3.06	-25.64	8.00	69	
6	11	43	4.59	3.31	3.62	0.74	-1.66	70	
6	15	3	4.69	3.85	5.47	-3.13	1.69	71	
6	15	8	6.97	14.29	5.47	-1.74	-3.12	72	
6	15	13	-0.96	36.99	33.61	-0.40	-39.38	73	
6	15	18	4.03	3.02	7.79	-1.53	0.31	74	
6	15	23	6.74	8.68	4.27	1.38	-2.11	75	
6	15	28	2.64	12.39	-4.38	-100.59	-71.01	76	
6	15	33	45.04	27.46	26.68	47.06	-2.26	77	
6	15	38	5.08	-5.48	-3.38	-27.60	2.43	78	
6	15	43	3.03	2.45	4.23	0.20	0.62	79	
6	19	3	2.28	5.38	1.35	-1.46	0.20	80	
6	19	8	-2.53	5.30	-9.30	-81.55	-83.55	81	
6	19	13	7.03	-76.10	-55.86	12.77	44.71	82	
6	19	18	20.15	-23.33	31.04	77.80	-56.86	83	
6	19	23	23.28	34.62	-2.08	-34.88	-27.52	84	
6	19	28	25.90	-32.89	24.11	-24.89	95.66	85	
6	19	33	-2.20	-31.91	-108.08	13.25	-24.99	86	
6	19	38	10.13	-0.85	45.60	27.83	-91.75	87	
6	19	43	5.35	3.44	3.90	1.22	-0.46	88	
6	23	3	35.06	40.60	-1.09	-34.13	-17.69	89	
6	23	8	-17.43	-44.20	28.28	81.57	59.10	90	
6	23	13	29.03	55.28	7.49	-15.63	-8.08	91	
6	23	18	-4.95	12.44	-20.15	87.60	31.39	92	
6	23	23	-42.06	-65.02	13.06	8.79	2.38	93	
6	23	28	11.37	10.18	3.63	2.32	1.76	94	
6	23	33	12.70	27.36	51.99	-9.04	32.00	95	
6	23	38	-64.79	25.35	-52.28	-60.06	13.54	96	
6	23	43	27.85	2.03	19.10	19.59	-5.86	97	
6	27	3	50.31	16.16	-5.29	-124.74	-17.36	98	
6	27	8	78.20	73.13	46.64	83.47	-41.06	99	
6	27	13	-11.59	-58.05	19.77	-4.23	-14.13	100	
6	27	18	10.22	12.19	4.03	-28.95	-22.19	101	
6	27	23	16.85	35.60	-3.79	29.38	29.46	102	
6	27	28	19.72	37.71	3.88	-21.08	-21.42	103	
6	27	33	-1.59	-26.10	-8.85	-41.19	-100.87	104	
6	27	38	-12.47	-49.29	-0.94	38.08	72.82	105	
6	27	43	12.99	13.68	0.85	8.87	2.73	106	
6	31	3	58.21	5.57	20.31	-133.28	14.65	107	
6	31	8	-5.57	-66.97	-0.42	90.85	41.53	108	
6	31	13	21.21	64.42	-5.01	-10.90	-11.00	109	
6	31	18	3.48	0.25	2.85	39.30	28.72	110	
6	31	23	11.22	18.76	-0.04	-12.27	-10.22	111	
6	31	28	-21.84	-88.86	-0.30	-45.95	-39.07	112	
6	31	33	15.36	43.76	13.32	62.36	99.60	113	
6	31	38	10.17	19.21	9.93	-19.52	17.99	114	
6	31	43	4.09	4.43	4.10	4.08	1.27	115	
6	35	3	51.75	-6.91	38.58	-64.37	23.15	116	
6	35	8	-3.90	10.08	-74.95	65.36	-42.95	117	
6	35	13	-10.97	-47.16	-2.45	38.07	35.62	118	
6	35	18	5.47	8.90	2.22	6.83	3.84	119	
6	35	23	2.08	-11.25	-15.04	-72.16	-26.20	120	
6	35	28	18.06	48.75	1.08	50.69	55.99	121	
6	35	33	2.91	1.54	3.60	0.47	1.02	122	
6	35	38	9.26	-1.80	6.03	-32.18	3.49	123	
6	35	43	4.74	3.61	1.77	4.20	-1.50	124	
6	39	3	7.37	2.80	7.95	-0.73	0.54	125	
6	39	8	-6.38	37.16	39.57	-1.58	63.17	126	
6	39	13	5.77	18.49	2.44	7.65	10.05	127	
6	39	18	2.81	6.31	3.81	-1.39	0.77	128	
6	39	23	-12.07	4.26	25.02	-7.53	29.56	129	
6	39	28	4.51	43.67	8.99	-10.39	-38.32	130	
6	39	33	-10.70	42.73	33.90	-7.57	-108.08	131	
6	39	38	17.92	-0.97	43.68	-9.79	-19.75	132	
6	39	43	6.35	4.44	3.76	3.68	3.41	133	
6	43	3	3.55	2.11	2.72	0.40	0.11	134	
6	43	8	2.41	2.40	2.84	0.13	3.18	135	
6	43	13	3.96	8.82	2.78	-7.28	-8.29	136	
6	43	18	-0.26	-3.46	0.52	-0.71	-4.51	137	
6	43	23	7.58	37.23	-5.69	-35.82	-47.39	138	
6	43	28	-16.06	-79.96	-12.79	4.57	38.22	139	
6	43	33	20.03	9.83	9.69	-28.38	103.61	140	
6	43	38	-46.10	-27.18	-58.87	78.88	-52.42	141	
6	43	43	4.15	4.27	2.75	0.67	-0.10	142	
