143
diam	c	r	EConv0	EConv1	EConv2	OConv0	OConv1
6	3	3	1.19	7.48	7.08	6.08	-5.72	44	
6	3	8	3.53	6.11	5.61	-5.96	-3.85	45	
6	3	13	4.15	2.98	4.43	1.63	-5.00	46	
6	3	18	6.56	5.72	5.42	3.70	-2.59	47	
6	3	23	3.14	3.21	3.48	-1.18	1.28	48	
6	3	28	4.38	2.25	3.50	-2.56	0.55	49	
6	3	33	7.26	-0.32	-2.44	-2.94	5.03	50	
6	3	38	8.21	6.51	11.21	-0.96	0.97	51	
6	3	43	3.34	4.71	5.30	-4.79	-4.62	52	
6	7	3	-0.19	2.73	-3.18	-4.84	-12.94	53	
6	7	8	4.27	0.34	6.67	6.71	-15.38	54	
6	7	13	0.65	3.77	7.19	5.25	-8.89	55	
6	7	18	5.13	4.40	5.92	2.90	1.33	56	
6	7	23	3.93	4.78	3.40	-2.91	0.83	57	
6	7	28	5.23	2.46	7.44	8.76	6.75	58	
6	7	33	11.73	36.39	-3.05	-51.97	-64.51	59	
6	7	38	2.82	-36.42	6.34	61.67	-35.63	60	
6	7	43	2.52	1.42	4.20	-2.92	6.52	61	
6	11	3	4.59	8.21	4.72	-8.92	-3.32	62	
6	11	8	9.20	3.44	-0.65	-4.26	-6.62	63	
6	11	13	-2.44	-2.97	1.33	16.98	-15.93	64	
6	11	18	6.84	1.94	4.66	5.07	-0.56	65	
6	11	23	2.89	2.42	5.94	-2.89	-5.04	66	
6	11	28	21.12	21.95	1.95	-3.80	-10.71	67	
6	11	33	-32.91	-49.43	6.34	-26.56	-3.95	68	
6	11	38	24.48	34.75	-3.59	47.47	33.78	69	
6	11	43	2.75	5.95	5.38	0.52	1.33	70	
6	15	3	-0.52	-7.07	1.34	-6.56	13.31	71	
6	15	8	4.34	-0.40	2.00	8.56	20.86	72	
6	15	13	6.61	37.17	6.48	-2.49	8.01	73	
6	15	18	2.73	15.45	33.14	22.17	-45.75	74	
6	15	23	2.69	2.90	3.64	-1.24	9.40	75	
6	15	28	29.83	42.45	7.76	-74.47	-41.91	76	
6	15	33	0.92	-7.77	15.57	76.13	44.18	77	
6	15	38	4.32	11.01	9.18	-3.18	5.76	78	
6	15	43	3.78	4.73	4.12	-0.57	6.04	79	
6	19	3	1.71	4.41	10.99	-1.37	5.22	80	
6	19	8	16.78	37.95	-3.79	-26.43	-19.97	81	
6	19	13	-5.25	-53.51	4.68	-11.08	-27.86	82	
6	19	18	-33.34	-18.04	-51.34	39.16	13.49	83	
6	19	23	20.21	35.46	8.86	-12.97	-25.69	84	
6	19	28	-24.87	-46.62	2.54	-61.13	-33.04	85	
6	19	33	43.92	20.29	15.15	82.36	5.53	86	
6	19	38	-1.26	1.74	-1.65	-4.96	2.05	87	
6	19	43	3.61	2.84	1.99	0.44	-2.57	88	
6	23	3	2.91	8.01	3.61	9.29	4.81	89	
6	23	8	-24.47	-43.47	0.69	-59.49	-32.25	90	
6	23	13	18.01	35.41	4.04	66.01	49.79	91	
6	23	18	-27.42	24.70	-1.03	-42.28	-36.72	92	
6	23	23	-6.86	-58.17	6.14	-9.18	-42.69	93	
6	23	28	30.98	19.37	-3.89	-21.37	71.93	94	
6	23	33	9.46	36.57	-16.38	50.66	-81.22	95	
6	23	38	-1.03	-8.98	34.52	27.37	-54.38	96	
6	23	43	2.17	1.38	3.94	-0.83	0.09	97	
6	27	3	39.88	28.87	3.83	-35.93	-14.43	98	
6	27	8	-8.03	-15.61	20.02	74.33	42.98	99	
6	27	13	28.96	43.56	-1.69	-42.56	-25.96	100	
6	27	18	-28.04	-59.72	11.55	-4.76	7.32	101	
6	27	23	6.36	30.36	-2.48	63.85	67.00	102	
6	27	28	21.15	5.38	35.29	-17.34	8.00	103	
6	27	33	-34.55	-8.67	-16.03	-40.40	32.83	104	
6	27	38	1.20	-1.85	-35.24	66.25	51.94	105	
6	27	43	-0.47	0.04	0.41	3.44	-1.33	106	
6	31	3	32.15	11.94	10.07	-67.65	-4.44	107	
6	31	8	19.48	49.68	2.22	50.79	-64.92	108	
6	31	13	-13.48	-57.66	20.73	-40.20	-54.59	109	
6	31	18	4.56	29.92	-9.05	63.66	72.65	110	
6	31	23	-0.26	5.36	0.24	-1.43	-4.44	111	
6	31	28	16.66	28.90	-3.92	-34.39	-35.79	112	
6	31	33	-10.00	-16.39	17.47	37.60	44.33	113	
6	31	38	11.45	19.11	9.71	-1.06	-0.32	114	
6	31	43	0.60	3.77	4.90	6.31	2.40	115	
6	35	3	29.21	-6.82	24.26	-40.39	29.83	116	
6	35	8	-17.29	-35.16	-30.87	2.50	65.61	117	
6	35	13	3.01	31.33	2.61	52.27	81.01	118	
6	35	18	5.31	4.41	0.23	1.81	7.59	119	
6	35	23	13.49	43.86	-1.94	-33.31	-23.82	120	
6	35	28	-11.15	-50.02	12.35	7.92	3.14	121	
6	35	33	18.44	27.00	2.27	14.05	8.83	122	
6	35	38	-1.02	-0.40	4.34	1.06	7.21	123	
6	35	43	10.66	34.40	2.60	-14.72	-21.22	124	
6	39	3	6.70	4.01	5.11	4.26	-5.83	125	
6	39	8	1.88	18.60	13.36	6.73	12.97	126	
6	39	13	11.98	42.87	-2.80	-19.05	-32.08	127	
6	39	18	5.51	23.78	20.18	8.17	-98.30	128	
6	39	23	-18.72	-70.38	18.57	-9.86	-23.89	129	
6	39	28	24.54	34.27	7.20	28.60	30.76	130	
6	39	33	4.18	-3.91	1.02	-0.49	4.32	131	
6	39	38	13.40	36.04	-3.27	-19.29	-24.53	132	
6	39	43	-10.50	-55.74	5.67	-28.41	-27.63	133	
6	43	3	-3.30	0.93	0.30	1.83	0.48	134	
6	43	8	14.32	35.26	2.56	-20.14	-17.61	135	
6	43	13	-20.28	-56.07	0.11	-49.53	-42.56	136	
6	43	18	15.97	-27.06	-23.59	3.65	78.69	137	
6	43	23	-8.70	11.36	-1.82	84.85	-4.15	138	
6	43	28	-0.57	0.00	-2.83	-0.89	0.49	139	
6	43	33	11.82	46.92	9.77	-9.44	-33.58	140	
6	43	38	-18.48	-40.19	11.74	-47.84	-59.21	141	
6	43	43	25.97	32.75	11.69	54.15	52.54	142	
