143
diam	c	r	EConv0	EConv1	EConv2	OConv0	OConv1
6	3	3	10.14	18.94	6.10	-4.34	-7.31	44	
6	3	8	-3.51	-19.50	0.74	-50.16	-51.45	45	
6	3	13	5.54	-2.59	2.32	67.39	41.38	46	
6	3	18	5.18	1.19	1.62	-4.35	-4.70	47	
6	3	23	5.00	3.99	5.38	0.55	2.06	48	
6	3	28	3.15	0.70	3.94	-1.70	-2.81	49	
6	3	33	2.87	2.95	1.81	2.21	-0.92	50	
6	3	38	0.04	8.95	3.74	-2.80	-4.93	51	
6	3	43	2.38	1.86	1.73	0.68	-0.57	52	
6	7	3	-0.82	-19.92	-10.09	-31.69	-33.48	53	
6	7	8	-27.20	-32.22	0.42	36.82	20.87	54	
6	7	13	10.40	24.95	4.44	10.57	9.06	55	
6	7	18	0.07	2.17	4.06	-1.34	0.67	56	
6	7	23	6.33	4.75	4.41	-0.95	1.57	57	
6	7	28	3.83	3.86	3.00	-0.36	1.26	58	
6	7	33	10.04	9.40	-1.45	-5.24	-1.84	59	
6	7	38	-20.90	-30.42	12.47	23.70	-31.95	60	
6	7	43	2.94	3.69	4.72	-0.24	0.49	61	
6	11	3	4.48	15.26	4.31	-25.92	-0.14	62	
6	11	8	12.92	29.90	-2.46	44.90	43.24	63	
6	11	13	1.73	4.86	4.42	-3.28	0.85	64	
6	11	18	2.61	1.73	1.75	-0.27	0.85	65	
6	11	23	3.38	3.36	2.39	0.45	-1.17	66	
6	11	28	3.71	2.30	4.50	4.12	1.59	67	
6	11	33	21.77	32.12	1.69	-51.43	-42.90	68	
6	11	38	13.89	11.35	-6.36	73.75	31.88	69	
6	11	43	2.45	2.34	3.24	0.61	-1.52	70	
6	15	3	-18.86	-33.51	1.59	26.39	28.76	71	
6	15	8	9.36	5.23	4.04	-0.06	-2.54	72	
6	15	13	1.71	25.66	-4.31	-13.41	-16.52	73	
6	15	18	4.83	2.82	27.63	10.36	-21.48	74	
6	15	23	3.24	2.09	2.67	-0.97	-0.84	75	
6	15	28	8.23	5.73	4.92	3.04	1.12	76	
6	15	33	-48.24	-57.68	7.17	-25.71	-3.25	77	
6	15	38	20.44	22.85	-4.08	11.90	7.74	78	
6	15	43	4.56	3.73	3.70	0.65	1.09	79	
6	19	3	15.21	21.58	1.02	15.18	17.21	80	
6	19	8	5.19	37.88	4.17	-14.10	-24.11	81	
6	19	13	0.23	-17.89	12.29	-59.13	-52.74	82	
6	19	18	9.73	-11.42	-1.59	74.71	0.12	83	
6	19	23	-3.03	-4.55	-2.65	5.06	3.86	84	
6	19	28	12.36	27.79	-5.96	-53.32	-57.44	85	
6	19	33	-10.32	9.93	17.74	84.94	11.18	86	
6	19	38	-4.72	32.38	29.20	-12.36	-45.45	87	
6	19	43	7.31	4.94	6.74	-0.03	-0.69	88	
6	23	3	20.72	40.06	-6.16	-22.83	-24.85	89	
6	23	8	-17.00	-55.39	3.08	-25.69	-38.77	90	
6	23	13	13.29	-1.72	-9.17	-15.58	49.58	91	
6	23	18	29.21	23.39	-8.59	56.39	25.55	92	
6	23	23	13.36	33.75	-7.02	-41.29	-50.95	93	
6	23	28	18.47	-32.66	10.11	3.70	41.49	94	
6	23	33	-6.51	-8.29	-42.60	8.58	-32.48	95	
6	23	38	-19.32	-33.57	-23.79	-1.42	-22.41	96	
6	23	43	37.29	4.17	4.87	32.59	0.83	97	
6	27	3	26.05	0.82	-2.25	-93.70	-0.20	98	
6	27	8	11.55	10.21	37.14	89.68	33.59	99	
6	27	13	-23.88	-23.58	3.38	-13.43	1.96	100	
6	27	18	17.12	41.39	1.26	-13.08	-13.73	101	
6	27	23	-32.41	-59.50	9.08	-8.68	18.87	102	
6	27	28	25.99	23.26	12.78	8.02	8.21	103	
6	27	33	-3.70	23.44	26.91	2.31	89.64	104	
6	27	38	-54.75	-7.58	2.23	-8.83	28.10	105	
6	27	43	14.09	11.64	1.13	3.29	3.94	106	
6	31	3	23.82	-8.10	40.92	-33.27	26.97	107	
6	31	8	-9.84	29.64	-49.65	17.95	-15.92	108	
6	31	13	3.09	21.79	12.02	30.97	-52.97	109	
6	31	18	-14.44	-66.65	3.36	-16.92	-20.84	110	
6	31	23	17.78	26.04	-5.69	34.29	30.52	111	
6	31	28	5.43	7.18	0.18	-2.29	5.62	112	
6	31	33	22.35	40.54	10.09	-51.60	-79.37	113	
6	31	38	-0.51	-10.09	9.29	69.82	41.12	114	
6	31	43	1.55	2.65	5.50	-5.99	-2.47	115	
6	35	3	9.03	14.12	-2.27	4.88	-4.62	116	
6	35	8	-36.33	-16.28	13.62	-41.05	-24.58	117	
6	35	13	-13.54	-26.84	-4.55	14.76	11.03	118	
6	35	18	18.26	39.38	6.91	24.55	32.91	119	
6	35	23	-5.65	35.69	-27.39	-40.30	-63.02	120	
6	35	28	16.26	-10.21	18.92	-37.83	-101.59	121	
6	35	33	-20.67	-66.53	-2.04	40.44	44.27	122	
6	35	38	21.35	31.64	-2.20	17.00	10.10	123	
6	35	43	2.74	1.55	2.01	-0.26	1.58	124	
6	39	3	21.30	4.66	11.56	-10.78	0.90	125	
6	39	8	-30.69	-36.33	-27.55	-2.27	48.43	126	
6	39	13	19.13	35.58	5.57	33.30	58.14	127	
6	39	18	5.37	1.33	-0.50	-5.43	-0.87	128	
6	39	23	11.75	-15.47	43.36	-43.73	48.94	129	
6	39	28	1.72	14.81	11.70	18.25	104.90	130	
6	39	33	8.61	42.53	-2.16	17.82	26.96	131	
6	39	38	1.73	0.53	3.86	-3.24	-1.39	132	
6	39	43	4.98	5.09	2.85	-0.23	-2.35	133	
6	43	3	4.88	3.40	4.34	-0.59	-0.57	134	
6	43	8	-4.84	19.78	19.23	5.26	20.63	135	
6	43	13	2.32	1.08	3.33	-5.25	-5.87	136	
6	43	18	4.23	3.57	4.39	-0.82	-0.62	137	
6	43	23	6.01	3.97	2.05	-0.96	-0.24	138	
6	43	28	10.53	4.53	0.91	0.81	-2.70	139	
6	43	33	9.17	3.88	7.69	5.74	2.10	140	
6	43	38	0.21	-0.28	0.13	1.71	2.68	141	
6	43	43	4.66	4.42	3.51	-1.58	1.37	142	
