143
diam	c	r	EConv0	EConv1	EConv2	OConv0	OConv1
6	3	3	1.62	1.25	1.65	1.68	-0.67	44	
6	3	8	2.43	1.77	1.69	0.29	0.15	45	
6	3	13	2.84	1.96	2.17	-1.39	-0.10	46	
6	3	18	2.41	3.03	3.03	2.63	-0.00	47	
6	3	23	3.45	3.50	2.71	-0.84	-0.39	48	
6	3	28	3.47	3.30	3.75	0.47	-3.16	49	
6	3	33	2.50	1.80	2.27	-1.92	-0.15	50	
6	3	38	3.08	3.26	2.96	2.65	-1.13	51	
6	3	43	2.84	1.92	2.65	-1.38	-2.27	52	
6	7	3	1.86	3.27	2.33	1.58	1.86	53	
6	7	8	2.46	2.80	2.88	0.13	0.40	54	
6	7	13	2.10	2.13	2.98	-0.60	1.05	55	
6	7	18	1.15	2.43	1.07	-1.27	-0.79	56	
6	7	23	5.27	4.22	3.51	-2.16	-0.50	57	
6	7	28	1.94	2.00	1.45	0.47	-1.34	58	
6	7	33	6.64	3.95	5.42	-0.19	-0.57	59	
6	7	38	2.46	1.54	2.04	2.84	-0.48	60	
6	7	43	1.84	2.17	1.15	-0.79	1.03	61	
6	11	3	2.22	2.24	2.20	1.72	-0.99	62	
6	11	8	2.75	2.43	1.98	0.22	-1.61	63	
6	11	13	2.35	3.12	3.12	0.00	-1.95	64	
6	11	18	1.23	1.78	2.39	-2.79	0.55	65	
6	11	23	3.61	0.98	1.47	-3.40	-0.23	66	
6	11	28	2.79	3.17	3.38	1.72	1.75	67	
6	11	33	-5.64	17.21	-1.98	-15.29	-27.82	68	
6	11	38	6.38	4.47	5.47	4.04	-0.20	69	
6	11	43	-9.14	0.90	12.65	5.14	-20.33	70	
6	15	3	2.03	2.99	1.75	-0.44	-0.19	71	
6	15	8	2.52	3.31	3.00	-0.27	-1.64	72	
6	15	13	1.39	1.77	2.37	0.48	-0.74	73	
6	15	18	2.48	2.89	1.58	-3.92	0.26	74	
6	15	23	3.03	1.87	4.30	-0.72	-0.79	75	
6	15	28	3.50	3.57	4.88	2.30	2.00	76	
6	15	33	-31.30	-11.38	-4.42	-32.31	-28.52	77	
6	15	38	12.23	1.29	1.08	-25.24	-60.34	78	
6	15	43	15.78	-0.77	-3.30	51.03	15.43	79	
6	19	3	2.29	2.00	1.88	-1.29	2.07	80	
6	19	8	2.42	2.87	1.25	-2.16	0.53	81	
6	19	13	3.14	5.19	4.89	-0.31	-0.65	82	
6	19	18	-5.31	24.23	23.99	-3.11	-49.14	83	
6	19	23	8.44	4.10	8.51	3.19	-3.52	84	
6	19	28	13.08	16.46	-2.45	-15.64	-14.34	85	
6	19	33	-1.64	-29.55	-4.24	-3.93	44.22	86	
6	19	38	-19.68	-14.47	-5.12	7.15	21.31	87	
6	19	43	13.94	13.48	0.19	12.93	6.25	88	
6	23	3	2.74	2.84	2.96	-1.74	-1.23	89	
6	23	8	4.02	1.12	2.35	-2.31	0.35	90	
6	23	13	15.32	23.95	-10.34	-43.46	-39.45	91	
6	23	18	-5.86	-16.78	-23.57	-6.87	4.61	92	
6	23	23	38.87	2.93	14.99	33.93	-3.91	93	
6	23	28	-15.42	-27.33	13.46	-5.41	-15.46	94	
6	23	33	18.40	28.60	-2.19	-8.35	-5.34	95	
6	23	38	-2.67	6.10	6.46	29.24	26.32	96	
6	23	43	2.61	3.12	2.77	1.23	-1.42	97	
6	27	3	2.75	2.45	2.50	-0.83	-2.12	98	
6	27	8	9.02	19.18	-1.52	-9.55	-13.37	99	
6	27	13	-23.90	-42.58	14.66	8.41	25.52	100	
6	27	18	23.66	14.16	19.57	-64.62	34.00	101	
6	27	23	36.03	12.80	4.18	4.60	-31.80	102	
6	27	28	12.45	21.53	-5.27	31.74	25.56	103	
6	27	33	-16.97	-19.31	5.66	-16.79	-10.44	104	
6	27	38	6.32	9.08	0.02	7.86	1.55	105	
6	27	43	2.26	2.04	2.21	1.48	0.15	106	
6	31	3	1.54	2.64	3.44	-0.35	-0.61	107	
6	31	8	-7.24	-8.32	2.55	-48.20	-23.43	108	
6	31	13	17.35	21.38	0.07	18.59	8.81	109	
6	31	18	14.07	10.44	15.07	-40.78	-20.14	110	
6	31	23	-7.67	-3.68	-5.14	25.69	34.01	111	
6	31	28	15.42	15.82	1.36	-13.84	-5.83	112	
6	31	33	-0.54	-4.63	7.25	33.23	7.43	113	
6	31	38	1.83	2.22	2.95	2.70	-0.97	114	
6	31	43	3.73	2.39	3.11	3.27	3.78	115	
6	35	3	18.69	17.57	-4.24	-15.01	-11.86	116	
6	35	8	-34.36	-20.54	9.21	37.02	-5.92	117	
6	35	13	9.65	33.70	11.40	-28.25	-42.61	118	
6	35	18	-5.69	-28.82	0.35	33.24	18.43	119	
6	35	23	4.81	6.91	2.37	1.81	2.94	120	
6	35	28	14.19	9.42	-2.75	-52.79	-19.67	121	
6	35	33	27.03	19.27	0.56	24.99	13.23	122	
6	35	38	0.48	0.84	1.10	3.96	1.08	123	
6	35	43	4.14	3.18	1.68	1.31	0.79	124	
6	39	3	36.52	11.66	2.65	-53.21	-4.15	125	
6	39	8	-0.04	-9.43	-8.11	11.46	-7.60	126	
6	39	13	-15.21	-32.97	-13.42	22.08	49.35	127	
6	39	18	7.39	14.62	2.99	4.88	10.74	128	
6	39	23	3.47	4.35	1.99	0.09	-2.49	129	
6	39	28	-13.53	-10.60	5.79	-49.80	-16.55	130	
6	39	33	17.57	3.60	7.48	7.47	-1.39	131	
6	39	38	1.56	4.09	4.19	2.76	-0.05	132	
6	39	43	2.81	2.61	2.56	0.07	-2.78	133	
6	43	3	12.61	-9.09	25.94	-17.12	17.09	134	
6	43	8	-10.63	23.50	-2.12	14.11	62.10	135	
6	43	13	2.25	8.83	2.06	-1.76	5.66	136	
6	43	18	2.89	3.18	1.49	-0.57	-1.25	137	
6	43	23	0.40	-3.93	-2.65	-20.87	-17.29	138	
6	43	28	14.12	14.25	-0.45	-34.18	26.20	139	
6	43	33	22.44	22.22	5.37	-12.72	-46.18	140	
6	43	38	-4.19	-29.40	2.08	57.65	-23.25	141	
6	43	43	2.15	2.52	1.96	0.23	-1.65	142	
