143
diam	c	r	EConv0	EConv1	EConv2	OConv0	OConv1
6	3	3	-0.67	-29.01	-26.57	-5.85	23.85	44	
6	3	8	2.36	-22.86	-21.91	2.61	26.28	45	
6	3	13	-5.36	-28.49	-23.39	2.52	25.10	46	
6	3	18	-0.28	-24.48	-18.80	-9.54	14.64	47	
6	3	23	1.47	-22.32	-20.85	0.07	25.75	48	
6	3	28	1.54	-23.36	-22.83	-2.36	28.13	49	
6	3	33	2.81	-23.70	-18.12	-6.96	26.72	50	
6	3	38	1.49	-16.00	-20.81	1.05	32.08	51	
6	3	43	-0.72	-22.56	-20.74	-1.02	31.44	52	
6	7	3	1.20	4.17	6.81	-2.34	4.52	53	
6	7	8	1.82	9.76	7.55	-2.87	0.53	54	
6	7	13	2.17	4.75	6.69	-0.04	1.03	55	
6	7	18	2.25	6.79	7.09	0.71	7.92	56	
6	7	23	1.89	6.02	3.52	0.48	6.02	57	
6	7	28	1.87	4.97	5.89	1.61	2.22	58	
6	7	33	-0.58	4.36	5.10	-2.01	3.49	59	
6	7	38	3.20	4.88	6.69	-3.29	3.09	60	
6	7	43	2.31	3.66	4.54	-1.96	3.59	61	
6	11	3	2.12	3.75	4.06	2.19	-5.07	62	
6	11	8	-0.73	-0.06	1.42	-2.61	2.04	63	
6	11	13	1.81	1.87	1.58	0.99	1.26	64	
6	11	18	1.80	2.04	1.18	0.49	-1.36	65	
6	11	23	3.04	1.56	2.81	0.24	-1.73	66	
6	11	28	3.43	4.00	2.38	-0.33	-1.74	67	
6	11	33	4.05	2.14	4.93	1.02	-0.85	68	
6	11	38	2.53	2.57	2.28	-1.71	-0.14	69	
6	11	43	3.54	2.10	5.11	3.11	-0.73	70	
6	15	3	1.57	2.07	2.56	0.98	0.06	71	
6	15	8	3.74	2.82	2.05	-1.26	0.49	72	
6	15	13	1.65	-0.37	3.17	5.08	-2.72	73	
6	15	18	0.76	1.44	1.95	-0.00	-0.39	74	
6	15	23	3.00	2.02	2.91	2.25	1.88	75	
6	15	28	17.14	21.24	-3.89	-19.52	-15.43	76	
6	15	33	17.99	-5.67	12.19	22.07	-8.58	77	
6	15	38	0.75	14.83	5.06	-5.83	-12.23	78	
6	15	43	4.02	3.50	3.65	1.64	-1.35	79	
6	19	3	0.12	2.84	-0.06	0.60	-3.49	80	
6	19	8	1.17	1.73	1.72	-1.61	-5.94	81	
6	19	13	-5.39	22.89	-11.83	-28.48	-51.13	82	
6	19	18	13.47	-3.95	27.16	22.79	-23.45	83	
6	19	23	1.97	1.24	1.20	-1.65	-3.06	84	
6	19	28	18.13	13.60	-1.73	-71.31	-24.15	85	
6	19	33	41.96	15.43	9.61	36.74	1.97	86	
6	19	38	-48.15	-26.12	-12.99	-22.40	-40.77	87	
6	19	43	4.13	4.28	1.13	-0.41	4.22	88	
6	23	3	1.11	1.12	2.76	-0.65	3.87	89	
6	23	8	6.50	7.14	1.95	-5.48	1.93	90	
6	23	13	-21.66	-43.00	2.59	-11.02	12.24	91	
6	23	18	-10.99	-13.52	-4.63	70.63	-15.63	92	
6	23	23	5.84	10.26	0.06	-3.60	-3.32	93	
6	23	28	-26.20	-24.88	16.06	-47.34	-24.90	94	
6	23	33	17.05	14.43	-0.86	4.73	-71.32	95	
6	23	38	-26.17	-31.97	3.80	49.61	32.05	96	
6	23	43	4.07	2.51	4.14	-0.55	-0.95	97	
6	27	3	2.58	3.45	2.46	-0.21	1.68	98	
6	27	8	27.30	14.81	1.71	-27.82	-2.00	99	
6	27	13	21.99	25.11	9.46	48.51	27.38	100	
6	27	18	-49.05	6.68	-21.46	46.10	1.30	101	
6	27	23	0.55	0.13	9.11	-47.38	-61.77	102	
6	27	28	27.40	-8.71	5.88	11.33	68.54	103	
6	27	33	-21.06	-15.79	-3.14	6.54	15.88	104	
6	27	38	19.03	31.10	-6.59	28.12	21.66	105	
6	27	43	2.78	0.68	2.07	3.33	-0.14	106	
6	31	3	2.59	2.66	2.04	-2.13	2.45	107	
6	31	8	18.44	12.74	3.33	-47.90	-9.75	108	
6	31	13	16.61	32.98	9.14	9.62	-21.07	109	
6	31	18	-24.68	-13.84	-20.89	-11.15	-23.21	110	
6	31	23	-16.88	-31.24	5.40	49.63	41.76	111	
6	31	28	5.01	9.88	-0.28	8.89	-4.04	112	
6	31	33	-56.39	-23.64	-3.12	45.70	20.59	113	
6	31	38	1.02	1.93	2.40	-1.41	1.51	114	
6	31	43	5.41	4.26	3.15	1.59	-0.37	115	
6	35	3	4.56	2.76	3.73	-2.76	-1.26	116	
6	35	8	15.31	1.54	-6.77	-83.81	-6.85	117	
6	35	13	0.55	-21.58	-16.16	-3.15	-27.23	118	
6	35	18	-7.98	-31.76	6.74	34.37	42.51	119	
6	35	23	12.24	30.32	-0.70	16.51	19.21	120	
6	35	28	2.80	4.59	2.15	-0.19	1.95	121	
6	35	33	-28.91	0.70	-17.62	56.45	4.89	122	
6	35	38	0.71	2.90	2.33	-1.85	0.41	123	
6	35	43	3.49	1.27	1.92	0.48	-0.65	124	
6	39	3	4.32	2.62	3.09	-0.84	-1.30	125	
6	39	8	19.52	-9.97	35.23	-35.06	26.59	126	
6	39	13	4.93	17.09	11.87	9.10	72.33	127	
6	39	18	8.79	30.89	-0.58	16.37	14.27	128	
6	39	23	2.97	1.67	4.70	2.69	-0.92	129	
6	39	28	1.87	4.10	4.36	-0.68	0.99	130	
6	39	33	-13.61	9.63	-0.83	4.74	24.01	131	
6	39	38	1.54	1.58	1.63	-1.19	0.67	132	
6	39	43	2.57	3.51	3.00	1.33	-2.04	133	
6	43	3	2.28	0.94	2.77	0.78	-0.14	134	
6	43	8	3.09	0.28	2.14	-0.27	4.40	135	
6	43	13	0.55	-0.17	1.80	-2.88	3.75	136	
6	43	18	2.25	3.10	4.08	-0.94	5.36	137	
6	43	23	1.30	3.03	0.76	4.40	2.68	138	
6	43	28	3.13	3.58	2.78	-0.78	2.14	139	
6	43	33	5.76	4.30	4.02	-0.28	-1.74	140	
6	43	38	9.36	11.51	0.57	-7.25	-7.48	141	
6	43	43	6.19	-0.24	17.34	11.48	-8.91	142	
