143
diam	c	r	EConv0	EConv1	EConv2	OConv0	OConv1
6	3	3	9.44	14.29	-2.41	-54.05	-61.82	44	
6	3	8	-13.69	-31.40	8.50	19.08	22.12	45	
6	3	13	18.64	43.86	-0.79	34.23	38.44	46	
6	3	18	3.02	5.04	6.80	-2.19	-2.10	47	
6	3	23	4.83	7.64	6.70	0.36	-2.45	48	
6	3	28	4.96	8.47	11.64	0.86	-0.01	49	
6	3	33	2.91	7.81	7.40	0.60	-3.56	50	
6	3	38	5.70	16.80	9.00	-2.72	-14.46	51	
6	3	43	-4.57	-0.27	26.43	12.40	-34.71	52	
6	7	3	-8.83	-26.73	4.54	4.17	0.69	53	
6	7	8	13.02	19.78	-8.47	37.01	43.72	54	
6	7	13	3.43	-25.01	-19.76	-5.22	11.18	55	
6	7	18	3.54	-21.77	-25.95	0.53	15.61	56	
6	7	23	4.43	-9.88	-10.23	3.11	10.56	57	
6	7	28	1.55	-16.97	-19.36	-6.91	12.61	58	
6	7	33	4.85	-24.69	-24.71	-0.01	17.39	59	
6	7	38	12.21	-4.67	-24.81	-50.52	-14.96	60	
6	7	43	13.94	-15.21	-20.86	51.28	33.11	61	
6	11	3	11.90	29.34	8.72	41.29	62.68	62	
6	11	8	2.10	4.69	2.15	4.70	3.92	63	
6	11	13	0.82	1.53	-0.47	0.33	0.94	64	
6	11	18	6.19	6.39	8.18	2.29	-1.82	65	
6	11	23	1.51	2.30	0.71	0.34	1.91	66	
6	11	28	1.59	4.23	3.74	-0.97	1.34	67	
6	11	33	13.10	15.40	0.66	-12.53	-11.01	68	
6	11	38	-13.16	-14.21	14.33	-0.79	0.84	69	
6	11	43	11.20	18.81	0.25	12.26	9.11	70	
6	15	3	4.54	7.46	1.75	-4.63	2.33	71	
6	15	8	-1.53	2.20	1.65	3.58	-3.60	72	
6	15	13	6.62	6.61	5.98	0.90	0.42	73	
6	15	18	-0.47	3.23	-1.42	-0.46	-3.58	74	
6	15	23	4.62	17.37	16.79	-1.47	-16.52	75	
6	15	28	-0.85	-3.20	2.31	2.80	-4.47	76	
6	15	33	8.59	6.91	1.24	-36.31	-15.06	77	
6	15	38	2.78	39.49	6.60	7.20	-31.13	78	
6	15	43	19.75	-13.91	26.95	29.11	-22.23	79	
6	19	3	4.82	2.24	2.82	-3.10	1.59	80	
6	19	8	1.26	2.35	1.35	-0.11	4.13	81	
6	19	13	5.74	0.35	3.88	1.68	0.16	82	
6	19	18	2.12	9.34	-8.53	-39.71	-39.01	83	
6	19	23	-32.70	-39.62	-36.95	8.06	-20.78	84	
6	19	28	5.82	9.67	2.06	1.45	-1.40	85	
6	19	33	-15.58	-26.75	3.24	-35.78	-47.06	86	
6	19	38	19.94	-4.94	9.06	28.69	68.95	87	
6	19	43	23.02	15.68	-5.49	47.78	15.29	88	
6	23	3	1.26	0.57	1.19	0.32	-2.61	89	
6	23	8	0.11	2.15	0.33	-0.53	0.47	90	
6	23	13	10.13	31.85	-1.65	-37.27	-48.83	91	
6	23	18	9.57	29.31	19.19	6.14	-31.15	92	
6	23	23	-1.43	-8.84	-0.81	38.47	42.37	93	
6	23	28	12.30	20.12	3.12	-26.86	-27.72	94	
6	23	33	-4.04	23.81	6.56	37.04	61.11	95	
6	23	38	7.49	7.46	6.41	-4.44	-1.28	96	
6	23	43	7.36	13.32	2.77	6.17	3.28	97	
6	27	3	3.88	6.24	4.92	-3.38	-1.41	98	
6	27	8	12.32	14.45	2.10	-10.26	-11.24	99	
6	27	13	-27.76	-59.27	-10.04	-23.31	18.74	100	
6	27	18	3.70	10.28	5.60	34.31	69.97	101	
6	27	23	15.85	39.45	-0.02	-23.15	-25.40	102	
6	27	28	-23.81	-45.22	1.39	30.26	18.22	103	
6	27	33	6.61	6.86	0.62	-2.14	0.23	104	
6	27	38	-15.63	9.88	3.45	3.61	-40.56	105	
6	27	43	4.40	-1.31	16.31	9.00	-9.20	106	
6	31	3	2.52	2.82	3.00	-3.96	-2.59	107	
6	31	8	0.60	-4.79	6.03	-43.27	-24.42	108	
6	31	13	14.47	28.81	9.29	21.14	20.25	109	
6	31	18	13.89	32.59	-0.14	-18.20	-21.48	110	
6	31	23	-25.39	-67.33	11.61	10.22	10.09	111	
6	31	28	6.29	25.57	1.16	5.32	15.70	112	
6	31	33	19.07	38.70	-1.71	-42.24	-42.82	113	
6	31	38	-1.90	-66.80	-20.96	0.02	23.28	114	
6	31	43	29.70	1.32	-4.59	66.10	-1.64	115	
6	35	3	11.95	9.83	-0.62	-11.20	-0.92	116	
6	35	8	-13.65	-22.74	8.76	40.49	24.26	117	
6	35	13	15.99	45.32	4.79	-24.29	-33.07	118	
6	35	18	-17.77	-74.13	6.53	6.74	7.42	119	
6	35	23	14.60	35.50	-3.83	17.62	20.21	120	
6	35	28	15.38	42.11	-1.67	-40.58	-48.62	121	
6	35	33	-10.93	-62.78	8.99	29.37	33.32	122	
6	35	38	21.00	49.12	5.07	1.56	14.98	123	
6	35	43	18.67	8.58	5.83	32.44	5.34	124	
6	39	3	36.25	15.45	5.84	-32.56	-3.09	125	
6	39	8	25.09	28.70	-0.06	-1.63	-79.21	126	
6	39	13	-10.86	-68.62	-14.64	29.29	41.81	127	
6	39	18	11.77	35.36	1.20	13.81	15.78	128	
6	39	23	16.94	36.28	-1.71	-35.84	-30.57	129	
6	39	28	-34.58	-73.17	8.40	13.67	7.61	130	
6	39	33	26.88	77.74	3.97	-13.81	-23.39	131	
6	39	38	-27.19	-65.58	-4.63	2.62	-57.24	132	
6	39	43	16.70	13.17	-0.87	12.62	5.78	133	
6	43	3	13.03	-4.56	18.46	-20.55	8.45	134	
6	43	8	-4.09	37.05	17.85	13.90	79.59	135	
6	43	13	10.45	19.82	7.40	7.24	-1.21	136	
6	43	18	15.20	26.45	5.45	-15.26	-12.84	137	
6	43	23	-25.37	-69.60	1.56	-26.65	-18.39	138	
6	43	28	36.89	69.74	-11.38	16.70	19.12	139	
6	43	33	-21.35	-47.45	0.44	-21.31	-23.48	140	
6	43	38	9.18	20.67	-2.51	59.18	55.03	141	
6	43	43	3.81	1.74	3.05	0.66	-1.66	142	
