143
diam	c	r	EConv0	EConv1	EConv2	OConv0	OConv1
6	3	3	1.94	2.19	3.64	1.54	-0.72	44	
6	3	8	2.06	2.63	2.44	1.73	1.77	45	
6	3	13	3.20	3.79	3.29	-3.57	0.32	46	
6	3	18	1.22	1.74	1.50	-2.80	-0.62	47	
6	3	23	3.20	1.84	3.60	-0.55	0.69	48	
6	3	28	3.55	4.29	2.68	0.72	-1.34	49	
6	3	33	2.29	2.50	3.01	-1.00	-3.03	50	
6	3	38	3.96	2.88	3.20	1.09	-1.57	51	
6	3	43	2.44	3.68	3.02	-0.15	-2.32	52	
6	7	3	2.98	2.64	2.49	3.49	0.73	53	
6	7	8	3.35	3.02	2.11	-0.11	-1.39	54	
6	7	13	2.46	1.19	3.37	-0.74	-0.86	55	
6	7	18	1.87	4.21	3.68	-2.50	0.58	56	
6	7	23	2.92	2.56	2.51	-0.10	-0.25	57	
6	7	28	2.05	1.11	1.30	-1.74	-0.88	58	
6	7	33	1.63	0.31	1.72	2.94	2.52	59	
6	7	38	7.15	12.10	0.82	-7.58	-9.44	60	
6	7	43	-22.23	-18.65	1.84	0.64	-44.59	61	
6	11	3	3.33	2.18	5.06	4.48	-12.07	62	
6	11	8	3.40	6.26	6.31	0.08	-11.25	63	
6	11	13	2.85	5.19	4.34	-0.38	-7.92	64	
6	11	18	1.84	2.23	4.12	-2.80	-8.30	65	
6	11	23	3.80	4.80	4.71	2.11	-8.60	66	
6	11	28	1.43	6.56	6.48	-1.99	-9.64	67	
6	11	33	6.61	6.58	8.05	3.37	-5.22	68	
6	11	38	8.78	11.92	5.21	-44.58	-26.18	69	
6	11	43	10.81	20.70	5.28	37.85	29.08	70	
6	15	3	3.03	4.27	2.61	7.04	8.13	71	
6	15	8	2.34	1.62	3.68	-1.65	11.21	72	
6	15	13	2.55	1.35	0.37	0.84	7.67	73	
6	15	18	2.43	2.60	3.51	1.15	6.48	74	
6	15	23	1.34	2.42	1.03	1.58	9.06	75	
6	15	28	3.05	4.62	5.78	-6.46	10.14	76	
6	15	33	2.78	5.26	-0.93	3.03	0.27	77	
6	15	38	-36.44	-37.92	5.35	3.94	13.40	78	
6	15	43	5.83	10.20	1.45	5.06	7.02	79	
6	19	3	1.67	4.76	0.18	3.28	-2.79	80	
6	19	8	3.01	4.14	4.97	2.79	-0.38	81	
6	19	13	3.07	3.00	1.52	-3.09	-0.10	82	
6	19	18	2.76	3.50	1.84	1.88	2.11	83	
6	19	23	3.55	3.17	4.87	-0.68	0.11	84	
6	19	28	4.62	7.87	2.54	-7.34	-1.02	85	
6	19	33	12.63	18.31	0.54	-37.66	-41.65	86	
6	19	38	15.37	39.83	7.06	33.39	-52.07	87	
6	19	43	-1.55	-12.87	26.69	18.58	-44.46	88	
6	23	3	2.83	3.41	2.70	-1.82	3.37	89	
6	23	8	2.16	5.86	1.31	-0.69	-5.07	90	
6	23	13	-0.98	25.65	19.26	-5.12	-32.55	91	
6	23	18	4.45	1.20	7.19	1.38	-3.12	92	
6	23	23	5.13	6.35	5.24	0.44	0.27	93	
6	23	28	9.10	13.58	5.21	-27.75	-22.60	94	
6	23	33	6.15	-13.24	19.69	19.22	58.50	95	
6	23	38	-1.62	19.03	17.55	2.47	87.07	96	
6	23	43	-8.79	27.33	-2.72	16.05	36.19	97	
6	27	3	2.95	5.14	3.10	-3.60	-1.46	98	
6	27	8	6.10	14.10	1.78	-34.84	-40.94	99	
6	27	13	-2.70	-48.60	-37.69	4.86	24.96	100	
6	27	18	23.99	3.20	6.07	28.70	-4.50	101	
6	27	23	11.01	19.38	1.93	-22.81	-24.77	102	
6	27	28	-8.05	-26.91	6.59	25.73	18.35	103	
6	27	33	6.64	9.87	0.79	4.16	2.02	104	
6	27	38	11.09	17.19	-0.75	-23.27	-22.05	105	
6	27	43	9.98	-6.79	2.13	26.58	8.71	106	
6	31	3	13.04	14.34	-4.92	-26.62	-18.14	107	
6	31	8	-5.36	-17.81	7.76	26.46	41.55	108	
6	31	13	7.48	16.25	15.92	-17.48	-15.78	109	
6	31	18	18.18	27.13	-3.64	-5.70	-12.39	110	
6	31	23	-12.30	-36.92	11.59	5.33	9.07	111	
6	31	28	5.90	17.11	-4.03	11.92	11.48	112	
6	31	33	8.66	34.01	9.25	-21.21	-37.49	113	
6	31	38	-19.07	-47.95	3.71	17.71	-3.63	114	
6	31	43	-7.53	16.68	3.92	-3.53	-29.61	115	
6	35	3	3.99	3.21	-3.55	-46.17	-9.96	116	
6	35	8	25.65	35.60	2.77	-3.84	-18.44	117	
6	35	13	-8.87	-1.01	9.25	27.74	-18.25	118	
6	35	18	-13.05	-48.94	6.10	-5.93	-10.26	119	
6	35	23	12.81	23.44	-1.57	22.72	18.01	120	
6	35	28	6.46	0.35	6.08	-3.84	3.63	121	
6	35	33	-14.85	-26.84	2.08	-1.68	62.33	122	
6	35	38	18.21	62.10	0.97	-18.37	-15.80	123	
6	35	43	-16.01	-30.45	-5.85	36.23	19.47	124	
6	39	3	18.80	-5.96	13.46	-41.54	19.77	125	
6	39	8	2.25	-28.10	-12.32	-11.11	-34.57	126	
6	39	13	-2.49	-36.13	-7.89	24.56	24.03	127	
6	39	18	9.27	29.04	-0.46	20.54	29.91	128	
6	39	23	3.80	4.98	2.86	0.33	0.74	129	
6	39	28	5.57	8.07	2.27	-3.15	-4.72	130	
6	39	33	9.52	19.18	-1.75	-35.49	-64.04	131	
6	39	38	-5.96	-39.81	-0.01	32.82	28.43	132	
6	39	43	11.01	22.13	3.29	7.48	13.20	133	
6	43	3	9.04	1.31	10.02	-9.50	7.05	134	
6	43	8	-14.05	-5.95	-3.43	9.72	70.33	135	
6	43	13	8.26	32.00	6.06	13.33	23.29	136	
6	43	18	2.91	5.39	2.55	-1.89	1.52	137	
6	43	23	5.40	12.78	5.18	-7.21	-11.96	138	
6	43	28	-2.73	-4.56	1.96	-34.43	-57.16	139	
6	43	33	-7.69	-21.13	5.78	39.78	57.31	140	
6	43	38	3.92	22.97	5.83	1.40	13.07	141	
6	43	43	4.67	5.63	6.99	-1.61	-3.10	142	
