143
diam	c	r	EConv0	EConv1	EConv2	OConv0	OConv1
6	3	3	2.75	-0.30	1.09	-1.70	3.53	44	
6	3	8	6.48	4.20	3.68	0.79	2.26	45	
6	3	13	6.68	7.31	1.66	0.48	-0.01	46	
6	3	18	4.78	2.56	5.83	4.14	-5.40	47	
6	3	23	3.91	0.26	-0.16	-3.87	-1.81	48	
6	3	28	5.09	1.16	1.77	3.52	-1.32	49	
6	3	33	6.60	4.93	0.17	-3.60	-1.38	50	
6	3	38	16.70	2.04	18.82	11.53	-5.49	51	
6	3	43	3.16	3.44	2.93	5.23	-2.46	52	
6	7	3	5.15	3.68	6.09	0.13	0.21	53	
6	7	8	2.30	3.00	1.95	-0.37	0.36	54	
6	7	13	3.53	3.63	5.51	-1.13	3.39	55	
6	7	18	1.50	6.83	2.38	4.89	3.49	56	
6	7	23	4.22	2.58	5.13	-1.33	2.53	57	
6	7	28	3.27	5.40	1.58	-0.41	-1.40	58	
6	7	33	41.36	32.19	-0.02	-46.51	-19.15	59	
6	7	38	43.64	6.48	13.77	48.12	-1.93	60	
6	7	43	2.69	2.91	0.91	0.67	1.81	61	
6	11	3	3.55	5.17	2.37	-0.40	-0.13	62	
6	11	8	4.68	3.42	3.63	-0.31	2.57	63	
6	11	13	6.05	4.96	3.31	-2.22	3.50	64	
6	11	18	1.20	1.45	4.31	-0.03	6.19	65	
6	11	23	2.59	5.42	0.09	2.75	-1.66	66	
6	11	28	1.79	3.06	8.33	-1.21	3.98	67	
6	11	33	-4.94	-7.72	10.10	-81.32	-19.96	68	
6	11	38	28.02	27.17	-5.02	11.81	14.71	69	
6	11	43	6.95	17.00	-2.49	-16.99	-14.73	70	
6	15	3	4.08	3.89	4.82	-0.36	0.13	71	
6	15	8	5.37	2.77	3.26	-1.49	-2.12	72	
6	15	13	8.42	8.80	3.88	1.84	0.18	73	
6	15	18	-23.21	11.57	-4.91	-19.98	-93.64	74	
6	15	23	22.33	0.54	32.29	19.38	-18.35	75	
6	15	28	0.35	2.05	3.66	9.66	5.52	76	
6	15	33	-80.46	-48.38	13.21	18.03	-4.21	77	
6	15	38	-12.31	16.41	36.75	-3.32	-52.68	78	
6	15	43	4.69	-7.91	9.04	-23.90	10.33	79	
6	19	3	4.51	4.98	5.13	0.95	-0.71	80	
6	19	8	1.31	2.23	4.17	0.50	-2.54	81	
6	19	13	20.91	25.47	-4.05	-61.42	-41.95	82	
6	19	18	17.35	-21.06	-23.08	-14.82	75.67	83	
6	19	23	47.13	22.45	3.63	40.93	11.87	84	
6	19	28	45.82	32.22	0.19	-31.64	-16.04	85	
6	19	33	-18.19	12.74	-34.52	49.36	-55.23	86	
6	19	38	-74.32	-52.58	-27.01	66.26	-35.20	87	
6	19	43	-1.11	5.54	6.05	-4.02	9.29	88	
6	23	3	3.72	3.61	3.13	-0.06	1.03	89	
6	23	8	2.66	6.91	5.77	5.32	2.95	90	
6	23	13	-64.91	-59.27	6.98	-27.55	0.87	91	
6	23	18	52.01	37.37	18.34	-41.61	3.94	92	
6	23	23	38.72	10.74	15.02	23.02	12.92	93	
6	23	28	-7.78	-45.92	24.09	-39.64	-42.77	94	
6	23	33	-27.45	-48.12	-20.09	25.49	58.99	95	
6	23	38	-70.59	19.01	-27.53	40.79	49.03	96	
6	23	43	-3.79	1.32	2.41	-6.66	-1.81	97	
6	27	3	4.49	4.50	4.82	-0.31	-0.55	98	
6	27	8	35.14	23.11	-0.35	-23.65	-8.10	99	
6	27	13	6.44	1.99	7.16	75.34	28.04	100	
6	27	18	12.15	19.64	-3.78	-83.59	-34.98	101	
6	27	23	31.32	52.81	2.91	-34.56	-91.61	102	
6	27	28	2.90	1.14	-3.72	93.35	51.78	103	
6	27	33	17.55	76.60	8.33	-10.08	26.98	104	
6	27	38	-52.37	-45.67	6.08	60.59	6.06	105	
6	27	43	0.32	0.48	3.90	-1.07	-0.65	106	
6	31	3	4.13	3.58	3.58	-0.41	-0.73	107	
6	31	8	38.57	15.44	10.31	-48.26	-4.96	108	
6	31	13	44.27	39.86	5.14	30.08	17.46	109	
6	31	18	-41.94	-44.02	8.35	-67.28	-49.42	110	
6	31	23	-42.64	-78.00	1.37	35.35	23.46	111	
6	31	28	36.07	44.66	-1.80	7.71	6.17	112	
6	31	33	-11.49	-49.15	2.28	-58.65	-97.96	113	
6	31	38	49.61	49.66	-1.47	57.23	34.91	114	
6	31	43	5.94	4.01	5.37	3.52	-0.60	115	
6	35	3	4.18	3.65	3.89	-0.08	1.44	116	
6	35	8	41.31	21.40	-0.92	-84.70	-15.55	117	
6	35	13	59.56	28.09	30.13	-39.20	-110.88	118	
6	35	18	-8.20	-37.51	16.89	35.59	31.60	119	
6	35	23	20.56	58.43	0.30	46.55	62.26	120	
6	35	28	37.86	0.03	13.06	-21.14	2.90	121	
6	35	33	-37.06	-1.49	-19.20	0.61	11.88	122	
6	35	38	41.87	3.01	37.43	18.86	-17.12	123	
6	35	43	8.51	5.13	4.68	4.43	-0.98	124	
6	39	3	4.63	4.20	4.01	-0.28	-1.31	125	
6	39	8	50.15	-8.84	39.18	-63.27	26.01	126	
6	39	13	-17.52	-46.17	-29.48	7.28	47.30	127	
6	39	18	15.83	42.52	-15.43	68.86	69.27	128	
6	39	23	1.61	-3.67	5.86	-4.41	-3.49	129	
6	39	28	33.10	57.64	1.72	-48.65	-51.11	130	
6	39	33	-7.02	-42.06	-7.07	-6.93	18.13	131	
6	39	38	56.30	5.83	22.75	102.05	-19.38	132	
6	39	43	7.56	4.26	4.34	4.81	0.84	133	
6	43	3	3.58	3.40	3.52	0.12	-1.25	134	
6	43	8	4.37	4.08	7.06	3.29	-1.50	135	
6	43	13	-8.39	31.56	24.01	0.91	40.99	136	
6	43	18	3.24	2.30	4.48	-6.96	-4.15	137	
6	43	23	18.89	26.04	3.27	-5.40	-4.18	138	
6	43	28	-48.61	-88.76	12.51	-28.90	-8.29	139	
6	43	33	42.58	56.10	30.52	35.21	73.29	140	
6	43	38	-13.60	4.73	-13.38	76.96	8.06	141	
6	43	43	5.50	5.83	4.43	3.22	3.21	142	
