143
diam	c	r	EConv0	EConv1	EConv2	OConv0	OConv1
6	3	3	3.60	3.79	2.84	-0.72	-1.00	44	
6	3	8	4.59	3.32	4.27	0.43	-0.13	45	
6	3	13	2.94	3.25	2.94	-0.92	-0.01	46	
6	3	18	0.60	0.99	1.41	0.56	1.48	47	
6	3	23	2.47	2.02	3.22	-3.19	1.36	48	
6	3	28	4.92	4.02	3.78	-0.60	-0.08	49	
6	3	33	4.56	8.75	0.75	-6.29	-1.23	50	
6	3	38	4.62	2.08	5.72	-0.17	2.24	51	
6	3	43	1.56	4.68	1.68	2.63	-0.64	52	
6	7	3	2.85	3.14	2.56	-2.49	-1.07	53	
6	7	8	5.60	3.48	3.47	0.60	-1.28	54	
6	7	13	2.44	2.02	3.75	1.95	-0.16	55	
6	7	18	2.39	3.77	3.37	-0.71	3.08	56	
6	7	23	2.41	2.87	3.46	-1.45	0.90	57	
6	7	28	1.59	2.57	1.74	-0.06	0.51	58	
6	7	33	1.69	9.50	0.18	-34.00	-28.39	59	
6	7	38	11.46	-1.83	14.29	24.34	-19.44	60	
6	7	43	1.30	2.02	3.00	-1.25	0.23	61	
6	11	3	2.91	0.43	3.12	-3.32	2.27	62	
6	11	8	4.68	3.95	2.92	2.67	1.85	63	
6	11	13	1.30	3.30	1.82	-0.06	0.20	64	
6	11	18	3.69	3.28	4.57	1.98	-1.08	65	
6	11	23	2.48	2.58	2.69	0.07	1.44	66	
6	11	28	12.53	6.43	2.42	-7.00	0.79	67	
6	11	33	-10.95	-10.07	0.05	-23.28	-9.49	68	
6	11	38	9.88	0.67	-3.22	37.55	8.82	69	
6	11	43	3.58	3.83	1.44	-3.49	-0.05	70	
6	15	3	3.97	3.67	4.02	3.12	0.48	71	
6	15	8	3.68	5.21	3.57	-2.62	-0.92	72	
6	15	13	0.53	1.70	1.29	-1.16	-2.75	73	
6	15	18	4.07	4.88	5.03	-0.24	-1.46	74	
6	15	23	1.97	3.64	2.78	-0.23	-1.61	75	
6	15	28	17.43	8.16	6.46	-14.68	-2.36	76	
6	15	33	-13.28	-5.17	2.95	-9.25	3.71	77	
6	15	38	18.18	15.18	7.23	19.66	6.73	78	
6	15	43	6.15	2.21	6.72	1.95	0.58	79	
6	19	3	3.86	3.46	2.87	2.03	0.04	80	
6	19	8	3.38	0.94	4.11	-3.04	1.28	81	
6	19	13	1.94	3.28	3.05	-1.99	0.17	82	
6	19	18	4.80	0.39	-1.12	0.74	4.37	83	
6	19	23	2.13	4.60	7.33	6.34	-2.18	84	
6	19	28	11.45	15.41	9.32	-22.27	-14.20	85	
6	19	33	-6.99	1.55	-1.80	-9.06	-4.88	86	
6	19	38	3.59	-3.23	7.81	29.24	-26.62	87	
6	19	43	4.28	5.24	1.61	-0.55	0.62	88	
6	23	3	3.83	3.83	2.95	0.30	0.22	89	
6	23	8	2.18	4.17	2.66	0.27	-1.97	90	
6	23	13	2.59	7.17	1.00	-6.64	-0.50	91	
6	23	18	5.60	19.52	4.58	-12.29	-39.53	92	
6	23	23	1.71	2.32	-2.67	-11.97	-45.05	93	
6	23	28	3.43	-13.13	2.31	-5.95	-30.34	94	
6	23	33	3.91	-2.08	4.09	0.39	-1.41	95	
6	23	38	-3.59	-4.94	-0.79	44.90	12.90	96	
6	23	43	-0.32	2.64	2.07	-1.76	-2.58	97	
6	27	3	4.11	3.69	3.47	-0.51	-2.23	98	
6	27	8	3.03	3.77	4.96	2.91	-2.02	99	
6	27	13	6.17	-0.54	0.29	-26.31	-14.78	100	
6	27	18	6.39	-19.48	-1.22	2.89	21.82	101	
6	27	23	18.16	8.60	3.96	-12.50	34.22	102	
6	27	28	-2.74	-9.68	2.40	26.16	26.22	103	
6	27	33	-7.18	5.74	-8.92	-14.76	20.83	104	
6	27	38	11.66	13.33	-0.74	32.20	11.03	105	
6	27	43	1.45	4.20	3.64	-2.75	1.70	106	
6	31	3	4.55	3.11	2.62	-0.88	0.30	107	
6	31	8	6.70	9.01	1.36	-2.18	-4.45	108	
6	31	13	-8.67	-12.35	8.66	2.36	-0.24	109	
6	31	18	14.85	18.02	6.98	3.09	13.48	110	
6	31	23	6.62	3.76	9.79	-17.97	-16.71	111	
6	31	28	8.23	13.73	-0.44	28.09	11.68	112	
6	31	33	-14.96	-9.53	11.61	-11.59	-5.76	113	
6	31	38	7.68	8.07	1.38	10.62	3.03	114	
6	31	43	2.50	3.23	3.46	-2.20	0.18	115	
6	35	3	4.14	4.37	4.23	-1.39	-1.97	116	
6	35	8	10.32	9.59	2.28	-20.32	-6.49	117	
6	35	13	-5.12	12.40	4.21	23.66	-9.16	118	
6	35	18	8.65	11.28	7.36	-22.56	-26.14	119	
6	35	23	-5.42	-16.68	1.79	11.70	7.74	120	
6	35	28	18.86	13.11	1.77	-8.34	-4.35	121	
6	35	33	-9.49	-6.10	-1.53	28.74	14.49	122	
6	35	38	1.17	3.60	2.28	2.61	0.48	123	
6	35	43	2.27	3.04	2.95	-2.54	0.21	124	
6	39	3	2.01	2.36	1.70	-2.67	0.05	125	
6	39	8	10.65	-0.53	3.14	-29.99	3.48	126	
6	39	13	-2.22	-9.29	-19.65	-8.43	-2.95	127	
6	39	18	-0.15	-22.20	-4.38	9.24	2.78	128	
6	39	23	7.64	14.72	1.45	20.81	17.82	129	
6	39	28	0.10	-0.66	3.67	-16.63	4.55	130	
6	39	33	5.00	6.48	-1.88	15.69	13.98	131	
6	39	38	0.85	2.33	2.44	2.44	1.80	132	
6	39	43	2.16	3.09	3.14	-2.49	1.51	133	
6	43	3	1.46	2.68	2.43	-3.28	1.62	134	
6	43	8	2.83	-0.45	9.37	-7.19	7.73	135	
6	43	13	-0.83	6.51	11.25	-5.55	30.72	136	
6	43	18	4.52	19.27	6.64	7.18	24.09	137	
6	43	23	1.46	5.04	3.03	-1.72	-1.52	138	
6	43	28	4.31	5.73	0.92	-11.08	2.97	139	
6	43	33	3.41	12.42	13.35	8.57	-31.61	140	
6	43	38	2.34	1.80	4.08	2.83	-2.57	141	
6	43	43	2.55	2.71	3.30	-1.81	-0.31	142	
