143
diam	c	r	EConv0	EConv1	EConv2	OConv0	OConv1
6	3	3	3.27	1.75	2.72	2.31	1.36	44	
6	3	8	3.12	4.03	2.34	-1.78	0.80	45	
6	3	13	3.27	1.81	3.65	-1.22	1.33	46	
6	3	18	3.15	2.08	2.65	0.97	0.81	47	
6	3	23	2.07	-0.05	6.02	-2.80	1.34	48	
6	3	28	3.38	3.31	2.29	1.92	1.63	49	
6	3	33	2.27	2.25	2.63	-1.26	-0.06	50	
6	3	38	4.03	6.11	4.94	0.64	0.02	51	
6	3	43	2.58	2.23	0.57	-1.82	-1.28	52	
6	7	3	4.58	4.58	4.54	2.58	-0.17	53	
6	7	8	3.52	2.94	3.68	-3.14	-0.24	54	
6	7	13	3.84	2.30	2.61	1.38	0.54	55	
6	7	18	3.49	3.74	2.29	-0.57	1.00	56	
6	7	23	2.09	4.16	1.49	1.22	0.66	57	
6	7	28	4.08	5.93	3.67	-2.36	-4.36	58	
6	7	33	0.11	2.86	9.99	1.34	-3.90	59	
6	7	38	2.81	3.92	3.92	0.03	0.87	60	
6	7	43	3.03	3.48	3.88	-1.84	-1.02	61	
6	11	3	3.52	4.10	1.24	1.16	-1.09	62	
6	11	8	3.28	2.44	3.40	-0.87	0.48	63	
6	11	13	3.80	4.80	2.97	-0.99	-0.98	64	
6	11	18	4.66	3.83	4.44	0.71	0.17	65	
6	11	23	2.69	2.68	2.76	-0.92	0.81	66	
6	11	28	19.81	13.66	-0.61	-16.31	-1.18	67	
6	11	33	11.89	-26.62	12.54	78.83	-24.67	68	
6	11	38	3.34	1.25	3.47	-0.06	-0.59	69	
6	11	43	4.75	2.56	3.62	1.28	1.69	70	
6	15	3	3.85	2.91	3.13	-2.29	2.49	71	
6	15	8	4.97	3.98	4.14	-0.05	0.90	72	
6	15	13	3.04	2.82	3.27	1.02	1.18	73	
6	15	18	7.84	9.28	4.21	-7.30	-4.82	74	
6	15	23	2.16	-0.20	27.67	15.51	-24.25	75	
6	15	28	43.27	24.30	1.60	-52.58	-17.84	76	
6	15	33	40.40	18.10	3.47	84.26	12.85	77	
6	15	38	5.38	3.51	4.80	2.86	-1.00	78	
6	15	43	2.52	1.90	2.35	1.54	-2.62	79	
6	19	3	4.43	4.11	3.70	-1.01	-1.05	80	
6	19	8	1.01	2.44	2.37	-0.23	-2.56	81	
6	19	13	4.41	9.42	2.55	-2.28	-5.91	82	
6	19	18	-2.86	-6.90	-0.41	-58.64	-69.36	83	
6	19	23	-11.10	-13.00	-6.27	92.84	-19.61	84	
6	19	28	35.92	14.66	14.17	-79.51	-10.14	85	
6	19	33	22.89	45.46	9.41	23.80	-70.52	86	
6	19	38	9.17	1.50	9.50	9.45	-5.34	87	
6	19	43	5.23	3.53	3.07	0.72	0.32	88	
6	23	3	3.39	3.20	3.10	-2.61	-0.46	89	
6	23	8	3.76	3.91	4.29	-0.60	0.72	90	
6	23	13	9.20	28.52	-4.05	-60.81	-61.52	91	
6	23	18	-0.80	-2.71	7.47	0.10	2.41	92	
6	23	23	-14.68	5.86	-11.98	79.21	11.13	93	
6	23	28	-25.99	-47.77	12.64	-44.50	-24.99	94	
6	23	33	-1.88	6.65	-32.86	-21.75	42.80	95	
6	23	38	32.21	8.41	9.14	31.10	1.26	96	
6	23	43	3.39	3.61	2.65	-1.07	-0.12	97	
6	27	3	4.11	3.53	4.95	-2.03	1.30	98	
6	27	8	19.77	32.06	-1.08	-23.19	-21.59	99	
6	27	13	-26.67	-54.90	9.18	3.41	5.54	100	
6	27	18	13.79	37.12	-14.04	-38.31	45.88	101	
6	27	23	11.70	-3.73	-20.97	2.50	-32.98	102	
6	27	28	12.01	15.75	1.55	69.00	42.67	103	
6	27	33	-35.59	-33.74	30.69	-41.44	-14.11	104	
6	27	38	8.80	10.60	1.33	6.78	3.51	105	
6	27	43	4.20	2.67	4.29	-0.11	-0.37	106	
6	31	3	2.26	4.13	3.81	-2.13	-0.24	107	
6	31	8	-23.46	-25.37	-8.14	-71.90	-33.15	108	
6	31	13	29.17	54.20	-3.88	43.24	44.90	109	
6	31	18	-13.41	-36.94	1.26	-23.60	-36.39	110	
6	31	23	-13.48	-34.17	1.78	38.18	43.41	111	
6	31	28	36.65	41.31	-3.83	-27.21	-11.80	112	
6	31	33	13.00	4.52	1.87	67.83	39.75	113	
6	31	38	4.35	3.93	2.80	2.68	2.39	114	
6	31	43	3.73	3.78	3.30	1.26	0.14	115	
6	35	3	0.73	1.66	1.80	-1.57	-0.36	116	
6	35	8	-58.93	-11.45	-13.69	-20.87	-6.47	117	
6	35	13	-0.91	-45.89	-12.26	-27.44	-63.94	118	
6	35	18	-10.39	-35.54	-3.90	22.74	21.87	119	
6	35	23	21.27	33.27	3.87	19.98	17.11	120	
6	35	28	-16.28	-37.71	7.62	-28.52	1.83	121	
6	35	33	12.71	20.17	1.19	13.16	5.28	122	
6	35	38	6.24	4.38	5.11	-1.42	-0.72	123	
6	35	43	3.17	2.39	4.36	4.13	-2.24	124	
6	39	3	3.22	2.62	4.35	1.10	-2.17	125	
6	39	8	-12.81	-27.06	-18.02	-49.18	60.95	126	
6	39	13	-8.32	-39.84	-21.63	28.27	82.15	127	
6	39	18	17.64	50.27	10.07	20.71	35.36	128	
6	39	23	5.94	3.95	5.79	-1.28	2.46	129	
6	39	28	0.94	17.20	6.09	11.87	18.51	130	
6	39	33	1.35	2.68	2.52	2.07	1.79	131	
6	39	38	3.81	4.15	2.38	-0.31	-2.30	132	
6	39	43	2.52	4.58	2.85	0.87	-0.13	133	
6	43	3	1.13	2.24	4.12	3.06	-0.26	134	
6	43	8	2.64	7.36	4.74	2.12	-2.67	135	
6	43	13	5.15	4.70	3.57	-2.63	-6.55	136	
6	43	18	5.08	3.25	4.02	-2.07	0.08	137	
6	43	23	4.06	4.44	3.56	0.50	1.88	138	
6	43	28	3.30	42.95	4.93	-14.60	-31.98	139	
6	43	33	3.16	13.44	47.40	10.04	-39.58	140	
6	43	38	1.77	-0.70	2.99	-2.67	-0.58	141	
6	43	43	3.82	5.91	3.80	0.06	-1.15	142	
