143
diam	c	r	EConv0	EConv1	EConv2	OConv0	OConv1
6	3	3	6.92	15.58	0.22	-20.41	-21.27	44	
6	3	8	-1.01	-11.95	2.58	-19.32	-27.59	45	
6	3	13	-1.36	0.26	0.21	-2.48	-13.83	46	
6	3	18	2.20	-5.64	-8.54	-4.53	-9.61	47	
6	3	23	-5.31	-17.84	-1.99	7.53	-1.16	48	
6	3	28	8.57	12.85	3.60	30.63	24.59	49	
6	3	33	1.63	5.94	-1.13	4.64	6.47	50	
6	3	38	2.13	3.39	3.29	-0.32	2.02	51	
6	3	43	2.63	4.20	3.86	-3.87	1.96	52	
6	7	3	-10.86	-18.87	-7.18	-32.05	-9.34	53	
6	7	8	10.74	-0.46	10.03	10.43	40.66	54	
6	7	13	-17.04	-12.80	-20.19	0.97	55.31	55	
6	7	18	11.55	6.66	24.02	-5.15	46.42	56	
6	7	23	4.12	25.69	7.34	10.82	46.76	57	
6	7	28	6.81	7.32	0.45	6.93	8.13	58	
6	7	33	-13.66	4.68	-4.51	-6.73	-38.44	59	
6	7	38	4.02	-0.52	7.41	6.22	-5.43	60	
6	7	43	2.87	2.77	2.04	-4.10	-1.46	61	
6	11	3	-4.30	6.25	10.69	-7.45	26.99	62	
6	11	8	3.60	6.70	2.15	4.61	8.26	63	
6	11	13	0.22	4.56	7.34	-2.95	9.76	64	
6	11	18	1.83	5.10	3.00	0.09	5.64	65	
6	11	23	3.47	3.52	4.43	1.43	5.90	66	
6	11	28	10.94	12.49	-0.98	-11.46	-6.89	67	
6	11	33	-16.83	-12.81	-2.28	-25.08	-8.20	68	
6	11	38	13.21	0.70	3.30	24.47	-8.35	69	
6	11	43	2.63	3.10	5.77	-0.06	-1.70	70	
6	15	3	4.09	3.95	5.15	-1.66	-0.23	71	
6	15	8	1.24	3.06	2.21	-0.17	-1.31	72	
6	15	13	3.43	8.49	2.91	-2.78	-8.20	73	
6	15	18	-1.91	22.22	16.72	-3.81	-33.93	74	
6	15	23	5.05	5.65	11.56	3.76	-8.81	75	
6	15	28	13.15	10.01	5.98	-29.38	-7.59	76	
6	15	33	-7.26	-1.67	-6.54	-14.46	-8.75	77	
6	15	38	10.70	-3.32	15.08	40.29	-23.27	78	
6	15	43	2.50	0.95	2.12	1.83	0.45	79	
6	19	3	3.41	1.62	3.13	-2.22	-0.77	80	
6	19	8	3.48	6.14	2.21	1.70	-2.02	81	
6	19	13	0.40	6.90	-2.56	-29.99	-31.31	82	
6	19	18	-1.92	-5.67	-3.59	-10.88	-17.64	83	
6	19	23	1.13	-7.44	-2.42	38.21	-40.31	84	
6	19	28	1.67	-2.26	7.93	-29.28	-24.79	85	
6	19	33	-1.28	-4.54	-8.19	-11.30	7.25	86	
6	19	38	-6.94	-8.12	-14.64	58.81	-1.95	87	
6	19	43	5.82	2.30	3.98	4.09	-2.99	88	
6	23	3	3.14	3.07	2.88	1.09	-2.82	89	
6	23	8	12.45	14.88	-1.17	-23.02	-11.85	90	
6	23	13	-1.86	-3.91	5.12	-22.04	-19.96	91	
6	23	18	-1.79	-6.99	1.88	-1.79	-5.55	92	
6	23	23	-1.47	4.66	-13.36	8.08	-3.23	93	
6	23	28	-5.17	-16.37	1.80	7.14	-5.85	94	
6	23	33	4.50	5.94	10.07	-27.09	-1.64	95	
6	23	38	10.37	9.60	-0.81	37.91	18.60	96	
6	23	43	3.63	3.08	0.76	4.40	-0.22	97	
6	27	3	1.85	2.41	1.58	-0.84	-0.98	98	
6	27	8	-2.24	-2.94	-0.06	-35.82	-18.31	99	
6	27	13	2.35	-5.04	12.35	19.49	46.26	100	
6	27	18	2.92	30.54	3.81	-18.06	39.87	101	
6	27	23	-3.71	-6.55	3.23	-7.46	0.80	102	
6	27	28	10.79	6.96	2.45	25.67	25.56	103	
6	27	33	-19.55	-14.63	2.73	1.18	10.18	104	
6	27	38	5.64	6.34	-1.51	14.63	8.88	105	
6	27	43	3.67	3.70	4.14	2.33	-0.28	106	
6	31	3	0.85	2.78	2.74	-1.24	-0.60	107	
6	31	8	-13.98	-0.30	-5.67	-39.97	-3.61	108	
6	31	13	18.18	19.90	15.64	15.59	-32.01	109	
6	31	18	4.56	-1.70	12.66	-23.29	-24.66	110	
6	31	23	-17.32	-13.37	5.19	24.24	10.55	111	
6	31	28	7.55	7.95	4.26	3.99	11.68	112	
6	31	33	-7.85	5.52	-2.83	5.43	23.07	113	
6	31	38	6.14	5.70	4.52	6.93	1.96	114	
6	31	43	1.34	2.57	2.32	2.49	-1.30	115	
6	35	3	5.20	3.62	3.67	-3.08	1.46	116	
6	35	8	7.85	-4.69	9.07	-45.72	29.57	117	
6	35	13	-0.95	0.28	-9.14	3.09	-11.85	118	
6	35	18	-4.81	-22.64	7.13	9.40	2.92	119	
6	35	23	2.92	10.82	-7.45	23.90	31.83	120	
6	35	28	4.44	2.54	2.76	5.42	4.18	121	
6	35	33	4.87	12.89	4.31	-6.29	-2.79	122	
6	35	38	-13.64	7.44	-9.34	-4.93	-44.50	123	
6	35	43	5.10	-0.75	7.64	8.93	-6.32	124	
6	39	3	3.42	2.71	4.32	-0.94	0.99	125	
6	39	8	6.08	0.86	9.71	-4.91	7.68	126	
6	39	13	-14.92	-13.95	-14.12	-17.53	55.60	127	
6	39	18	5.03	16.11	-3.10	23.49	35.59	128	
6	39	23	3.85	6.31	0.10	6.33	2.37	129	
6	39	28	3.86	4.38	1.84	-0.38	-0.76	130	
6	39	33	16.59	5.51	-0.53	-34.64	-0.58	131	
6	39	38	-8.85	-21.46	-3.89	-13.70	-3.56	132	
6	39	43	14.89	-1.56	0.62	34.22	-7.99	133	
6	43	3	2.34	2.12	2.32	0.02	-1.11	134	
6	43	8	3.70	5.59	4.65	-2.77	-1.83	135	
6	43	13	1.67	1.60	5.11	-3.10	-0.17	136	
6	43	18	2.50	4.33	3.99	3.68	1.40	137	
6	43	23	3.04	4.66	6.08	-0.33	0.48	138	
6	43	28	3.52	3.43	3.91	-0.22	1.09	139	
6	43	33	8.26	-2.06	16.08	-10.77	9.31	140	
6	43	38	-6.42	13.19	4.45	-0.93	41.45	141	
6	43	43	3.36	9.23	-2.40	10.56	11.44	142	
