143
diam	c	r	EConv0	EConv1	EConv2	OConv0	OConv1
6	3	3	2.83	2.83	2.83	0.00	1.00	44	
6	3	8	2.60	3.09	3.06	-0.03	1.01	45	
6	3	13	2.00	3.36	2.77	1.31	0.96	46	
6	3	18	2.55	1.90	4.26	-1.57	2.08	47	
6	3	23	2.73	3.06	3.15	0.09	1.32	48	
6	3	28	1.66	2.55	2.71	1.00	1.05	49	
6	3	33	3.75	4.37	4.49	-2.79	-1.04	50	
6	3	38	2.64	4.12	3.47	-0.69	2.20	51	
6	3	43	2.01	3.88	2.90	3.52	1.23	52	
6	7	3	2.84	2.94	2.82	-0.04	-1.53	53	
6	7	8	3.09	2.75	2.75	-0.38	-1.07	54	
6	7	13	3.60	3.16	2.48	-0.20	-1.50	55	
6	7	18	5.21	2.87	3.70	2.40	-0.31	56	
6	7	23	2.69	2.88	2.33	-0.21	-1.41	57	
6	7	28	2.31	2.78	3.01	0.49	-1.63	58	
6	7	33	8.02	13.99	-5.09	-19.31	-13.52	59	
6	7	38	-2.70	-11.93	15.50	21.79	-30.04	60	
6	7	43	2.54	3.21	2.21	1.77	-2.09	61	
6	11	3	3.06	3.32	2.93	-0.90	0.56	62	
6	11	8	3.41	2.81	1.74	-0.84	-1.39	63	
6	11	13	4.47	0.75	3.87	-0.69	-0.25	64	
6	11	18	5.20	4.65	2.53	2.93	-1.75	65	
6	11	23	2.94	2.43	2.59	-1.15	-0.50	66	
6	11	28	2.16	2.80	1.29	1.22	0.38	67	
6	11	33	10.73	8.05	0.52	-54.12	-19.90	68	
6	11	38	6.65	1.85	-3.80	57.15	14.35	69	
6	11	43	-0.58	1.96	4.64	0.40	-1.16	70	
6	15	3	3.27	2.91	3.13	-1.49	-0.12	71	
6	15	8	2.93	2.37	2.35	-0.09	0.71	72	
6	15	13	3.46	6.13	3.62	1.61	-2.93	73	
6	15	18	2.66	24.61	20.77	2.19	-19.88	74	
6	15	23	1.81	3.88	12.56	0.26	-9.05	75	
6	15	28	5.45	6.01	3.11	-3.15	-3.12	76	
6	15	33	-20.19	-15.31	5.88	-38.28	-5.91	77	
6	15	38	16.35	25.52	10.82	21.26	5.96	78	
6	15	43	1.34	4.44	4.11	1.38	-0.41	79	
6	19	3	2.23	2.31	2.93	-1.11	-0.33	80	
6	19	8	6.71	16.80	-1.01	-7.19	-9.07	81	
6	19	13	0.28	6.44	0.58	-30.18	-66.67	82	
6	19	18	-9.19	-40.53	-30.29	0.02	-36.52	83	
6	19	23	7.50	-16.82	1.19	47.61	-17.48	84	
6	19	28	8.59	7.74	1.65	-11.67	-6.11	85	
6	19	33	-14.57	-4.01	-2.97	-12.91	-10.88	86	
6	19	38	0.48	-17.37	-23.80	12.01	-45.36	87	
6	19	43	12.20	-6.88	12.89	24.19	-13.52	88	
6	23	3	10.49	5.24	6.95	2.53	0.36	89	
6	23	8	7.57	4.04	-6.19	-55.72	-33.14	90	
6	23	13	5.10	-15.70	1.55	14.35	44.60	91	
6	23	18	8.02	13.47	19.68	27.90	52.87	92	
6	23	23	6.09	29.54	0.52	6.99	21.61	93	
6	23	28	3.89	1.62	11.36	-19.65	-23.84	94	
6	23	33	4.49	3.95	17.93	15.30	55.25	95	
6	23	38	8.40	33.13	3.68	-35.68	29.34	96	
6	23	43	13.71	2.91	0.20	46.44	1.11	97	
6	27	3	1.44	1.57	0.58	0.60	-0.03	98	
6	27	8	-39.04	-27.93	8.14	-9.46	6.56	99	
6	27	13	5.55	16.71	4.57	2.46	17.55	100	
6	27	18	5.40	15.78	-1.03	5.50	1.15	101	
6	27	23	6.47	10.97	2.46	-19.42	-13.19	102	
6	27	28	-10.00	-10.03	1.57	24.60	26.95	103	
6	27	33	7.72	17.70	-4.13	-5.17	-2.26	104	
6	27	38	-20.68	-33.12	13.25	-9.97	-7.61	105	
6	27	43	9.13	16.24	-2.49	11.48	16.49	106	
6	31	3	12.29	9.12	4.58	-2.55	-2.45	107	
6	31	8	-22.14	0.69	-20.78	0.04	9.17	108	
6	31	13	-0.71	-12.14	6.78	19.54	-3.47	109	
6	31	18	8.11	11.75	4.01	-13.75	-3.57	110	
6	31	23	-5.89	-16.90	6.62	6.14	4.94	111	
6	31	28	11.25	27.28	3.89	-4.53	-4.79	112	
6	31	33	-6.84	-22.16	-3.85	-15.57	-39.12	113	
6	31	38	9.60	14.89	2.11	31.00	26.31	114	
6	31	43	3.34	3.12	2.62	0.69	-2.00	115	
6	35	3	3.52	0.79	3.50	-1.42	1.23	116	
6	35	8	2.73	8.74	6.34	-23.65	10.98	117	
6	35	13	12.55	26.60	7.78	18.01	-15.38	118	
6	35	18	-1.66	-17.70	2.55	-14.15	-9.68	119	
6	35	23	9.07	14.57	-0.31	14.52	18.52	120	
6	35	28	-9.37	-17.76	-12.24	-35.83	-5.82	121	
6	35	33	-2.71	0.05	-1.60	29.43	43.32	122	
6	35	38	2.90	7.66	2.40	-0.75	-1.51	123	
6	35	43	3.77	3.83	3.70	-0.27	1.63	124	
6	39	3	3.61	4.83	2.45	-3.20	0.53	125	
6	39	8	3.99	-7.86	2.71	-19.80	14.07	126	
6	39	13	-1.52	-16.86	-6.87	7.12	28.07	127	
6	39	18	5.84	11.50	1.99	18.16	16.69	128	
6	39	23	1.47	-0.63	3.27	-2.18	-3.92	129	
6	39	28	-3.64	4.95	13.82	0.90	19.26	130	
6	39	33	5.62	12.84	8.68	-0.27	0.02	131	
6	39	38	1.36	8.01	1.84	-1.14	2.68	132	
6	39	43	2.45	1.96	3.46	-0.16	-2.52	133	
6	43	3	2.62	1.35	4.16	-0.35	-0.23	134	
6	43	8	2.75	4.30	5.69	-0.44	3.46	135	
6	43	13	0.56	6.88	3.88	3.16	3.73	136	
6	43	18	1.65	4.17	0.80	-1.18	-0.59	137	
6	43	23	3.00	3.11	2.05	1.35	0.54	138	
6	43	28	9.76	9.83	1.35	-1.10	-6.08	139	
6	43	33	-9.78	7.65	-8.60	-26.51	-79.87	140	
6	43	38	3.37	-15.31	21.46	28.38	-47.86	141	
6	43	43	3.55	4.39	3.85	-0.97	1.69	142	
