143
diam	c	r	EConv0	EConv1	EConv2	OConv0	OConv1
6	3	3	3.38	3.75	2.87	-1.86	-1.23	44	
6	3	8	3.28	2.56	2.77	-0.46	-2.90	45	
6	3	13	3.34	2.44	4.13	-2.31	-1.81	46	
6	3	18	2.81	3.57	2.25	0.08	0.24	47	
6	3	23	3.99	3.33	3.25	-2.39	0.21	48	
6	3	28	3.10	3.00	2.81	1.83	-1.95	49	
6	3	33	3.96	5.82	2.94	-1.20	-0.39	50	
6	3	38	-0.80	3.85	-0.91	-8.23	-12.26	51	
6	3	43	6.87	1.41	8.03	8.10	-5.04	52	
6	7	3	3.84	2.83	4.31	-1.21	0.26	53	
6	7	8	3.79	3.19	3.32	-0.12	3.08	54	
6	7	13	2.30	3.14	1.79	-2.26	-0.46	55	
6	7	18	3.40	2.57	4.47	1.79	0.68	56	
6	7	23	3.35	3.12	3.62	-2.46	1.71	57	
6	7	28	2.15	3.95	2.97	0.18	1.57	58	
6	7	33	5.84	6.87	1.11	-12.04	-7.24	59	
6	7	38	3.17	-3.57	5.72	0.77	5.79	60	
6	7	43	4.14	4.28	0.49	11.80	0.82	61	
6	11	3	3.04	4.23	3.72	0.58	-2.74	62	
6	11	8	4.79	4.18	4.56	-1.15	-1.07	63	
6	11	13	2.24	3.00	4.12	-3.51	0.95	64	
6	11	18	2.71	2.71	2.45	2.25	0.20	65	
6	11	23	1.60	2.73	2.28	-1.54	-2.49	66	
6	11	28	1.18	2.34	1.75	-0.26	-1.96	67	
6	11	33	-7.62	-1.43	0.03	-18.49	-13.41	68	
6	11	38	8.82	7.32	5.16	4.46	2.15	69	
6	11	43	5.73	5.08	2.42	1.54	2.57	70	
6	15	3	2.81	3.93	3.53	-0.23	-1.22	71	
6	15	8	4.78	2.20	4.22	-0.77	-1.24	72	
6	15	13	4.38	2.89	0.47	-3.17	-0.30	73	
6	15	18	3.83	14.44	1.91	-6.23	-24.06	74	
6	15	23	-0.96	-2.00	11.84	8.42	-22.12	75	
6	15	28	4.85	3.26	4.60	0.81	0.14	76	
6	15	33	-5.40	6.93	0.27	-20.06	5.06	77	
6	15	38	-0.45	0.93	6.22	12.94	-16.41	78	
6	15	43	2.69	3.78	6.65	2.82	-4.64	79	
6	19	3	3.08	3.84	2.04	-2.31	-5.43	80	
6	19	8	3.88	3.40	2.87	4.48	-5.19	81	
6	19	13	9.61	11.32	3.95	-14.55	-10.23	82	
6	19	18	-4.59	-12.95	4.10	-5.50	-3.05	83	
6	19	23	-7.68	1.10	-18.16	7.78	1.67	84	
6	19	28	11.37	5.15	5.44	4.78	-3.02	85	
6	19	33	0.02	-7.03	8.35	-15.96	3.77	86	
6	19	38	2.15	-0.33	-13.23	1.42	6.99	87	
6	19	43	7.41	-0.58	6.99	15.13	-5.94	88	
6	23	3	3.53	3.90	4.79	-3.61	0.72	89	
6	23	8	8.50	10.61	3.53	-5.62	-8.79	90	
6	23	13	-3.30	-9.73	2.20	-12.83	-24.70	91	
6	23	18	2.21	5.23	5.66	20.42	15.53	92	
6	23	23	-11.38	-6.60	6.48	-7.41	3.61	93	
6	23	28	7.35	4.53	2.21	-4.94	-9.30	94	
6	23	33	2.25	1.30	5.93	13.51	11.32	95	
6	23	38	16.98	20.41	12.46	-15.65	9.65	96	
6	23	43	4.17	-2.45	-0.38	29.15	-4.86	97	
6	27	3	6.47	3.63	2.52	-4.36	-2.92	98	
6	27	8	1.20	-0.97	-0.40	-13.42	-15.98	99	
6	27	13	-2.81	-0.41	3.31	12.91	22.08	100	
6	27	18	12.25	19.41	4.37	-17.63	-6.80	101	
6	27	23	3.43	5.13	0.54	7.62	-8.61	102	
6	27	28	2.49	-5.22	7.30	15.10	8.12	103	
6	27	33	3.75	10.35	-2.44	0.54	-2.99	104	
6	27	38	1.47	-3.70	4.05	-24.16	-17.91	105	
6	27	43	11.66	14.26	1.59	15.96	14.19	106	
6	31	3	8.50	7.15	3.85	-7.45	-2.62	107	
6	31	8	-8.74	-5.31	6.82	3.47	1.47	108	
6	31	13	10.33	17.72	2.66	-8.70	-11.34	109	
6	31	18	-5.06	-18.01	-0.68	-3.39	-12.33	110	
6	31	23	4.66	-0.63	3.89	16.12	19.74	111	
6	31	28	5.87	21.83	4.12	3.24	-1.96	112	
6	31	33	5.37	13.22	13.24	-18.57	-23.82	113	
6	31	38	-6.55	-17.50	4.63	17.86	9.47	114	
6	31	43	5.69	5.05	2.34	1.71	0.63	115	
6	35	3	10.89	1.55	4.21	-19.83	4.46	116	
6	35	8	-0.45	1.65	-8.57	11.00	12.55	117	
6	35	13	0.86	-14.40	-1.33	-17.63	11.40	118	
6	35	18	3.64	5.49	2.58	19.21	26.79	119	
6	35	23	14.39	18.43	-5.45	-16.37	-5.37	120	
6	35	28	-3.98	-33.21	-11.76	-7.50	-26.82	121	
6	35	33	0.85	-14.08	-5.73	18.07	25.51	122	
6	35	38	6.47	15.80	3.31	11.57	13.65	123	
6	35	43	0.88	2.80	3.38	1.25	-1.72	124	
6	39	3	1.71	2.10	6.75	-1.03	1.54	125	
6	39	8	4.23	7.54	10.09	-3.79	11.44	126	
6	39	13	4.40	9.29	10.55	4.69	12.63	127	
6	39	18	0.93	7.13	1.02	1.85	4.76	128	
6	39	23	8.70	-2.84	14.73	-14.50	8.71	129	
6	39	28	-1.85	10.27	0.55	11.97	30.91	130	
6	39	33	4.38	7.32	3.24	3.57	3.84	131	
6	39	38	2.54	4.00	2.37	2.00	-4.51	132	
6	39	43	3.18	2.27	3.63	1.89	2.74	133	
6	43	3	2.42	3.64	6.29	6.50	-3.23	134	
6	43	8	4.55	5.60	6.66	-0.62	-0.38	135	
6	43	13	1.63	3.50	1.27	-0.33	-2.40	136	
6	43	18	0.65	5.67	5.26	-2.13	-3.20	137	
6	43	23	7.64	9.88	6.11	-4.02	9.88	138	
6	43	28	3.32	5.20	4.34	-1.05	-3.67	139	
6	43	33	9.12	15.64	4.54	-8.31	-14.04	140	
6	43	38	-14.76	-13.03	5.56	19.50	-29.05	141	
6	43	43	5.15	4.01	1.94	1.06	0.16	142	
