143
diam	c	r	EConv0	EConv1	EConv2	OConv0	OConv1
6	3	3	4.03	3.16	2.71	-1.72	-1.13	44	
6	3	8	4.13	5.25	3.41	0.82	-1.90	45	
6	3	13	4.73	4.14	5.59	2.47	-0.92	46	
6	3	18	-0.62	1.32	1.83	0.63	-4.60	47	
6	3	23	1.07	2.58	2.26	-1.28	-1.07	48	
6	3	28	4.90	1.98	4.47	0.36	-2.22	49	
6	3	33	3.31	2.18	4.31	-0.08	1.30	50	
6	3	38	3.52	2.04	0.75	0.50	0.71	51	
6	3	43	1.31	1.80	0.55	2.44	-3.26	52	
6	7	3	1.89	8.38	8.97	-1.36	-25.19	53	
6	7	8	0.52	9.18	10.61	0.85	-20.11	54	
6	7	13	-0.84	15.05	12.79	4.66	-20.80	55	
6	7	18	2.51	17.92	19.04	-5.72	-16.91	56	
6	7	23	2.16	10.28	7.84	-2.09	-19.40	57	
6	7	28	5.40	8.93	5.78	2.09	-17.57	58	
6	7	33	2.91	7.26	6.04	3.17	-17.85	59	
6	7	38	1.63	9.74	9.37	0.89	-22.31	60	
6	7	43	3.76	10.31	11.31	0.18	-13.71	61	
6	11	3	4.20	-1.23	-2.38	-3.45	-12.14	62	
6	11	8	7.07	0.50	-0.48	-1.76	-13.28	63	
6	11	13	-1.59	-4.36	-12.62	-14.44	-38.15	64	
6	11	18	-2.53	-15.40	-13.98	9.60	-43.50	65	
6	11	23	2.53	-13.67	4.00	8.38	-17.17	66	
6	11	28	-1.62	-4.74	-5.96	1.15	-9.99	67	
6	11	33	1.25	-6.10	-5.68	0.37	-7.94	68	
6	11	38	1.62	-3.03	-1.26	0.32	-8.87	69	
6	11	43	-4.40	-20.20	-12.31	8.33	-10.66	70	
6	15	3	3.12	7.43	5.81	-3.45	32.66	71	
6	15	8	16.70	22.77	-4.62	-31.26	18.50	72	
6	15	13	-5.08	-23.50	-0.75	0.98	25.34	73	
6	15	18	3.17	-4.10	-16.88	-1.86	40.59	74	
6	15	23	-5.52	-6.95	-2.94	42.71	10.78	75	
6	15	28	2.18	4.34	8.28	3.24	35.07	76	
6	15	33	13.56	33.75	12.32	-29.04	0.34	77	
6	15	38	5.56	-7.10	5.46	27.61	19.74	78	
6	15	43	4.18	17.03	9.63	3.16	24.88	79	
6	19	3	2.46	2.88	7.31	-0.81	1.36	80	
6	19	8	0.16	-5.76	-0.78	-60.29	-17.88	81	
6	19	13	14.87	14.47	10.64	34.37	31.45	82	
6	19	18	5.73	11.72	22.80	-9.42	20.54	83	
6	19	23	1.15	28.03	3.00	6.72	29.39	84	
6	19	28	6.30	21.39	0.93	-25.32	-42.86	85	
6	19	33	-21.43	-45.20	0.45	3.74	-9.95	86	
6	19	38	11.74	13.07	-1.93	16.70	10.46	87	
6	19	43	2.71	3.42	3.63	1.55	1.76	88	
6	23	3	2.03	3.27	1.37	-1.08	-0.34	89	
6	23	8	-50.92	-20.93	1.14	-18.07	-5.11	90	
6	23	13	8.79	6.97	-1.56	4.09	5.35	91	
6	23	18	8.66	16.87	5.78	-3.10	-8.13	92	
6	23	23	5.16	3.04	4.44	-27.47	-46.03	93	
6	23	28	-2.93	-26.14	-8.85	-5.33	2.21	94	
6	23	33	-4.91	7.71	5.74	50.35	12.33	95	
6	23	38	3.34	3.81	4.49	1.80	-0.74	96	
6	23	43	2.15	2.13	1.72	1.76	1.89	97	
6	27	3	0.94	2.81	4.78	-1.75	-2.81	98	
6	27	8	-46.98	-6.00	-16.73	-13.45	-3.15	99	
6	27	13	15.18	19.84	12.91	0.23	-47.82	100	
6	27	18	1.41	-9.68	0.69	-17.70	-55.31	101	
6	27	23	-9.06	-25.88	0.33	27.62	33.55	102	
6	27	28	15.88	24.15	-0.10	-40.01	23.72	103	
6	27	33	-7.01	8.69	-7.25	36.45	-18.33	104	
6	27	38	2.38	2.11	7.99	4.85	-6.59	105	
6	27	43	1.23	4.12	2.23	-0.15	-2.13	106	
6	31	3	2.49	0.51	3.68	3.36	-9.32	107	
6	31	8	-18.02	0.91	-10.41	-38.76	-0.73	108	
6	31	13	1.01	-16.82	-5.00	1.59	-5.94	109	
6	31	18	6.12	2.49	11.15	27.04	47.34	110	
6	31	23	7.11	17.69	0.09	10.87	12.13	111	
6	31	28	17.59	-4.57	16.05	-32.91	7.08	112	
6	31	33	-7.50	1.29	-17.41	-5.97	-3.99	113	
6	31	38	16.57	-3.70	12.34	34.02	-7.85	114	
6	31	43	0.19	1.40	2.15	-1.18	-1.25	115	
6	35	3	2.50	2.46	0.35	3.02	11.87	116	
6	35	8	-4.74	-14.32	8.91	-30.22	42.13	117	
6	35	13	-2.71	5.22	-6.59	18.02	56.76	118	
6	35	18	6.25	13.58	2.96	6.87	10.41	119	
6	35	23	3.50	3.74	2.62	-2.21	2.96	120	
6	35	28	6.55	2.73	8.47	-2.21	6.22	121	
6	35	33	4.24	11.79	-1.89	-46.29	33.51	122	
6	35	38	22.70	3.56	9.92	56.70	-3.52	123	
6	35	43	1.52	1.77	2.14	-0.42	1.70	124	
6	39	3	3.00	3.36	1.66	-1.19	1.92	125	
6	39	8	2.51	2.97	5.49	-1.49	2.39	126	
6	39	13	4.82	7.68	5.87	2.91	-0.58	127	
6	39	18	0.09	2.77	4.26	-1.65	-0.58	128	
6	39	23	1.32	2.92	1.51	-2.69	1.33	129	
6	39	28	1.67	1.83	3.08	-2.30	2.43	130	
6	39	33	27.77	5.11	13.47	-44.33	3.84	131	
6	39	38	21.25	8.64	1.06	57.29	9.31	132	
6	39	43	4.30	3.15	4.19	1.09	3.26	133	
6	43	3	3.04	3.35	3.81	-1.68	0.63	134	
6	43	8	2.31	4.72	3.58	1.26	0.37	135	
6	43	13	1.09	-0.21	2.19	-2.04	0.02	136	
6	43	18	0.50	2.64	2.36	2.40	3.07	137	
6	43	23	3.11	1.32	4.41	-1.35	6.48	138	
6	43	28	1.51	7.20	6.94	1.20	1.71	139	
6	43	33	19.30	3.77	10.06	-31.34	-0.26	140	
6	43	38	21.88	12.57	-5.13	30.19	15.08	141	
6	43	43	5.44	4.63	2.55	-0.25	-1.21	142	
