143
diam	c	r	EConv0	EConv1	EConv2	OConv0	OConv1
6	3	3	5.91	5.78	3.04	-2.07	-0.91	44	
6	3	8	2.95	2.47	4.25	3.44	2.43	45	
6	3	13	2.94	7.42	2.81	-2.64	-4.76	46	
6	3	18	6.89	15.70	1.53	-17.75	-27.45	47	
6	3	23	-3.74	-9.78	5.41	-19.67	-33.86	48	
6	3	28	-1.84	-11.49	7.59	27.86	19.65	49	
6	3	33	10.04	20.04	-2.99	2.02	5.52	50	
6	3	38	1.51	-2.29	8.57	12.93	-8.03	51	
6	3	43	6.14	5.68	3.92	-1.11	2.27	52	
6	7	3	3.69	4.41	3.39	-6.23	-1.51	53	
6	7	8	8.94	6.76	3.83	3.21	1.26	54	
6	7	13	2.26	14.26	-0.92	-21.47	-27.35	55	
6	7	18	-0.08	-9.64	2.65	-26.56	-32.19	56	
6	7	23	-6.20	-16.35	1.70	23.59	18.81	57	
6	7	28	8.68	14.38	-0.73	28.08	23.68	58	
6	7	33	1.72	7.09	0.89	-31.93	-17.55	59	
6	7	38	5.98	-0.21	5.58	33.17	-0.87	60	
6	7	43	2.46	5.05	4.17	-4.77	-5.63	61	
6	11	3	2.78	1.52	5.03	-2.84	-1.84	62	
6	11	8	17.44	10.73	3.43	-8.49	-0.19	63	
6	11	13	-9.12	-8.24	-3.07	-40.82	-22.30	64	
6	11	18	-3.46	-17.22	5.30	20.09	21.54	65	
6	11	23	4.80	12.07	0.50	25.26	37.39	66	
6	11	28	12.05	15.40	0.43	-3.92	0.30	67	
6	11	33	-10.55	-6.62	2.66	-25.68	-12.70	68	
6	11	38	13.38	14.07	3.98	28.30	-6.89	69	
6	11	43	-3.39	-2.17	5.18	1.03	-14.60	70	
6	15	3	2.32	3.18	2.40	1.49	0.46	71	
6	15	8	17.75	6.24	9.60	-15.33	-5.61	72	
6	15	13	-15.24	-18.54	-8.08	-13.96	36.01	73	
6	15	18	5.60	7.75	-1.47	34.25	39.75	74	
6	15	23	6.09	15.10	8.14	5.58	-0.02	75	
6	15	28	6.91	7.16	7.94	-25.53	-13.19	76	
6	15	33	-8.60	-5.84	-3.85	-11.66	6.84	77	
6	15	38	7.23	14.59	2.53	4.79	-30.84	78	
6	15	43	0.82	-5.31	6.60	20.44	-6.22	79	
6	19	3	2.93	3.72	3.71	-0.88	0.52	80	
6	19	8	5.60	3.03	7.83	-2.55	1.69	81	
6	19	13	3.60	17.25	9.29	-7.42	13.63	82	
6	19	18	3.63	11.80	10.26	13.36	-21.20	83	
6	19	23	6.46	4.78	2.39	-6.89	-2.59	84	
6	19	28	-1.10	-6.92	5.38	-6.20	-3.81	85	
6	19	33	11.36	7.09	1.18	-15.33	19.08	86	
6	19	38	-17.42	-11.25	-3.44	0.84	-6.68	87	
6	19	43	8.23	5.80	1.44	28.89	10.88	88	
6	23	3	2.58	2.07	3.92	0.38	-0.07	89	
6	23	8	5.58	9.02	-1.27	-8.29	-5.54	90	
6	23	13	7.77	3.66	6.41	-23.28	-25.51	91	
6	23	18	-7.30	-3.31	-5.34	18.21	-17.30	92	
6	23	23	11.20	3.82	5.15	-9.71	-20.57	93	
6	23	28	-0.98	-7.37	6.71	26.57	5.52	94	
6	23	33	16.37	14.73	7.30	-32.50	4.43	95	
6	23	38	-17.65	-8.70	-2.89	17.77	29.50	96	
6	23	43	4.08	7.56	1.06	14.80	7.75	97	
6	27	3	3.15	1.82	4.12	6.99	2.97	98	
6	27	8	7.47	12.32	2.32	-31.87	-13.13	99	
6	27	13	-3.58	-15.77	9.91	7.48	-2.67	100	
6	27	18	-1.16	8.18	-8.55	-3.52	11.50	101	
6	27	23	2.64	-4.34	6.70	10.10	-0.17	102	
6	27	28	1.57	11.87	-0.91	20.57	8.61	103	
6	27	33	-1.10	-2.51	3.55	-35.38	-9.49	104	
6	27	38	9.08	8.87	7.33	21.77	21.40	105	
6	27	43	3.00	5.27	1.42	5.41	3.65	106	
6	31	3	8.95	8.32	5.14	3.82	-0.59	107	
6	31	8	-0.82	3.25	-2.20	-47.40	-18.72	108	
6	31	13	-3.26	4.81	-3.10	33.41	-15.16	109	
6	31	18	-0.12	-1.77	11.11	-12.92	-10.19	110	
6	31	23	6.80	2.24	5.86	24.75	19.22	111	
6	31	28	3.89	9.85	-0.20	-1.65	4.32	112	
6	31	33	-6.27	-7.84	6.47	-14.07	6.26	113	
6	31	38	11.00	8.79	2.90	16.32	5.51	114	
6	31	43	1.83	4.49	2.92	-2.23	2.23	115	
6	35	3	6.44	3.93	3.99	0.45	-2.92	116	
6	35	8	0.36	-3.83	0.04	-50.56	16.29	117	
6	35	13	3.14	5.28	-8.18	5.59	-5.66	118	
6	35	18	-1.60	-9.20	2.55	21.55	3.08	119	
6	35	23	12.20	9.90	2.63	19.06	6.64	120	
6	35	28	4.06	3.70	3.91	-11.70	-8.60	121	
6	35	33	-0.60	-2.68	3.91	13.37	9.42	122	
6	35	38	4.49	5.57	0.20	-0.76	3.74	123	
6	35	43	3.53	2.61	3.80	0.03	0.55	124	
6	39	3	0.45	2.01	2.46	0.99	0.77	125	
6	39	8	9.22	0.08	12.72	-31.96	18.53	126	
6	39	13	-2.60	-4.87	-1.95	-5.14	32.81	127	
6	39	18	3.00	7.01	-1.65	26.18	26.08	128	
6	39	23	11.81	10.11	3.68	1.50	0.64	129	
6	39	28	-3.21	-3.89	-0.53	-7.54	-1.76	130	
6	39	33	6.78	7.01	1.91	15.65	1.22	131	
6	39	38	0.97	2.70	3.77	-6.27	-11.04	132	
6	39	43	5.99	4.14	5.73	3.20	-2.22	133	
6	43	3	3.32	4.35	4.01	1.14	1.03	134	
6	43	8	7.24	2.04	10.63	-8.77	5.81	135	
6	43	13	1.53	8.47	7.64	-0.96	20.80	136	
6	43	18	4.91	11.11	2.21	1.54	6.63	137	
6	43	23	7.22	1.72	5.88	0.34	-2.20	138	
6	43	28	0.68	7.64	6.06	1.78	6.81	139	
6	43	33	9.47	18.43	4.99	-5.43	-12.35	140	
6	43	38	-4.49	2.45	10.78	3.86	-23.40	141	
6	43	43	6.93	3.64	6.57	4.46	-2.24	142	
