143
diam	c	r	EConv0	EConv1	EConv2	OConv0	OConv1
6	3	3	7.30	4.86	2.58	1.64	-0.41	44	
6	3	8	0.75	0.66	2.66	5.66	-0.91	45	
6	3	13	3.07	3.49	0.66	-2.55	1.14	46	
6	3	18	2.66	2.71	3.60	3.30	-1.00	47	
6	3	23	1.94	2.96	3.47	-1.19	0.79	48	
6	3	28	3.33	3.51	3.32	0.78	0.83	49	
6	3	33	-1.19	3.65	3.10	0.79	-0.14	50	
6	3	38	4.03	3.84	3.73	-2.62	-1.36	51	
6	3	43	4.35	3.52	4.84	2.99	-0.27	52	
6	7	3	5.47	4.30	2.86	-3.09	2.13	53	
6	7	8	-1.17	3.47	1.19	5.19	-2.97	54	
6	7	13	5.46	3.67	4.38	-5.19	-3.21	55	
6	7	18	2.43	2.32	3.04	5.71	-2.96	56	
6	7	23	2.09	2.12	2.86	0.23	-1.23	57	
6	7	28	4.80	3.81	3.98	0.01	-1.81	58	
6	7	33	0.35	1.35	2.62	2.66	-0.02	59	
6	7	38	7.25	7.62	4.87	-4.66	-0.15	60	
6	7	43	1.78	1.25	4.73	9.09	-4.71	61	
6	11	3	6.89	3.87	4.64	-1.79	0.89	62	
6	11	8	-2.08	0.74	-0.06	1.97	2.21	63	
6	11	13	5.99	3.67	5.46	-3.10	-2.56	64	
6	11	18	4.51	3.06	3.57	2.14	2.40	65	
6	11	23	0.23	1.18	0.81	2.17	-2.28	66	
6	11	28	5.90	5.58	4.48	1.38	0.76	67	
6	11	33	4.19	6.67	2.13	-1.01	2.15	68	
6	11	38	-12.89	-17.23	9.13	13.64	-27.92	69	
6	11	43	0.50	3.92	-1.87	9.48	2.34	70	
6	15	3	5.07	2.72	3.23	-1.61	0.26	71	
6	15	8	0.90	0.93	1.05	-0.13	3.88	72	
6	15	13	5.13	23.68	1.08	-18.78	-24.45	73	
6	15	18	8.46	-3.28	24.19	18.37	-23.62	74	
6	15	23	2.59	0.84	2.76	3.94	-0.28	75	
6	15	28	7.39	2.87	1.72	-0.63	2.09	76	
6	15	33	12.06	17.23	-2.13	-34.62	-37.10	77	
6	15	38	18.02	12.59	12.27	45.38	16.69	78	
6	15	43	4.45	3.14	3.10	7.64	2.17	79	
6	19	3	2.03	2.57	3.96	-0.55	-0.92	80	
6	19	8	12.09	18.52	1.08	-11.11	-10.36	81	
6	19	13	-11.42	-20.16	0.76	-35.03	-42.17	82	
6	19	18	-15.19	-12.59	-13.19	67.91	-26.74	83	
6	19	23	2.20	5.90	2.14	3.05	2.23	84	
6	19	28	11.08	21.19	-1.28	-29.25	-25.71	85	
6	19	33	4.22	-34.76	-3.36	-15.48	13.38	86	
6	19	38	-2.35	-1.96	-16.86	32.34	-42.57	87	
6	19	43	8.67	6.10	1.62	2.79	-0.51	88	
6	23	3	5.47	4.14	0.72	-5.44	-0.18	89	
6	23	8	12.30	15.87	-4.70	-55.60	-27.55	90	
6	23	13	-5.21	-15.51	-0.04	24.50	53.00	91	
6	23	18	-38.06	-3.97	-10.51	39.74	23.28	92	
6	23	23	12.63	27.13	0.88	-15.59	-16.74	93	
6	23	28	-17.03	-40.05	9.03	0.40	-8.57	94	
6	23	33	11.68	15.75	11.25	8.43	20.62	95	
6	23	38	-20.52	18.58	-17.43	-39.81	37.83	96	
6	23	43	12.48	3.45	6.50	4.89	1.21	97	
6	27	3	2.71	2.12	0.52	-7.07	0.17	98	
6	27	8	-32.12	-40.59	18.83	-23.39	12.87	99	
6	27	13	13.49	23.61	0.26	-17.66	-12.11	100	
6	27	18	8.09	36.87	-5.78	14.85	-13.92	101	
6	27	23	-8.43	-39.96	8.30	-19.67	-39.97	102	
6	27	28	16.84	15.48	-2.74	40.06	31.85	103	
6	27	33	-0.17	11.41	-0.20	2.80	-1.53	104	
6	27	38	-20.37	-26.51	22.27	-20.07	-14.27	105	
6	27	43	6.57	3.91	3.67	0.03	-2.89	106	
6	31	3	6.34	3.69	6.70	-7.77	-0.29	107	
6	31	8	-17.51	14.69	-12.80	22.47	-22.16	108	
6	31	13	-13.34	-1.44	6.38	-5.98	-41.60	109	
6	31	18	-6.15	-48.90	1.09	-12.32	-8.53	110	
6	31	23	5.39	16.05	-2.60	39.08	59.44	111	
6	31	28	11.87	29.33	-6.27	-15.87	-24.57	112	
6	31	33	-1.68	-23.98	7.63	-8.26	-46.66	113	
6	31	38	2.14	8.04	-8.19	31.07	27.96	114	
6	31	43	0.52	-0.12	1.41	2.38	0.78	115	
6	35	3	8.17	4.85	3.27	-3.99	2.53	116	
6	35	8	-19.92	-26.13	-25.18	-32.87	17.05	117	
6	35	13	-6.50	-24.28	-19.59	16.72	51.95	118	
6	35	18	6.53	23.62	-0.17	39.48	44.97	119	
6	35	23	5.22	4.97	3.93	0.03	1.46	120	
6	35	28	5.59	-19.09	9.17	-36.16	26.18	121	
6	35	33	5.56	24.96	1.01	23.26	55.28	122	
6	35	38	4.22	9.35	4.04	-7.67	-0.00	123	
6	35	43	4.25	24.16	0.87	-14.94	-28.91	124	
6	39	3	3.15	2.58	4.43	-4.96	-3.00	125	
6	39	8	-2.91	14.60	16.10	0.97	28.77	126	
6	39	13	2.92	17.34	20.10	-1.58	14.43	127	
6	39	18	5.91	8.50	2.44	1.12	3.27	128	
6	39	23	0.53	2.58	4.41	0.09	-2.25	129	
6	39	28	2.99	3.59	3.27	-0.87	4.84	130	
6	39	33	3.79	10.92	4.97	-2.05	-10.08	131	
6	39	38	0.22	17.10	7.23	-25.07	-47.39	132	
6	39	43	-9.30	-47.68	-4.06	-7.54	7.36	133	
6	43	3	1.05	2.95	2.18	-3.03	-0.15	134	
6	43	8	4.58	2.50	4.10	1.35	-1.85	135	
6	43	13	0.34	19.20	5.70	-6.92	-16.28	136	
6	43	18	2.97	1.74	17.61	6.74	-17.41	137	
6	43	23	-1.84	-2.21	1.25	3.40	1.12	138	
6	43	28	8.64	18.06	7.41	-4.11	-7.85	139	
6	43	33	4.74	2.30	-4.83	-46.65	-41.45	140	
6	43	38	-10.60	-42.51	-3.52	26.59	22.32	141	
6	43	43	7.07	22.62	7.74	19.16	26.76	142	
