143
diam	c	r	EConv0	EConv1	EConv2	OConv0	OConv1
6	3	3	-16.58	7.50	-28.05	-72.81	26.19	44	
6	3	8	-4.68	-56.62	-7.31	2.50	-39.24	45	
6	3	13	4.80	7.69	1.78	46.98	80.32	46	
6	3	18	8.20	15.82	3.20	6.31	4.34	47	
6	3	23	3.95	1.86	3.31	4.94	-1.33	48	
6	3	28	3.20	4.95	3.20	-0.68	0.27	49	
6	3	33	3.21	2.03	5.58	-1.16	-1.54	50	
6	3	38	12.91	27.07	-3.47	-21.19	-26.04	51	
6	3	43	3.01	-17.79	27.20	34.94	-38.27	52	
6	7	3	11.58	5.67	63.38	-15.50	1.39	53	
6	7	8	-15.65	33.02	10.40	32.33	61.45	54	
6	7	13	6.21	19.37	12.67	-0.73	-10.40	55	
6	7	18	2.20	18.32	19.06	-4.96	-20.54	56	
6	7	23	7.07	7.53	8.63	-0.23	-8.88	57	
6	7	28	4.26	10.51	15.63	2.66	-18.02	58	
6	7	33	7.08	15.68	9.15	-1.83	-13.00	59	
6	7	38	-2.40	-2.98	3.93	-64.22	-43.55	60	
6	7	43	21.28	15.96	1.34	77.53	9.90	61	
6	11	3	-5.99	-9.11	-24.81	5.17	27.04	62	
6	11	8	4.87	-10.36	-15.52	4.35	9.36	63	
6	11	13	4.89	-14.46	-9.62	2.85	11.27	64	
6	11	18	7.79	-1.44	-0.73	5.82	26.74	65	
6	11	23	14.23	-4.03	-5.93	6.16	4.82	66	
6	11	28	2.64	-11.43	-23.20	-11.22	17.04	67	
6	11	33	18.05	6.88	-24.52	-34.52	-15.09	68	
6	11	38	-16.09	-40.12	13.80	28.59	16.98	69	
6	11	43	9.25	5.44	-19.75	16.64	17.23	70	
6	15	3	0.93	4.90	3.77	-6.31	6.62	71	
6	15	8	3.51	4.23	5.99	-0.09	-1.24	72	
6	15	13	3.73	7.18	4.03	5.78	-0.60	73	
6	15	18	2.47	2.88	7.89	0.38	1.40	74	
6	15	23	4.95	7.86	5.55	-6.98	2.78	75	
6	15	28	11.22	26.60	9.53	-9.90	-14.75	76	
6	15	33	-19.28	-21.95	22.45	-43.77	-42.98	77	
6	15	38	9.55	21.76	-7.38	49.20	47.56	78	
6	15	43	1.24	6.39	12.12	3.97	3.49	79	
6	19	3	6.03	5.55	4.62	-5.40	1.36	80	
6	19	8	3.18	5.53	1.63	-2.92	0.07	81	
6	19	13	2.12	27.37	11.80	-1.23	-28.92	82	
6	19	18	-1.73	4.61	20.74	2.79	-22.92	83	
6	19	23	9.87	16.98	2.28	-9.39	-10.19	84	
6	19	28	3.79	-5.97	8.97	-62.38	-57.04	85	
6	19	33	-18.84	-1.67	-15.76	10.89	1.43	86	
6	19	38	15.11	25.81	36.91	21.27	-53.67	87	
6	19	43	2.82	4.61	9.08	3.66	-2.61	88	
6	23	3	1.93	2.84	5.85	-5.73	2.20	89	
6	23	8	11.51	24.85	-6.32	-46.90	-30.71	90	
6	23	13	-4.81	-33.84	-21.69	-10.77	-26.60	91	
6	23	18	6.03	-2.51	-4.13	60.57	-20.63	92	
6	23	23	-3.71	-8.80	3.93	-39.74	-57.58	93	
6	23	28	-3.10	-9.27	15.71	44.00	54.99	94	
6	23	33	-31.66	7.95	-24.96	-73.83	27.40	95	
6	23	38	-6.74	-8.61	-21.89	5.97	-12.39	96	
6	23	43	18.67	-16.41	25.28	65.12	-29.33	97	
6	27	3	8.04	9.00	3.05	-7.09	-3.37	98	
6	27	8	-24.27	-44.14	11.85	-4.78	16.18	99	
6	27	13	25.62	26.42	20.95	-25.83	58.01	100	
6	27	18	6.33	5.31	-17.51	1.20	-14.95	101	
6	27	23	-15.12	-23.70	-1.26	39.89	40.08	102	
6	27	28	8.23	21.12	5.60	14.31	17.42	103	
6	27	33	7.99	-17.51	35.36	-53.98	45.45	104	
6	27	38	3.38	1.51	-35.08	-19.34	54.72	105	
6	27	43	29.80	19.18	-4.13	84.08	20.15	106	
6	31	3	11.17	2.63	7.78	-16.14	2.99	107	
6	31	8	18.30	33.02	1.22	21.49	19.41	108	
6	31	13	5.65	6.81	7.04	-43.27	-58.19	109	
6	31	18	-8.75	-29.98	-1.10	25.90	36.66	110	
6	31	23	5.65	24.02	1.34	22.20	21.66	111	
6	31	28	4.97	5.27	4.19	2.63	1.93	112	
6	31	33	2.28	4.91	7.96	0.14	5.03	113	
6	31	38	14.41	1.18	31.14	-32.76	32.58	114	
6	31	43	14.46	21.08	-4.80	21.17	17.14	115	
6	35	3	7.80	19.14	0.88	-12.19	-4.55	116	
6	35	8	6.20	5.23	10.14	-40.19	-71.51	117	
6	35	13	-8.18	-38.05	0.23	30.16	51.78	118	
6	35	18	12.96	28.18	3.64	14.88	29.99	119	
6	35	23	1.60	4.32	1.80	2.68	6.33	120	
6	35	28	0.36	3.34	4.14	2.16	-2.96	121	
6	35	33	1.55	5.07	4.40	-0.50	-1.37	122	
6	35	38	1.84	4.32	4.34	2.93	1.72	123	
6	35	43	1.69	4.38	4.43	-2.39	-1.30	124	
6	39	3	20.24	0.78	-4.66	-56.01	-8.15	125	
6	39	8	-8.59	-21.11	1.65	32.61	63.90	126	
6	39	13	12.65	26.09	1.36	10.28	20.73	127	
6	39	18	4.61	2.14	3.57	-1.26	0.78	128	
6	39	23	3.17	1.08	3.85	0.02	3.29	129	
6	39	28	4.19	4.12	3.37	5.08	-3.03	130	
6	39	33	5.07	4.42	2.37	0.89	3.71	131	
6	39	38	2.75	3.56	4.23	-1.64	-2.06	132	
6	39	43	4.89	5.48	2.92	-0.01	0.13	133	
6	43	3	2.97	-6.17	18.48	-14.36	16.23	134	
6	43	8	5.91	14.65	0.39	8.08	9.59	135	
6	43	13	6.74	5.42	6.11	-1.66	-3.60	136	
6	43	18	3.25	3.04	3.85	-1.39	1.26	137	
6	43	23	2.89	1.48	1.25	-1.19	0.62	138	
6	43	28	5.23	29.09	-5.44	-17.82	-12.49	139	
6	43	33	0.18	5.20	-4.95	-30.13	-86.83	140	
6	43	38	-9.35	-17.05	-11.08	17.76	-90.68	141	
6	43	43	18.39	-7.26	18.76	19.19	-13.43	142	
