143
diam	c	r	EConv0	EConv1	EConv2	OConv0	OConv1
6	3	3	4.29	4.29	4.29	-0.00	-0.00	44	
6	3	8	4.21	4.36	3.86	-0.29	-0.27	45	
6	3	13	6.01	4.25	4.01	-2.54	-0.20	46	
6	3	18	5.78	4.11	5.35	1.24	-3.69	47	
6	3	23	3.28	0.94	2.70	-3.96	4.17	48	
6	3	28	0.58	1.77	-0.02	3.86	3.95	49	
6	3	33	3.94	3.84	2.78	-2.09	3.14	50	
6	3	38	3.13	0.64	2.25	0.45	2.54	51	
6	3	43	3.23	1.75	0.85	7.19	0.51	52	
6	7	3	4.17	3.67	4.05	0.10	0.40	53	
6	7	8	3.51	4.62	4.09	-0.10	-0.23	54	
6	7	13	5.82	4.04	3.65	-2.43	1.11	55	
6	7	18	1.15	4.75	3.88	1.94	3.63	56	
6	7	23	4.62	6.16	5.25	-2.21	-1.10	57	
6	7	28	3.30	4.48	6.17	1.25	-1.29	58	
6	7	33	-2.83	6.36	9.11	-3.43	-17.16	59	
6	7	38	6.95	6.73	5.54	2.11	4.15	60	
6	7	43	4.97	6.80	3.09	1.49	3.37	61	
6	11	3	4.38	5.80	3.81	0.01	-1.02	62	
6	11	8	2.96	6.69	4.57	0.48	-2.79	63	
6	11	13	-2.81	20.22	7.76	-8.51	-40.11	64	
6	11	18	-5.20	11.17	7.87	-10.86	-48.17	65	
6	11	23	8.33	-0.21	9.27	5.08	-0.50	66	
6	11	28	11.66	12.98	6.00	-1.83	0.28	67	
6	11	33	-23.89	-17.27	-3.26	17.94	-2.40	68	
6	11	38	4.78	5.06	1.14	-4.71	-2.57	69	
6	11	43	2.96	0.88	4.69	1.81	-4.41	70	
6	15	3	4.13	3.86	4.36	-2.31	-0.23	71	
6	15	8	19.67	19.45	3.91	-19.97	-10.40	72	
6	15	13	-11.75	-20.16	-5.40	-16.59	-24.67	73	
6	15	18	-15.70	-23.80	2.97	23.34	1.34	74	
6	15	23	11.79	9.65	4.95	1.74	0.38	75	
6	15	28	17.43	11.81	5.24	-21.61	-13.29	76	
6	15	33	-4.47	11.80	-6.63	20.13	-21.94	77	
6	15	38	7.35	-7.13	20.50	12.70	-20.68	78	
6	15	43	5.15	3.70	3.42	5.07	-1.20	79	
6	19	3	3.86	3.95	4.17	-1.44	-0.12	80	
6	19	8	13.59	9.49	-6.89	-62.53	-18.30	81	
6	19	13	1.76	-3.57	6.84	8.09	6.74	82	
6	19	18	6.48	10.78	-1.99	50.23	36.77	83	
6	19	23	6.33	13.02	1.16	-8.64	-6.22	84	
6	19	28	-7.20	-20.35	4.24	-2.07	2.20	85	
6	19	33	1.73	-6.45	-11.97	-20.04	32.08	86	
6	19	38	13.68	9.07	-5.90	43.57	12.22	87	
6	19	43	4.21	4.53	3.21	1.01	1.76	88	
6	23	3	2.66	4.26	3.69	-0.06	-0.49	89	
6	23	8	1.69	-18.73	8.60	-62.09	17.76	90	
6	23	13	-1.95	-3.81	-4.94	42.31	51.35	91	
6	23	18	9.63	18.68	2.28	4.69	7.33	92	
6	23	23	-9.42	-12.52	5.95	-13.37	-19.79	93	
6	23	28	7.93	12.99	3.10	14.48	12.71	94	
6	23	33	3.98	8.31	15.63	-1.29	4.22	95	
6	23	38	3.69	12.49	6.13	4.13	9.35	96	
6	23	43	1.50	2.76	1.31	-1.13	0.94	97	
6	27	3	6.86	4.24	2.16	-8.67	-0.40	98	
6	27	8	4.90	7.34	17.08	8.20	8.21	99	
6	27	13	6.76	16.35	6.22	1.04	2.75	100	
6	27	18	7.61	1.36	10.39	-17.12	-20.33	101	
6	27	23	1.48	3.05	1.67	20.48	21.44	102	
6	27	28	6.68	8.07	2.63	2.85	0.77	103	
6	27	33	2.45	3.46	6.60	-1.84	2.30	104	
6	27	38	4.99	4.62	4.67	0.04	1.85	105	
6	27	43	2.31	5.10	4.44	-1.36	-1.09	106	
6	31	3	10.33	6.96	3.33	-11.97	-3.08	107	
6	31	8	7.43	17.15	13.54	5.99	-10.46	108	
6	31	13	10.31	8.72	6.87	-20.84	-24.11	109	
6	31	18	-2.33	-7.76	0.81	23.25	14.91	110	
6	31	23	5.35	11.16	3.26	-0.40	5.80	111	
6	31	28	2.33	4.89	3.87	-0.09	-1.97	112	
6	31	33	17.54	15.72	1.94	-9.34	-6.05	113	
6	31	38	-3.74	-16.50	20.98	41.55	-42.25	114	
6	31	43	-0.48	1.28	2.78	-0.38	-0.43	115	
6	35	3	11.49	4.64	10.44	-5.60	2.93	116	
6	35	8	-4.15	-13.60	-12.70	-10.77	6.59	117	
6	35	13	0.16	-7.31	-2.47	8.64	20.99	118	
6	35	18	6.73	12.19	2.86	7.51	5.73	119	
6	35	23	5.57	2.80	4.70	-0.02	-0.71	120	
6	35	28	2.68	3.49	4.24	-1.01	3.02	121	
6	35	33	22.84	2.88	10.03	-20.93	2.72	122	
6	35	38	-6.65	6.42	-23.64	62.16	28.84	123	
6	35	43	4.18	5.12	4.96	-0.72	1.11	124	
6	39	3	4.11	4.30	5.23	-0.77	1.65	125	
6	39	8	1.43	8.71	9.23	1.23	10.69	126	
6	39	13	4.27	8.52	7.78	0.43	3.62	127	
6	39	18	3.23	5.47	5.14	1.75	-0.97	128	
6	39	23	4.47	4.81	4.81	-1.50	0.01	129	
6	39	28	5.15	4.44	5.88	0.57	1.28	130	
6	39	33	2.54	3.69	4.90	-1.87	1.61	131	
6	39	38	2.97	14.21	5.21	0.53	8.28	132	
6	39	43	5.04	4.02	4.34	-1.38	-1.45	133	
6	43	3	4.31	4.31	4.31	-0.00	-0.00	134	
6	43	8	4.98	4.64	4.64	0.10	-0.00	135	
6	43	13	4.02	2.58	3.58	1.38	-0.15	136	
6	43	18	3.21	3.80	3.51	0.69	2.46	137	
6	43	23	3.88	4.62	3.53	-1.04	0.52	138	
6	43	28	3.98	5.18	3.48	-0.66	-1.72	139	
6	43	33	3.19	3.74	4.48	-0.94	-0.57	140	
6	43	38	5.20	4.13	4.79	-3.42	-0.09	141	
6	43	43	4.05	2.95	5.05	4.17	-0.03	142	
