143
diam	c	r	EConv0	EConv1	EConv2	OConv0	OConv1
6	3	3	3.39	4.40	1.33	-0.10	1.25	44	
6	3	8	2.30	9.83	1.67	-0.93	-3.41	45	
6	3	13	-4.68	-3.59	3.11	-38.23	-41.38	46	
6	3	18	-4.52	-6.80	9.10	40.14	30.80	47	
6	3	23	9.06	12.65	0.39	-0.36	3.18	48	
6	3	28	1.12	-1.26	2.66	-1.53	0.58	49	
6	3	33	2.54	3.85	2.11	2.19	1.17	50	
6	3	38	3.94	3.81	3.69	-0.45	1.09	51	
6	3	43	3.77	3.68	3.28	0.18	0.97	52	
6	7	3	3.47	2.78	4.26	1.50	-0.90	53	
6	7	8	6.56	17.07	0.56	-42.11	-35.31	54	
6	7	13	-15.74	-30.80	5.89	11.86	22.88	55	
6	7	18	12.37	24.10	0.12	18.79	22.64	56	
6	7	23	1.04	2.58	3.26	-0.41	0.37	57	
6	7	28	7.28	12.84	1.83	-6.24	-5.46	58	
6	7	33	7.78	0.05	12.82	7.81	-5.66	59	
6	7	38	3.93	3.19	4.33	0.21	0.28	60	
6	7	43	3.74	3.80	3.28	-0.43	1.45	61	
6	11	3	15.43	22.28	-3.09	-20.44	-10.32	62	
6	11	8	-18.41	-37.73	7.34	-12.54	-7.90	63	
6	11	13	13.73	22.94	-0.92	41.73	29.47	64	
6	11	18	3.59	1.98	4.57	-3.78	-3.51	65	
6	11	23	6.06	1.99	6.68	-1.00	-1.77	66	
6	11	28	26.47	16.66	2.53	-36.86	-2.65	67	
6	11	33	26.59	3.25	9.52	38.01	-2.76	68	
6	11	38	3.98	3.37	3.90	2.85	1.22	69	
6	11	43	4.13	3.87	3.71	-0.85	0.02	70	
6	15	3	-1.88	-2.85	7.60	-53.17	-46.05	71	
6	15	8	2.47	2.35	5.51	49.34	41.15	72	
6	15	13	1.06	6.60	3.06	-4.61	-1.68	73	
6	15	18	2.62	2.69	0.50	0.73	3.48	74	
6	15	23	1.42	3.01	4.13	-0.77	1.50	75	
6	15	28	2.41	-6.02	2.67	-41.60	-10.67	76	
6	15	33	26.91	18.96	1.45	23.53	12.04	77	
6	15	38	2.89	3.21	3.36	-0.17	0.06	78	
6	15	43	4.82	4.45	4.62	-0.82	-0.58	79	
6	19	3	-11.70	-32.85	7.87	31.39	31.34	80	
6	19	8	12.89	21.06	-0.79	8.74	5.24	81	
6	19	13	7.04	10.88	4.84	-0.18	4.99	82	
6	19	18	-2.69	-2.01	17.99	12.31	-26.30	83	
6	19	23	4.04	5.32	2.94	2.61	-1.42	84	
6	19	28	-31.29	-2.22	1.45	-13.51	-23.70	85	
6	19	33	3.66	10.56	22.51	2.29	-29.68	86	
6	19	38	2.39	3.50	2.55	3.07	1.09	87	
6	19	43	2.23	2.42	2.86	0.11	-0.24	88	
6	23	3	22.21	25.61	3.13	32.46	26.20	89	
6	23	8	4.30	1.18	3.15	-1.35	0.60	90	
6	23	13	20.71	24.78	-0.11	-34.55	-20.71	91	
6	23	18	-16.28	-16.31	-0.96	57.59	-3.96	92	
6	23	23	20.45	21.70	-0.28	-27.82	-9.42	93	
6	23	28	-13.02	-8.40	-11.83	-5.83	1.04	94	
6	23	33	-41.28	-29.46	-26.74	34.65	-21.60	95	
6	23	38	5.64	4.23	5.37	-2.02	-1.48	96	
6	23	43	4.05	3.35	4.49	1.13	-0.91	97	
6	27	3	3.10	9.07	0.85	2.10	-3.22	98	
6	27	8	2.72	3.53	7.44	2.45	0.35	99	
6	27	13	-9.03	-13.04	-0.31	-51.15	-24.99	100	
6	27	18	3.91	-0.32	3.73	75.99	5.79	101	
6	27	23	-9.19	-12.00	10.66	-26.15	-14.25	102	
6	27	28	26.85	16.01	6.42	-38.36	45.66	103	
6	27	33	-13.99	-5.54	6.36	50.60	21.27	104	
6	27	38	0.65	3.76	2.43	-0.91	0.36	105	
6	27	43	3.30	4.40	3.34	0.35	-0.43	106	
6	31	3	2.86	3.07	3.88	-2.07	2.92	107	
6	31	8	11.32	7.90	3.04	1.80	-0.01	108	
6	31	13	-14.57	-10.00	3.58	-14.29	-3.51	109	
6	31	18	29.38	28.03	-3.30	42.70	-2.15	110	
6	31	23	-17.36	-21.84	0.93	41.35	9.36	111	
6	31	28	3.74	3.65	10.57	-42.25	-48.24	112	
6	31	33	11.06	13.44	-1.36	52.39	17.67	113	
6	31	38	2.66	3.03	3.71	-1.50	-0.84	114	
6	31	43	2.88	3.08	3.57	-0.23	-0.87	115	
6	35	3	3.00	3.31	3.12	-1.67	-1.38	116	
6	35	8	20.37	14.29	2.50	-10.61	-6.77	117	
6	35	13	-7.01	-1.34	8.09	4.65	-1.78	118	
6	35	18	10.67	8.69	1.23	-3.60	-16.17	119	
6	35	23	29.42	30.89	2.27	23.73	10.23	120	
6	35	28	-43.46	-33.31	0.77	11.16	11.62	121	
6	35	33	8.01	13.98	0.24	4.46	9.60	122	
6	35	38	3.84	4.63	1.82	-2.24	-2.45	123	
6	35	43	2.36	3.07	3.62	1.09	-1.96	124	
6	39	3	3.15	3.36	3.93	1.71	-0.23	125	
6	39	8	27.77	4.96	9.95	-31.05	5.06	126	
6	39	13	5.63	9.64	-9.84	0.22	9.09	127	
6	39	18	-10.66	-16.89	5.99	35.11	21.48	128	
6	39	23	5.66	4.26	6.19	-7.11	2.31	129	
6	39	28	-11.72	12.64	-2.99	23.31	33.75	130	
6	39	33	4.62	5.80	4.72	-2.86	-3.94	131	
6	39	38	1.40	1.67	4.74	-2.71	-4.24	132	
6	39	43	2.56	3.10	4.31	2.68	-0.42	133	
6	43	3	3.52	4.28	3.05	-1.77	1.29	134	
6	43	8	8.14	1.24	13.65	0.62	-0.06	135	
6	43	13	-11.68	-8.86	-5.51	-38.58	26.40	136	
6	43	18	20.60	26.87	-0.72	32.54	20.28	137	
6	43	23	1.79	2.37	7.46	1.72	0.94	138	
6	43	28	3.44	4.72	1.93	-0.24	-4.19	139	
6	43	33	3.29	5.47	6.43	-1.16	-0.48	140	
6	43	38	3.31	5.18	6.28	-0.49	-1.27	141	
6	43	43	3.05	2.97	2.59	4.93	-2.38	142	
