143
diam	c	r	EConv0	EConv1	EConv2	OConv0	OConv1
6	3	3	3.17	1.93	2.19	-0.73	3.23	44	
6	3	8	4.18	4.46	2.43	-2.55	1.35	45	
6	3	13	13.26	20.31	6.06	-60.28	-8.83	46	
6	3	18	28.26	31.00	8.84	8.57	-10.34	47	
6	3	23	-14.46	-49.78	2.36	-9.95	-6.48	48	
6	3	28	6.09	23.43	28.60	-0.76	59.33	49	
6	3	33	3.12	36.65	7.76	8.74	31.75	50	
6	3	38	9.56	48.97	-5.16	-34.73	-52.28	51	
6	3	43	-2.56	-31.69	35.72	46.13	-64.66	52	
6	7	3	3.63	3.79	3.46	1.04	-2.48	53	
6	7	8	2.38	2.62	2.91	-2.71	-2.15	54	
6	7	13	12.14	-16.86	10.96	-59.13	27.47	55	
6	7	18	-4.87	-54.28	-32.68	11.50	6.90	56	
6	7	23	16.24	24.04	2.01	19.55	15.66	57	
6	7	28	3.30	3.63	2.64	-0.16	-0.17	58	
6	7	33	-9.10	15.24	-28.84	-50.95	-68.71	59	
6	7	38	-17.37	-37.38	6.70	-23.61	-31.42	60	
6	7	43	3.46	5.16	-2.59	93.74	21.43	61	
6	11	3	1.97	1.80	1.27	0.10	-2.09	62	
6	11	8	3.43	3.37	5.60	-0.57	0.36	63	
6	11	13	4.67	6.97	6.21	-1.69	-2.15	64	
6	11	18	-2.73	59.91	21.19	-21.77	-56.26	65	
6	11	23	5.92	5.33	37.07	18.17	-31.41	66	
6	11	28	5.85	4.54	5.84	-2.03	-2.99	67	
6	11	33	22.28	34.13	15.73	-88.20	21.45	68	
6	11	38	-2.66	-0.49	1.50	1.93	5.34	69	
6	11	43	36.47	33.99	-4.67	47.00	23.18	70	
6	15	3	2.03	3.77	4.13	-0.08	-1.06	71	
6	15	8	3.35	3.67	3.58	0.75	-3.24	72	
6	15	13	18.27	36.94	-4.49	-53.96	-47.99	73	
6	15	18	-4.78	-58.32	-16.78	-10.81	12.60	74	
6	15	23	-21.57	-1.83	-43.24	49.83	-35.97	75	
6	15	28	18.79	6.33	9.80	7.22	-9.94	76	
6	15	33	-14.16	-29.05	16.68	-67.85	-44.54	77	
6	15	38	-28.04	2.01	8.74	40.81	0.12	78	
6	15	43	6.03	26.78	44.10	12.12	-37.28	79	
6	19	3	2.10	2.70	1.26	-0.54	3.09	80	
6	19	8	16.77	27.72	-3.53	-16.69	-13.23	81	
6	19	13	-43.92	-64.50	21.28	1.95	-14.01	82	
6	19	18	18.35	43.16	13.85	17.34	30.89	83	
6	19	23	-48.19	0.18	-24.47	-14.86	-9.01	84	
6	19	28	14.87	-15.21	-2.72	-14.35	-93.05	85	
6	19	33	-9.39	-50.33	7.67	34.05	45.36	86	
6	19	38	1.02	-12.64	-28.73	-19.23	101.65	87	
6	19	43	-37.13	-9.98	-65.82	10.67	4.94	88	
6	23	3	3.82	3.66	4.42	-0.99	-1.50	89	
6	23	8	4.30	2.25	-1.50	-86.15	-44.88	90	
6	23	13	-28.52	17.08	2.72	77.50	-3.28	91	
6	23	18	12.33	42.77	9.98	-39.53	-71.61	92	
6	23	23	-13.65	-17.51	4.43	-5.26	2.25	93	
6	23	28	-4.55	-26.73	1.11	38.26	84.87	94	
6	23	33	10.45	43.03	-6.54	31.21	34.36	95	
6	23	38	14.17	30.83	-1.49	-15.36	-21.30	96	
6	23	43	-43.40	-59.34	25.01	19.37	23.18	97	
6	27	3	4.98	1.93	1.27	-5.28	-1.43	98	
6	27	8	-29.22	-28.02	-4.63	-38.76	-14.73	99	
6	27	13	2.36	-4.01	-11.49	-0.58	-9.27	100	
6	27	18	-6.21	-37.62	-3.75	11.39	10.81	101	
6	27	23	-2.97	1.71	-4.05	47.61	83.13	102	
6	27	28	6.48	17.89	0.15	9.63	8.63	103	
6	27	33	8.55	18.10	1.88	-7.25	-7.53	104	
6	27	38	-20.83	-61.62	-0.06	-42.24	-37.08	105	
6	27	43	26.24	38.30	-1.82	35.81	26.95	106	
6	31	3	2.94	3.77	4.59	-0.16	-0.90	107	
6	31	8	-14.22	-19.74	7.95	-36.96	89.94	108	
6	31	13	-0.07	4.31	0.44	13.34	108.59	109	
6	31	18	2.97	48.16	21.07	18.20	57.41	110	
6	31	23	3.23	7.90	1.39	2.22	4.31	111	
6	31	28	6.47	12.38	5.42	-3.71	-4.47	112	
6	31	33	-17.32	-40.49	-3.23	-48.91	-42.78	113	
6	31	38	16.47	47.50	15.69	27.04	49.66	114	
6	31	43	4.67	4.54	2.51	1.92	2.37	115	
6	35	3	0.96	1.84	1.68	-1.25	1.06	116	
6	35	8	3.37	4.55	1.19	0.56	-1.62	117	
6	35	13	3.76	0.49	1.60	-0.47	-0.01	118	
6	35	18	2.57	3.82	2.28	-0.56	1.56	119	
6	35	23	5.54	10.94	0.60	-5.75	-4.29	120	
6	35	28	-6.49	-21.28	2.79	-39.90	-57.28	121	
6	35	33	12.71	21.92	1.60	50.81	48.56	122	
6	35	38	3.53	2.41	4.90	-0.07	1.09	123	
6	35	43	2.70	1.20	1.45	-0.04	0.89	124	
6	39	3	1.61	2.97	3.29	-0.48	0.52	125	
6	39	8	3.06	3.51	3.02	-0.71	2.63	126	
6	39	13	2.20	3.66	2.17	-1.24	-5.47	127	
6	39	18	3.47	2.74	5.96	1.53	-1.14	128	
6	39	23	29.37	-5.45	11.32	-33.63	9.22	129	
6	39	28	-7.12	2.19	-13.21	51.10	65.23	130	
6	39	33	4.56	6.33	1.85	3.00	3.56	131	
6	39	38	3.61	4.00	3.76	1.57	0.24	132	
6	39	43	3.48	3.29	3.99	0.67	0.84	133	
6	43	3	2.89	3.33	1.92	-4.45	-0.43	134	
6	43	8	3.29	0.22	0.61	1.94	-3.98	135	
6	43	13	1.64	2.46	3.72	1.28	1.47	136	
6	43	18	3.46	4.30	3.88	-0.18	0.66	137	
6	43	23	3.57	3.92	1.15	-0.19	-2.31	138	
6	43	28	2.04	3.81	5.39	1.78	-5.39	139	
6	43	33	2.26	1.42	4.41	0.84	-0.63	140	
6	43	38	2.98	3.80	3.47	-0.20	-0.27	141	
6	43	43	3.20	3.52	2.87	0.44	0.34	142	
