143
diam	c	r	EConv0	EConv1	EConv2	OConv0	OConv1
6	3	3	3.19	3.19	3.19	-0.00	-0.00	44	
6	3	8	2.76	2.97	3.74	-0.49	1.32	45	
6	3	13	3.45	4.21	3.59	-0.61	0.99	46	
6	3	18	0.60	-0.63	5.17	1.51	1.76	47	
6	3	23	2.85	8.08	1.38	-3.03	5.28	48	
6	3	28	0.56	2.45	-3.07	0.57	-3.53	49	
6	3	33	9.10	16.01	-2.23	-7.99	-10.78	50	
6	3	38	-13.78	-14.82	22.41	27.09	-41.01	51	
6	3	43	-37.40	-6.95	-6.93	20.19	0.49	52	
6	7	3	3.23	3.07	3.07	0.00	0.13	53	
6	7	8	2.65	3.19	2.47	-0.88	-1.06	54	
6	7	13	3.32	4.19	4.30	-0.71	-1.12	55	
6	7	18	1.37	38.91	-4.59	-30.10	-56.42	56	
6	7	23	-24.87	-28.55	8.45	17.57	-84.75	57	
6	7	28	8.75	4.05	5.51	0.56	-1.70	58	
6	7	33	33.48	28.54	-0.11	-66.07	-25.60	59	
6	7	38	9.88	-7.12	-0.69	84.40	27.38	60	
6	7	43	-40.08	-7.45	-8.86	15.56	-1.31	61	
6	11	3	3.23	3.84	3.84	-0.00	-0.20	62	
6	11	8	3.57	2.29	4.43	-0.92	2.50	63	
6	11	13	19.57	26.73	-2.70	-26.51	-17.30	64	
6	11	18	-18.67	-37.90	3.80	-35.69	-30.38	65	
6	11	23	-9.40	-7.56	-14.71	73.31	65.53	66	
6	11	28	11.85	17.63	3.70	-9.27	-6.90	67	
6	11	33	-4.11	-32.15	3.92	-70.60	-34.15	68	
6	11	38	22.41	26.49	16.00	88.33	-53.67	69	
6	11	43	-40.55	-0.12	2.83	13.27	-17.28	70	
6	15	3	1.83	3.21	2.81	0.22	-1.75	71	
6	15	8	2.23	5.40	0.02	-4.03	-3.13	72	
6	15	13	-3.57	-8.24	1.41	-78.98	-50.17	73	
6	15	18	-11.76	-26.65	-4.55	59.03	64.86	74	
6	15	23	12.70	26.12	-2.02	11.63	13.35	75	
6	15	28	-5.24	-9.24	5.25	-46.71	-42.13	76	
6	15	33	27.37	6.12	26.04	15.51	72.27	77	
6	15	38	-22.75	-6.67	-67.63	-17.05	25.87	78	
6	15	43	-32.91	-36.29	-8.41	64.11	-17.65	79	
6	19	3	0.39	1.81	1.02	-0.30	-0.17	80	
6	19	8	17.89	27.28	-6.05	-39.16	-23.95	81	
6	19	13	-17.96	-37.79	20.25	33.96	52.62	82	
6	19	18	10.63	34.69	1.44	13.11	19.53	83	
6	19	23	10.26	19.68	2.19	-34.25	-45.17	84	
6	19	28	-6.50	-13.58	5.81	36.01	43.29	85	
6	19	33	5.52	7.78	-1.26	5.91	-4.68	86	
6	19	38	28.39	42.32	27.60	-61.96	7.31	87	
6	19	43	-4.16	-1.78	5.98	102.87	26.61	88	
6	23	3	1.01	1.45	3.05	-1.44	0.07	89	
6	23	8	-26.59	-37.41	12.99	-46.32	-15.18	90	
6	23	13	19.51	32.48	-6.56	27.00	20.74	91	
6	23	18	8.77	25.11	2.76	-39.30	-49.47	92	
6	23	23	-8.06	-37.18	7.77	31.24	30.70	93	
6	23	28	9.49	17.09	-1.36	5.14	6.03	94	
6	23	33	3.10	4.22	3.94	1.85	0.65	95	
6	23	38	-21.80	-28.23	7.99	-59.34	-32.90	96	
6	23	43	12.21	19.92	-9.49	70.71	13.14	97	
6	27	3	24.16	18.22	2.02	-14.50	-5.80	98	
6	27	8	-30.47	1.66	-7.10	31.54	-42.02	99	
6	27	13	6.93	-8.41	4.17	-18.01	-85.91	100	
6	27	18	-7.07	-46.05	5.82	29.42	35.85	101	
6	27	23	6.55	22.03	-2.77	16.44	12.33	102	
6	27	28	-0.20	0.64	3.00	-5.03	-2.39	103	
6	27	33	27.01	31.64	-3.41	-35.38	-23.60	104	
6	27	38	-26.92	-35.97	7.45	47.17	33.39	105	
6	27	43	-14.94	2.45	-1.78	29.73	2.83	106	
6	31	3	21.25	0.34	13.88	-15.89	3.16	107	
6	31	8	-14.67	-19.77	-15.61	-3.30	79.10	108	
6	31	13	1.42	5.28	-0.45	23.01	90.22	109	
6	31	18	13.25	27.66	1.40	12.72	14.01	110	
6	31	23	1.56	2.89	1.01	-0.85	-1.95	111	
6	31	28	2.00	1.91	2.38	-0.20	0.32	112	
6	31	33	-15.26	-18.97	8.66	-57.84	-34.63	113	
6	31	38	29.45	35.71	-0.54	43.65	30.73	114	
6	31	43	-16.94	-4.80	0.24	31.59	-3.11	115	
6	35	3	3.20	6.10	5.96	1.89	-0.42	116	
6	35	8	2.54	12.88	7.15	1.21	4.43	117	
6	35	13	6.36	5.10	3.58	0.50	-9.55	118	
6	35	18	2.59	3.30	4.01	-1.59	-1.07	119	
6	35	23	3.86	4.60	6.56	0.27	-0.77	120	
6	35	28	29.77	32.46	2.28	-30.07	-17.73	121	
6	35	33	-25.63	-36.87	9.32	56.07	31.90	122	
6	35	38	7.81	5.03	3.54	-0.17	-4.23	123	
6	35	43	-7.24	1.59	-0.16	37.54	3.74	124	
6	39	3	1.85	0.12	3.70	1.36	2.35	125	
6	39	8	2.67	3.28	2.49	-0.96	-1.65	126	
6	39	13	1.21	1.01	1.17	-0.69	-2.83	127	
6	39	18	4.12	3.11	3.60	-0.36	0.80	128	
6	39	23	1.49	1.25	3.36	1.68	0.14	129	
6	39	28	5.39	-17.59	1.76	-54.74	6.86	130	
6	39	33	23.23	32.56	-3.54	38.21	24.50	131	
6	39	38	6.70	3.69	3.71	2.71	4.51	132	
6	39	43	-2.72	0.56	3.15	37.70	-3.89	133	
6	43	3	4.40	3.94	2.41	3.24	0.01	134	
6	43	8	2.54	1.64	1.99	0.80	0.67	135	
6	43	13	2.48	3.19	2.93	0.12	1.06	136	
6	43	18	4.17	2.86	3.14	0.47	-2.03	137	
6	43	23	2.61	3.80	1.79	0.09	-0.72	138	
6	43	28	1.09	1.39	13.07	-2.44	11.87	139	
6	43	33	3.96	7.56	3.65	2.00	2.31	140	
6	43	38	8.08	4.19	5.28	7.73	0.34	141	
6	43	43	-6.29	-3.45	3.29	46.88	3.78	142	
