143
diam	c	r	EConv0	EConv1	EConv2	OConv0	OConv1
6	3	3	40.67	0.12	23.02	-46.42	8.15	44	
6	3	8	-1.35	-42.12	-29.11	7.18	12.26	45	
6	3	13	7.50	15.99	2.24	43.10	65.55	46	
6	3	18	9.45	15.58	9.26	-3.12	0.61	47	
6	3	23	1.67	5.27	-0.86	-0.15	0.86	48	
6	3	28	-13.79	-24.02	13.09	-27.04	42.52	49	
6	3	33	12.81	50.10	3.42	17.61	23.35	50	
6	3	38	0.36	3.15	8.00	-1.24	-0.36	51	
6	3	43	16.88	4.42	2.95	-13.93	-2.03	52	
6	7	3	7.97	1.19	11.15	-4.77	3.92	53	
6	7	8	-5.34	28.98	10.66	10.76	38.44	54	
6	7	13	2.29	3.17	3.98	-1.37	-2.22	55	
6	7	18	3.03	4.74	2.89	-1.33	1.68	56	
6	7	23	1.66	1.06	5.25	-0.38	0.67	57	
6	7	28	4.60	5.92	5.42	0.70	0.90	58	
6	7	33	-12.52	1.64	-7.65	-50.98	-73.73	59	
6	7	38	29.12	-5.71	18.27	42.43	-11.53	60	
6	7	43	8.92	4.26	8.70	-1.30	1.72	61	
6	11	3	2.70	6.65	2.62	-1.25	-2.42	62	
6	11	8	1.60	-2.99	4.47	-4.38	-3.44	63	
6	11	13	3.19	1.52	1.11	1.22	5.01	64	
6	11	18	2.73	0.04	1.30	-4.40	2.24	65	
6	11	23	1.80	2.95	2.41	0.46	1.21	66	
6	11	28	36.75	24.40	0.99	-36.48	-11.11	67	
6	11	33	-25.55	-22.18	-0.76	-13.00	-11.32	68	
6	11	38	34.56	36.28	9.75	44.69	-9.84	69	
6	11	43	8.83	2.51	16.12	3.99	-3.46	70	
6	15	3	3.41	6.80	6.86	-4.35	-1.39	71	
6	15	8	3.20	-1.12	-0.12	0.57	3.75	72	
6	15	13	9.44	26.11	2.87	-8.37	-17.13	73	
6	15	18	7.15	0.44	27.49	11.81	-22.73	74	
6	15	23	2.99	-0.01	1.50	2.49	0.98	75	
6	15	28	37.10	23.30	9.59	-77.41	-19.89	76	
6	15	33	-2.81	-0.30	-3.04	-0.75	-3.04	77	
6	15	38	10.66	-26.94	-25.02	-3.05	-55.98	78	
6	15	43	44.60	3.42	20.13	57.25	-17.41	79	
6	19	3	1.34	6.01	4.36	4.38	1.08	80	
6	19	8	8.94	44.59	18.73	-20.91	-54.25	81	
6	19	13	-8.22	-34.60	-1.21	-46.56	-65.83	82	
6	19	18	22.83	-2.48	-10.05	70.26	10.25	83	
6	19	23	6.91	15.41	-2.59	-4.77	-5.29	84	
6	19	28	-12.22	-35.98	20.05	-61.43	-29.40	85	
6	19	33	5.04	-9.28	-0.64	18.63	89.53	86	
6	19	38	39.97	52.34	11.85	-31.18	63.94	87	
6	19	43	55.96	17.36	6.13	49.19	12.07	88	
6	23	3	38.69	18.84	0.22	-30.96	0.48	89	
6	23	8	-13.17	-44.00	-12.66	-15.91	-32.47	90	
6	23	13	5.07	-8.39	6.39	58.90	66.89	91	
6	23	18	15.44	32.78	0.18	0.39	6.85	92	
6	23	23	-2.01	-5.13	3.90	-44.78	-60.29	93	
6	23	28	-0.40	1.87	0.99	54.29	54.36	94	
6	23	33	-1.03	14.10	5.42	2.81	1.34	95	
6	23	38	-20.27	-18.26	9.95	-61.38	-27.04	96	
6	23	43	25.74	22.61	5.98	17.86	6.53	97	
6	27	3	54.87	16.13	14.83	-42.19	-0.85	98	
6	27	8	-24.87	-23.07	10.55	63.88	36.67	99	
6	27	13	15.97	35.09	1.47	5.57	7.83	100	
6	27	18	0.84	1.77	2.61	-52.68	-67.62	101	
6	27	23	-9.03	-21.63	0.42	51.92	55.53	102	
6	27	28	3.83	13.49	-1.77	1.62	3.13	103	
6	27	33	17.53	23.40	-3.37	-15.18	-8.28	104	
6	27	38	-32.46	-36.21	6.13	38.48	27.12	105	
6	27	43	8.42	27.98	13.95	-3.06	-11.21	106	
6	31	3	49.32	22.14	9.71	-67.74	-13.81	107	
6	31	8	27.65	34.56	0.01	82.85	35.72	108	
6	31	13	-3.28	-2.39	7.07	-44.18	-67.27	109	
6	31	18	-13.84	-30.63	6.25	40.90	60.46	110	
6	31	23	6.80	17.07	-4.61	4.51	15.60	111	
6	31	28	4.10	4.22	4.65	2.18	-0.90	112	
6	31	33	-6.45	-10.10	3.49	-58.74	-41.72	113	
6	31	38	37.09	61.70	-8.77	5.12	-23.39	114	
6	31	43	-1.73	-33.73	-25.49	-17.41	-29.99	115	
6	35	3	37.32	11.46	3.38	-89.33	-8.00	116	
6	35	8	27.97	-9.78	-1.95	0.63	-68.37	117	
6	35	13	-5.73	-17.00	-0.01	43.41	65.40	118	
6	35	18	13.71	35.07	2.22	6.59	8.27	119	
6	35	23	1.40	34.77	22.07	-0.85	-45.88	120	
6	35	28	8.60	9.43	33.60	1.17	-25.62	121	
6	35	33	-12.06	8.65	-7.75	-4.04	36.70	122	
6	35	38	-17.88	-44.81	21.54	9.76	10.54	123	
6	35	43	5.60	25.71	20.47	-43.74	-5.15	124	
6	39	3	27.23	-12.96	32.90	-48.89	23.85	125	
6	39	8	4.87	20.87	3.97	37.28	82.05	126	
6	39	13	13.04	35.00	-0.46	4.72	0.93	127	
6	39	18	-3.68	4.63	-1.50	-50.54	-80.88	128	
6	39	23	-4.85	-48.93	-28.51	-7.26	-23.64	129	
6	39	28	-4.41	-3.64	-44.80	20.56	-56.91	130	
6	39	33	13.05	-13.95	20.95	-27.64	-79.20	131	
6	39	38	22.42	22.62	-4.64	7.35	-59.30	132	
6	39	43	-10.37	-37.92	-4.24	53.90	36.17	133	
6	43	3	2.09	3.36	2.53	1.36	-0.10	134	
6	43	8	5.38	4.27	0.06	3.75	-6.04	135	
6	43	13	-2.99	-8.12	-4.40	-67.95	-62.26	136	
6	43	18	-6.70	-38.57	2.22	40.97	69.06	137	
6	43	23	13.48	36.25	21.36	7.89	77.83	138	
6	43	28	-17.65	10.79	6.81	-64.28	17.65	139	
6	43	33	-0.97	-23.43	-24.82	7.97	55.17	140	
6	43	38	-4.31	-9.73	0.99	39.10	78.67	141	
6	43	43	21.42	39.72	-1.17	12.24	13.22	142	
