143
diam	c	r	EConv0	EConv1	EConv2	OConv0	OConv1
6	3	3	2.66	3.42	3.94	0.21	0.29	44	
6	3	8	3.16	4.21	2.92	-1.67	0.02	45	
6	3	13	1.90	2.54	2.73	0.87	-0.06	46	
6	3	18	2.39	2.76	2.76	-0.74	-0.00	47	
6	3	23	3.41	2.50	3.61	-0.66	0.80	48	
6	3	28	2.44	2.65	2.75	0.37	1.61	49	
6	3	33	3.20	2.90	2.86	-0.11	1.19	50	
6	3	38	3.06	3.84	3.71	1.59	1.04	51	
6	3	43	2.12	3.12	2.42	-1.03	1.39	52	
6	7	3	2.26	3.96	2.98	-0.08	-1.05	53	
6	7	8	3.70	3.86	4.08	-3.46	0.21	54	
6	7	13	2.72	3.08	2.61	0.90	0.14	55	
6	7	18	2.34	2.28	3.29	-0.19	0.21	56	
6	7	23	1.90	3.19	1.92	-1.02	-1.99	57	
6	7	28	4.07	4.33	3.36	0.45	-1.73	58	
6	7	33	-9.56	21.63	19.14	-1.75	-38.72	59	
6	7	38	5.26	9.37	-1.70	-5.92	-3.61	60	
6	7	43	-15.12	18.87	19.90	-3.31	-59.48	61	
6	11	3	3.59	5.73	4.20	-0.41	-1.05	62	
6	11	8	3.58	4.36	5.97	0.37	-3.11	63	
6	11	13	2.71	5.59	5.24	0.39	-2.80	64	
6	11	18	2.64	5.97	4.08	1.74	-3.83	65	
6	11	23	3.55	6.25	8.96	-0.89	-1.35	66	
6	11	28	20.49	27.17	0.59	-25.35	-21.17	67	
6	11	33	-12.76	-8.57	-19.11	0.22	19.51	68	
6	11	38	5.86	7.12	6.56	-52.35	-69.85	69	
6	11	43	-48.10	-27.50	-19.99	29.75	3.89	70	
6	15	3	0.81	-24.14	-20.49	-0.63	-19.39	71	
6	15	8	2.59	-20.59	-22.12	-0.62	-11.49	72	
6	15	13	4.20	-24.43	-23.17	-1.85	-9.96	73	
6	15	18	4.20	-25.43	-25.40	-1.83	-9.79	74	
6	15	23	1.10	-27.37	-24.74	-0.65	-6.27	75	
6	15	28	-5.89	-14.15	-16.13	-44.88	-16.41	76	
6	15	33	6.78	-12.86	-1.00	-35.74	-36.47	77	
6	15	38	10.10	-18.36	-13.46	12.48	58.10	78	
6	15	43	-13.84	-28.59	1.30	37.14	36.03	79	
6	19	3	1.89	10.94	10.08	0.70	7.73	80	
6	19	8	3.91	9.40	11.91	-3.32	3.88	81	
6	19	13	4.17	8.45	8.14	-1.55	3.87	82	
6	19	18	3.46	9.15	7.67	-1.91	3.85	83	
6	19	23	0.34	9.26	7.21	4.69	4.65	84	
6	19	28	-12.58	-1.08	-15.50	-93.08	6.62	85	
6	19	33	-2.05	-17.92	9.58	58.01	53.06	86	
6	19	38	7.33	12.24	6.99	-51.72	-30.64	87	
6	19	43	27.55	33.67	-4.67	36.74	22.46	88	
6	23	3	1.58	4.02	2.11	-1.30	-1.25	89	
6	23	8	1.50	1.85	0.86	1.74	-4.55	90	
6	23	13	7.82	39.46	8.85	-17.55	-40.87	91	
6	23	18	7.92	-3.37	39.32	21.17	-36.42	92	
6	23	23	-0.38	-1.05	0.63	1.41	2.19	93	
6	23	28	-11.72	-15.00	28.66	-65.70	-7.11	94	
6	23	33	32.37	42.94	-4.27	7.83	6.48	95	
6	23	38	-29.07	-38.22	8.04	42.28	18.69	96	
6	23	43	5.03	2.35	3.73	1.11	-0.39	97	
6	27	3	-0.24	3.14	2.42	-3.83	-0.82	98	
6	27	8	16.53	35.39	-5.83	-35.40	-27.20	99	
6	27	13	-12.96	-44.63	0.84	-23.48	-32.91	100	
6	27	18	12.20	4.03	-17.66	77.86	30.74	101	
6	27	23	17.00	27.66	-1.08	-23.06	-20.24	102	
6	27	28	-13.92	-16.35	3.50	40.62	29.50	103	
6	27	33	-3.90	6.32	0.96	-65.89	-49.14	104	
6	27	38	25.84	44.49	24.76	37.93	-0.59	105	
6	27	43	2.10	1.66	6.00	1.97	-0.07	106	
6	31	3	5.05	4.34	-0.34	-7.75	3.23	107	
6	31	8	-20.04	-28.32	5.79	-60.34	-42.52	108	
6	31	13	-5.75	-13.89	4.07	62.03	58.98	109	
6	31	18	12.62	34.76	-3.43	-6.32	-7.39	110	
6	31	23	-16.98	-49.20	7.37	0.94	-0.42	111	
6	31	28	27.07	38.86	-3.67	-8.17	-2.84	112	
6	31	33	-23.97	-20.06	2.78	-23.78	-18.32	113	
6	31	38	-2.53	-13.73	-33.21	8.40	-42.64	114	
6	31	43	-12.78	-10.40	-0.57	35.60	-81.05	115	
6	35	3	40.08	16.10	4.58	-27.54	-3.84	116	
6	35	8	-19.10	-36.50	23.42	53.53	41.95	117	
6	35	13	18.14	60.52	3.12	-5.93	-13.54	118	
6	35	18	-16.62	-63.70	2.67	-1.54	-19.76	119	
6	35	23	15.27	23.85	2.19	23.21	19.71	120	
6	35	28	12.01	1.74	1.11	-72.49	-32.50	121	
6	35	33	-5.73	-27.74	-12.06	28.01	76.02	122	
6	35	38	33.20	39.07	9.55	-32.88	74.81	123	
6	35	43	-33.79	-32.11	-7.72	36.99	26.39	124	
6	39	3	42.19	8.09	16.32	-35.43	0.02	125	
6	39	8	1.85	15.92	-46.11	32.13	-41.88	126	
6	39	13	-10.11	-70.43	-9.64	15.94	21.08	127	
6	39	18	10.15	35.83	2.50	25.16	27.54	128	
6	39	23	10.55	19.22	0.29	-7.58	-5.19	129	
6	39	28	-61.19	-18.94	8.50	-4.77	-27.19	130	
6	39	33	11.50	37.82	33.34	1.00	-16.90	131	
6	39	38	0.57	-19.10	15.71	-60.16	-61.65	132	
6	39	43	14.18	28.66	-2.26	58.92	44.24	133	
6	43	3	6.51	-0.21	9.45	-3.43	1.76	134	
6	43	8	-7.90	21.36	30.72	-3.79	66.50	135	
6	43	13	3.80	20.88	4.27	4.98	9.00	136	
6	43	18	3.00	5.80	2.08	1.62	1.73	137	
6	43	23	-0.86	-1.87	-1.02	-63.81	-64.29	138	
6	43	28	0.66	-33.73	-28.86	2.82	26.48	139	
6	43	33	3.13	-34.09	-37.80	3.73	-35.05	140	
6	43	38	-5.82	-12.14	-5.38	61.90	59.80	141	
6	43	43	4.85	7.93	-1.03	5.78	3.48	142	
