143
diam	c	r	EConv0	EConv1	EConv2	OConv0	OConv1
6	3	3	-1.72	16.72	7.95	-3.92	-44.93	44	
6	3	8	-0.24	12.70	1.81	-3.74	-37.18	45	
6	3	13	5.86	14.82	16.89	3.70	-39.62	46	
6	3	18	4.92	12.02	10.68	-2.99	-36.16	47	
6	3	23	2.38	5.81	10.61	2.08	-29.41	48	
6	3	28	3.34	12.79	13.85	0.77	-35.63	49	
6	3	33	2.96	8.82	10.26	3.57	-40.07	50	
6	3	38	5.22	11.58	18.65	8.39	-31.73	51	
6	3	43	3.73	13.83	15.59	-1.98	-26.43	52	
6	7	3	-4.79	0.54	11.09	-7.78	45.33	53	
6	7	8	4.36	0.57	5.04	-5.76	37.30	54	
6	7	13	5.32	1.41	-3.38	3.06	41.63	55	
6	7	18	5.42	-5.03	0.17	-1.79	34.20	56	
6	7	23	4.08	-0.74	-7.19	4.81	28.44	57	
6	7	28	-8.18	-11.34	-9.43	6.76	27.38	58	
6	7	33	0.10	-7.29	-2.00	-2.23	33.02	59	
6	7	38	2.81	-5.52	-15.68	2.84	36.33	60	
6	7	43	1.15	-12.72	-15.71	-0.31	26.20	61	
6	11	3	2.96	2.43	3.81	0.42	3.17	62	
6	11	8	2.13	2.86	0.38	-2.21	1.15	63	
6	11	13	4.76	1.33	3.85	2.60	-1.46	64	
6	11	18	2.77	2.60	0.01	0.44	0.93	65	
6	11	23	4.57	3.78	4.63	-3.23	1.53	66	
6	11	28	8.02	13.13	1.44	-13.86	-1.75	67	
6	11	33	7.78	-1.58	3.37	8.68	1.64	68	
6	11	38	4.41	3.45	7.14	-1.42	-0.27	69	
6	11	43	2.51	4.73	4.48	1.37	-1.22	70	
6	15	3	0.96	2.50	1.81	0.58	-0.53	71	
6	15	8	1.96	4.24	4.97	-0.62	2.83	72	
6	15	13	4.52	4.30	1.44	1.68	2.73	73	
6	15	18	4.56	4.40	4.06	0.95	0.43	74	
6	15	23	3.25	4.46	4.18	-2.74	-0.68	75	
6	15	28	-14.38	-3.40	5.19	-19.78	-9.62	76	
6	15	33	5.08	5.30	-2.60	3.45	-2.06	77	
6	15	38	4.60	12.74	4.20	-4.54	-8.22	78	
6	15	43	2.78	3.18	18.40	7.27	-12.07	79	
6	19	3	2.69	3.59	4.93	2.38	-0.45	80	
6	19	8	2.72	3.80	2.18	-1.51	0.89	81	
6	19	13	9.67	14.95	1.86	-24.58	-29.85	82	
6	19	18	16.53	-1.93	20.92	25.05	-16.09	83	
6	19	23	4.97	8.11	3.00	-5.95	-3.01	84	
6	19	28	-20.07	0.27	-8.28	-9.25	6.79	85	
6	19	33	4.54	12.95	6.89	-17.93	-20.32	86	
6	19	38	6.82	-14.74	-0.19	-1.96	-2.36	87	
6	19	43	2.34	-0.45	-8.08	34.05	8.89	88	
6	23	3	0.43	0.73	2.95	5.73	0.38	89	
6	23	8	11.54	15.59	2.76	-11.21	-9.23	90	
6	23	13	0.12	-5.81	5.70	14.70	24.86	91	
6	23	18	-1.67	2.06	-8.57	32.54	3.66	92	
6	23	23	-2.57	-4.97	2.17	-15.31	-10.48	93	
6	23	28	11.93	-0.26	10.32	-18.23	20.48	94	
6	23	33	0.37	0.50	1.26	9.25	29.55	95	
6	23	38	-2.95	-3.15	5.24	-11.04	1.93	96	
6	23	43	13.31	15.22	4.71	7.48	7.78	97	
6	27	3	6.15	9.06	2.34	-0.61	-2.78	98	
6	27	8	-3.79	-10.12	3.07	-26.18	-4.04	99	
6	27	13	10.15	8.96	2.63	4.14	3.43	100	
6	27	18	6.23	16.33	-6.36	6.84	-0.86	101	
6	27	23	-1.65	-5.43	1.17	15.64	13.53	102	
6	27	28	4.47	8.10	3.90	-5.39	-3.05	103	
6	27	33	2.76	1.74	14.68	-8.94	-22.34	104	
6	27	38	5.09	8.49	4.64	9.09	12.85	105	
6	27	43	5.33	4.90	4.72	0.48	1.41	106	
6	31	3	3.88	5.39	5.11	-7.56	0.45	107	
6	31	8	-20.60	-4.86	7.84	2.73	-11.58	108	
6	31	13	5.89	9.08	6.92	0.39	-8.25	109	
6	31	18	-10.47	-19.48	7.73	4.90	-4.17	110	
6	31	23	5.04	6.78	2.69	2.12	0.76	111	
6	31	28	-0.05	10.86	7.57	-23.99	-24.97	112	
6	31	33	6.74	14.04	1.17	24.28	22.64	113	
6	31	38	5.44	5.90	4.98	1.28	-1.72	114	
6	31	43	3.16	4.38	5.29	1.64	-3.40	115	
6	35	3	4.65	3.32	4.66	-7.95	3.28	116	
6	35	8	-24.41	10.04	-11.18	10.01	0.69	117	
6	35	13	0.63	-6.76	5.57	-8.87	-13.97	118	
6	35	18	10.01	19.37	2.30	17.88	12.95	119	
6	35	23	-0.01	1.13	2.14	-0.50	1.71	120	
6	35	28	-25.46	-14.73	-9.03	7.87	25.16	121	
6	35	33	3.79	5.33	1.33	0.02	6.25	122	
6	35	38	5.20	3.24	2.63	-0.33	0.47	123	
6	35	43	2.48	6.92	-10.72	-25.00	-13.20	124	
6	39	3	4.11	1.57	7.84	-2.32	4.20	125	
6	39	8	-7.20	-9.35	-4.77	-25.50	33.96	126	
6	39	13	10.50	15.95	1.60	19.99	21.61	127	
6	39	18	3.64	6.01	5.57	5.58	-0.77	128	
6	39	23	-0.92	3.06	-0.11	-3.89	-2.66	129	
6	39	28	2.80	3.66	4.90	0.46	1.06	130	
6	39	33	4.21	1.67	5.89	1.47	-0.55	131	
6	39	38	4.75	5.95	5.07	0.23	-0.69	132	
6	39	43	12.28	4.54	11.95	-27.64	9.98	133	
6	43	3	2.95	4.31	1.97	3.61	-3.79	134	
6	43	8	3.23	4.26	4.41	-4.78	2.45	135	
6	43	13	3.39	10.88	-0.36	-5.74	-5.28	136	
6	43	18	3.23	1.84	17.96	11.83	-11.95	137	
6	43	23	2.77	2.70	4.38	-1.11	0.15	138	
6	43	28	4.70	4.52	3.82	0.71	-0.29	139	
6	43	33	3.89	5.37	2.57	0.80	1.10	140	
6	43	38	2.75	0.07	1.41	-2.48	0.28	141	
6	43	43	-4.74	-1.00	2.28	-17.98	-8.65	142	
