143
diam	c	r	EConv0	EConv1	EConv2	OConv0	OConv1
6	3	3	4.59	3.47	4.79	1.21	0.64	44	
6	3	8	-4.11	-3.27	-1.64	-6.11	7.39	45	
6	3	13	3.31	1.89	1.81	1.09	-2.84	46	
6	3	18	3.85	3.94	2.61	-2.13	-4.92	47	
6	3	23	4.10	1.54	4.66	4.37	-2.90	48	
6	3	28	3.48	2.25	3.98	-0.02	-1.89	49	
6	3	33	2.27	1.93	2.09	1.56	1.83	50	
6	3	38	3.41	5.01	4.08	-1.36	-0.66	51	
6	3	43	3.50	2.88	5.04	1.25	-0.15	52	
6	7	3	5.24	2.51	1.39	0.92	2.93	53	
6	7	8	7.13	5.41	6.41	0.96	-0.08	54	
6	7	13	5.45	4.58	4.19	-0.72	0.44	55	
6	7	18	3.11	0.87	2.40	-0.89	1.82	56	
6	7	23	5.54	5.65	3.17	5.27	1.30	57	
6	7	28	2.23	3.43	3.60	1.53	-0.43	58	
6	7	33	3.59	3.16	3.28	0.65	-0.78	59	
6	7	38	6.19	5.60	5.05	-1.82	0.67	60	
6	7	43	6.03	5.46	2.65	2.98	0.07	61	
6	11	3	6.61	5.87	2.41	-3.42	-3.74	62	
6	11	8	6.14	3.71	5.30	3.14	1.34	63	
6	11	13	4.02	3.62	3.70	-1.02	0.66	64	
6	11	18	4.34	5.63	3.66	-0.13	0.29	65	
6	11	23	5.83	4.19	4.04	1.19	-0.49	66	
6	11	28	4.44	3.47	4.84	3.92	0.48	67	
6	11	33	3.84	4.25	4.35	1.08	0.90	68	
6	11	38	-3.37	21.44	0.20	-13.03	-22.15	69	
6	11	43	6.16	4.13	5.29	0.73	2.80	70	
6	15	3	4.27	2.98	5.59	-1.54	2.01	71	
6	15	8	4.57	4.60	3.39	1.77	-2.19	72	
6	15	13	2.53	3.47	3.78	-1.68	0.94	73	
6	15	18	3.74	2.53	3.91	-2.02	2.68	74	
6	15	23	4.09	3.72	2.92	1.89	1.51	75	
6	15	28	2.87	3.21	1.39	0.24	1.95	76	
6	15	33	2.81	2.68	5.09	0.86	1.47	77	
6	15	38	-38.82	-36.31	8.20	-2.88	7.10	78	
6	15	43	2.65	3.59	4.13	1.50	0.02	79	
6	19	3	3.34	2.98	3.26	0.09	-1.75	80	
6	19	8	2.70	3.18	3.15	1.47	1.32	81	
6	19	13	0.04	0.98	2.85	1.42	-1.46	82	
6	19	18	1.99	3.33	4.31	0.18	-1.64	83	
6	19	23	2.19	3.39	3.04	-0.27	-3.75	84	
6	19	28	4.64	2.29	4.68	-0.03	-1.74	85	
6	19	33	31.11	41.71	-8.78	-46.54	-33.02	86	
6	19	38	37.54	43.62	23.52	33.82	4.45	87	
6	19	43	7.37	0.16	27.33	14.95	-14.89	88	
6	23	3	3.54	4.12	3.48	-0.85	0.30	89	
6	23	8	3.57	2.96	2.61	0.07	-0.97	90	
6	23	13	-17.27	30.29	0.11	-16.44	-37.88	91	
6	23	18	-19.81	32.56	21.15	-6.38	-57.63	92	
6	23	23	-1.47	-1.34	2.72	3.39	-3.45	93	
6	23	28	15.87	17.59	-0.17	-4.35	-9.83	94	
6	23	33	22.00	-32.15	40.45	-9.86	22.52	95	
6	23	38	9.56	-59.84	-48.67	2.37	30.14	96	
6	23	43	26.88	-0.20	0.73	82.73	0.31	97	
6	27	3	3.57	3.74	5.03	0.41	-0.84	98	
6	27	8	1.39	0.73	5.02	4.05	2.78	99	
6	27	13	-67.60	-19.61	-30.34	-54.39	-33.43	100	
6	27	18	-53.04	-56.04	-11.55	43.92	30.97	101	
6	27	23	8.78	17.54	5.84	-2.46	1.47	102	
6	27	28	-9.90	-38.39	18.85	-18.05	-28.52	103	
6	27	33	12.58	21.85	1.73	8.66	12.94	104	
6	27	38	19.66	22.53	7.03	-6.32	-8.34	105	
6	27	43	24.96	16.80	12.32	51.07	9.28	106	
6	31	3	4.34	6.42	5.33	1.25	1.51	107	
6	31	8	23.78	35.95	-6.71	-30.39	-25.48	108	
6	31	13	-9.04	-40.50	17.61	14.32	75.11	109	
6	31	18	14.32	40.02	0.40	22.95	23.62	110	
6	31	23	4.61	-20.21	19.63	-19.32	-36.34	111	
6	31	28	14.08	40.33	0.61	31.05	33.43	112	
6	31	33	1.25	3.52	1.31	1.80	-2.37	113	
6	31	38	29.80	26.08	10.93	-41.65	-15.21	114	
6	31	43	26.10	20.35	-4.60	30.08	10.65	115	
6	35	3	2.14	4.08	3.02	0.56	-0.27	116	
6	35	8	-33.02	-24.67	16.86	-42.53	-8.90	117	
6	35	13	12.96	33.12	3.58	0.60	-1.19	118	
6	35	18	-5.33	-31.06	8.60	-31.00	-57.48	119	
6	35	23	18.10	33.03	-1.29	39.40	34.59	120	
6	35	28	1.97	3.65	5.02	0.32	0.37	121	
6	35	33	2.41	4.55	2.08	-2.31	0.69	122	
6	35	38	-35.14	-29.35	-3.48	-41.62	0.16	123	
6	35	43	0.75	5.62	7.04	-2.30	-1.97	124	
6	39	3	-0.25	2.41	2.87	2.90	0.71	125	
6	39	8	-64.90	-1.59	-56.43	-60.82	-18.80	126	
6	39	13	-4.98	-77.45	-3.39	1.55	-33.86	127	
6	39	18	4.95	42.70	5.19	28.55	55.86	128	
6	39	23	5.74	6.57	5.71	-0.79	0.14	129	
6	39	28	3.19	1.90	1.91	0.42	1.22	130	
6	39	33	4.87	6.09	3.96	-5.11	-1.98	131	
6	39	38	-3.61	7.09	11.06	-3.71	11.71	132	
6	39	43	3.25	2.49	4.48	5.62	0.85	133	
6	43	3	3.28	4.97	5.11	1.55	-0.43	134	
6	43	8	-6.14	-7.06	44.50	-32.09	56.60	135	
6	43	13	10.83	42.90	5.57	17.23	23.59	136	
6	43	18	2.92	2.44	4.51	3.28	-1.73	137	
6	43	23	1.99	3.05	2.16	1.74	1.03	138	
6	43	28	3.51	3.84	3.57	0.16	1.15	139	
6	43	33	16.70	26.97	1.10	-19.99	-8.44	140	
6	43	38	14.30	-2.39	7.91	21.53	-0.55	141	
6	43	43	3.80	4.28	3.97	5.04	-0.85	142	
