143
diam	c	r	EConv0	EConv1	EConv2	OConv0	OConv1
6	3	3	-4.36	3.40	-0.45	-21.72	-1.09	44	
6	3	8	7.91	5.62	6.08	6.26	-2.20	45	
6	3	13	2.85	5.49	7.11	5.71	1.99	46	
6	3	18	9.86	27.18	1.60	-16.96	-27.03	47	
6	3	23	-3.33	-18.73	-1.33	-41.88	-61.92	48	
6	3	28	-13.60	-42.65	-7.64	16.48	20.81	49	
6	3	33	9.62	21.64	0.74	45.44	55.47	50	
6	3	38	1.37	9.89	4.28	-1.86	2.91	51	
6	3	43	1.57	2.36	2.64	2.61	-0.01	52	
6	7	3	-2.28	-0.04	4.45	-19.36	-2.03	53	
6	7	8	8.00	3.83	2.98	8.68	3.81	54	
6	7	13	3.32	25.44	-6.52	-37.03	-51.46	55	
6	7	18	5.37	-20.81	1.62	-30.72	-57.33	56	
6	7	23	2.27	-17.45	10.68	45.12	49.98	57	
6	7	28	-1.60	26.33	5.95	23.03	48.03	58	
6	7	33	12.23	18.10	2.03	-7.15	-10.38	59	
6	7	38	-19.15	-7.58	8.25	7.70	-42.56	60	
6	7	43	4.68	2.87	4.18	2.40	-1.67	61	
6	11	3	-9.86	-0.95	1.58	-12.64	-4.47	62	
6	11	8	20.27	13.85	3.74	-7.72	-1.72	63	
6	11	13	-19.14	-30.30	-6.55	-46.24	-14.18	64	
6	11	18	2.18	-17.06	6.06	36.85	58.74	65	
6	11	23	17.41	31.34	1.71	16.68	26.09	66	
6	11	28	4.58	2.37	4.37	3.46	-0.18	67	
6	11	33	28.24	26.45	-1.85	-49.03	-16.69	68	
6	11	38	-23.99	-34.39	-4.04	63.13	13.32	69	
6	11	43	-1.15	2.29	1.32	1.90	-0.57	70	
6	15	3	-12.33	-0.04	-1.70	-11.36	-0.07	71	
6	15	8	15.70	3.28	9.63	-8.29	-2.14	72	
6	15	13	-6.98	0.81	13.85	4.95	65.89	73	
6	15	18	9.04	41.67	-1.91	8.10	13.36	74	
6	15	23	6.31	-0.12	22.37	3.31	-13.39	75	
6	15	28	7.11	9.85	4.18	1.50	-2.76	76	
6	15	33	10.46	2.53	9.87	-74.92	-29.43	77	
6	15	38	18.40	44.03	6.32	63.10	-21.64	78	
6	15	43	6.22	0.54	25.26	7.36	-9.91	79	
6	19	3	-12.58	-2.45	0.98	-9.95	0.11	80	
6	19	8	1.91	2.84	3.19	1.07	1.55	81	
6	19	13	12.00	34.11	-1.11	-27.24	-23.69	82	
6	19	18	-1.30	-12.56	7.42	-26.62	-58.79	83	
6	19	23	-7.11	-11.66	-0.78	58.54	-35.48	84	
6	19	28	16.85	28.98	-2.95	-26.36	-10.09	85	
6	19	33	-10.29	-23.60	10.44	-23.83	-12.00	86	
6	19	38	10.24	3.18	-7.92	-9.82	-18.67	87	
6	19	43	14.01	-9.49	7.64	76.51	-22.73	88	
6	23	3	-14.07	-3.54	-0.39	-2.30	0.47	89	
6	23	8	9.91	15.13	-2.33	-15.53	-3.48	90	
6	23	13	-5.61	-29.39	2.22	-37.53	-39.42	91	
6	23	18	10.65	-14.17	0.40	19.27	46.03	92	
6	23	23	-18.75	11.64	-18.67	35.47	1.45	93	
6	23	28	-5.90	-23.13	12.26	-54.06	-47.75	94	
6	23	33	31.68	5.78	5.94	3.83	56.25	95	
6	23	38	8.92	-1.13	-19.43	-20.37	30.17	96	
6	23	43	20.29	4.68	2.85	85.69	6.54	97	
6	27	3	-14.61	-1.66	-0.21	2.64	-0.22	98	
6	27	8	11.97	11.23	-1.45	-59.09	-26.76	99	
6	27	13	3.26	-1.30	12.70	45.99	54.17	100	
6	27	18	18.03	40.77	9.38	-11.12	14.60	101	
6	27	23	-15.56	8.97	-4.51	-26.36	-26.29	102	
6	27	28	-8.14	-16.09	7.93	49.32	41.10	103	
6	27	33	11.76	14.96	10.48	9.92	5.69	104	
6	27	38	11.27	18.64	12.70	-70.13	10.84	105	
6	27	43	30.25	26.84	-5.29	55.08	20.67	106	
6	31	3	-13.49	-2.93	-0.69	5.89	-0.86	107	
6	31	8	-24.25	1.38	-2.84	-52.70	-25.98	108	
6	31	13	18.22	32.84	13.27	10.32	-48.53	109	
6	31	18	6.91	-3.98	3.53	-33.53	-62.98	110	
6	31	23	-16.73	-41.69	1.71	30.18	37.38	111	
6	31	28	10.36	23.65	-4.59	22.47	25.92	112	
6	31	33	8.90	10.81	1.31	-0.37	-0.60	113	
6	31	38	-24.43	-33.95	11.07	-13.41	0.75	114	
6	31	43	12.71	16.05	0.67	7.12	1.73	115	
6	35	3	-7.56	0.16	1.80	10.45	5.85	116	
6	35	8	-28.38	-9.62	-7.03	-64.61	3.03	117	
6	35	13	6.40	-1.82	-1.62	-2.32	-12.62	118	
6	35	18	-14.82	-27.93	6.00	20.36	22.40	119	
6	35	23	13.05	32.84	1.16	32.18	30.43	120	
6	35	28	3.03	3.04	3.97	0.48	-5.03	121	
6	35	33	17.23	-0.09	4.28	-14.84	-2.32	122	
6	35	38	3.98	15.66	-0.73	31.36	26.60	123	
6	35	43	7.31	7.78	5.98	-37.19	-37.09	124	
6	39	3	-6.75	-1.04	1.52	19.23	-3.62	125	
6	39	8	-2.48	-12.31	-1.24	-72.49	35.75	126	
6	39	13	-0.56	-33.70	-16.27	11.61	33.77	127	
6	39	18	8.16	16.03	-4.74	46.16	45.29	128	
6	39	23	4.46	5.64	3.09	-4.84	-1.02	129	
6	39	28	4.03	3.27	1.83	3.61	8.29	130	
6	39	33	10.15	19.97	5.45	-5.50	-3.15	131	
6	39	38	5.10	5.66	1.90	-25.01	-44.05	132	
6	39	43	-1.67	-23.04	4.47	22.61	28.23	133	
6	43	3	-7.44	2.67	-2.24	12.22	1.06	134	
6	43	8	2.19	4.72	23.11	-7.82	14.45	135	
6	43	13	6.87	40.79	24.60	2.35	29.80	136	
6	43	18	5.21	15.11	2.38	-2.96	3.51	137	
6	43	23	-1.24	-1.42	5.69	4.36	2.30	138	
6	43	28	5.03	18.47	-2.17	-19.70	-20.83	139	
6	43	33	-2.20	-10.21	0.18	-33.16	-39.81	140	
6	43	38	-0.74	-13.20	4.43	27.77	48.74	141	
6	43	43	3.80	18.52	3.16	8.91	8.73	142	
