143
diam	c	r	EConv0	EConv1	EConv2	OConv0	OConv1
6	3	3	4.11	3.48	2.46	-2.18	-0.63	44	
6	3	8	3.28	2.71	3.49	2.40	-0.90	45	
6	3	13	28.83	42.78	1.63	-39.29	-28.09	46	
6	3	18	6.75	23.46	7.33	34.69	7.52	47	
6	3	23	-28.35	-93.19	10.45	-14.52	-20.06	48	
6	3	28	15.38	44.24	-6.32	46.60	46.44	49	
6	3	33	1.13	0.87	1.61	-2.01	0.65	50	
6	3	38	2.70	5.25	2.81	1.96	0.11	51	
6	3	43	2.30	0.93	3.00	-1.93	-0.32	52	
6	7	3	3.82	3.85	4.72	-3.84	-1.39	53	
6	7	8	16.04	17.62	6.19	-4.18	-0.55	54	
6	7	13	-24.77	-29.87	14.08	-41.38	-51.40	55	
6	7	18	-17.62	-68.75	3.37	-9.07	-20.21	56	
6	7	23	15.27	44.48	-8.47	48.99	55.73	57	
6	7	28	4.47	6.23	3.29	1.80	1.31	58	
6	7	33	15.49	40.04	-6.42	-35.85	-26.69	59	
6	7	38	18.73	-4.11	21.44	12.69	-11.24	60	
6	7	43	4.50	4.98	4.53	2.23	0.20	61	
6	11	3	3.87	5.11	3.26	-5.81	1.07	62	
6	11	8	28.20	32.01	-4.37	-83.75	-56.79	63	
6	11	13	-17.77	-46.86	-1.84	19.18	10.15	64	
6	11	18	15.08	49.99	-0.25	51.75	64.59	65	
6	11	23	2.68	-0.59	0.85	-0.40	0.57	66	
6	11	28	4.20	3.65	3.37	2.08	0.32	67	
6	11	33	2.46	-1.17	-5.53	-113.07	-29.51	68	
6	11	38	53.85	14.09	6.07	50.10	5.23	69	
6	11	43	2.48	3.16	1.85	-1.34	-3.23	70	
6	15	3	19.24	38.08	2.11	-28.14	-23.48	71	
6	15	8	-37.75	-73.75	12.58	-30.77	-20.95	72	
6	15	13	7.43	39.07	-6.29	65.30	72.06	73	
6	15	18	-0.36	5.82	3.60	0.05	0.05	74	
6	15	23	4.04	4.34	3.39	-2.88	-1.73	75	
6	15	28	15.41	18.35	3.68	-6.35	-10.89	76	
6	15	33	-55.12	-38.10	26.77	-28.99	-22.85	77	
6	15	38	11.18	33.85	39.54	15.60	-46.37	78	
6	15	43	1.89	3.30	0.90	-1.80	2.72	79	
6	19	3	-19.60	-66.46	-5.17	-58.83	-50.10	80	
6	19	8	11.77	38.63	-5.20	71.89	78.89	81	
6	19	13	-2.34	40.38	19.25	-9.23	-32.33	82	
6	19	18	4.43	2.70	7.04	1.87	1.50	83	
6	19	23	4.19	2.95	3.87	-3.48	-2.13	84	
6	19	28	3.96	0.94	1.93	-63.88	-58.02	85	
6	19	33	12.70	11.07	-45.25	-35.31	56.37	86	
6	19	38	-43.73	-24.25	-39.68	37.26	-22.58	87	
6	19	43	5.45	4.37	4.37	-0.95	1.16	88	
6	23	3	-4.80	42.35	17.53	22.02	67.77	89	
6	23	8	20.10	50.67	0.13	-43.03	-39.13	90	
6	23	13	-13.65	-60.04	-27.05	-23.53	-32.59	91	
6	23	18	48.20	0.61	20.49	46.52	-8.14	92	
6	23	23	22.11	48.11	-0.68	-47.13	-51.62	93	
6	23	28	-16.30	-29.89	5.19	59.90	52.21	94	
6	23	33	7.35	3.38	39.20	-24.82	29.54	95	
6	23	38	-76.17	-12.46	1.68	-19.12	14.59	96	
6	23	43	6.90	4.84	4.17	-0.24	-0.75	97	
6	27	3	16.56	28.59	1.26	-17.62	-19.58	98	
6	27	8	-34.78	-79.74	8.99	-27.86	-22.99	99	
6	27	13	48.09	59.90	28.18	17.91	61.28	100	
6	27	18	42.94	65.34	-11.06	1.79	-25.94	101	
6	27	23	-45.37	-92.67	10.61	17.04	5.52	102	
6	27	28	10.68	24.21	0.59	13.03	12.07	103	
6	27	33	23.89	26.45	-1.14	-25.75	-17.11	104	
6	27	38	-24.71	-16.71	2.43	73.81	46.53	105	
6	27	43	2.06	-0.36	1.74	1.69	0.94	106	
6	31	3	-6.56	1.93	-8.70	-98.42	-46.51	107	
6	31	8	16.07	39.37	-6.13	63.71	69.27	108	
6	31	13	5.78	38.09	1.73	-59.84	-63.06	109	
6	31	18	-22.24	-89.88	11.17	-6.46	-21.28	110	
6	31	23	19.61	48.19	-6.65	48.93	43.14	111	
6	31	28	5.10	7.39	3.22	0.26	-0.46	112	
6	31	33	-14.86	-33.27	11.94	-38.52	-27.60	113	
6	31	38	18.59	30.89	-2.82	30.55	16.34	114	
6	31	43	3.33	2.47	2.54	-1.15	-1.49	115	
6	35	3	-81.95	-25.30	-22.15	-56.74	-22.24	116	
6	35	8	19.80	32.89	27.55	-26.78	-104.54	117	
6	35	13	-23.32	-70.07	9.96	-20.33	-10.81	118	
6	35	18	19.42	36.48	-9.58	66.89	65.00	119	
6	35	23	2.19	5.21	4.73	-0.40	3.45	120	
6	35	28	12.09	24.44	-2.05	-43.37	-38.07	121	
6	35	33	8.33	14.99	3.55	44.56	39.23	122	
6	35	38	-6.24	32.37	9.26	-8.86	-40.94	123	
6	35	43	4.29	3.05	2.71	0.43	-1.75	124	
6	39	3	19.36	10.75	25.28	-83.80	75.10	125	
6	39	8	-5.74	-51.67	-22.75	15.52	44.43	126	
6	39	13	13.87	46.63	1.94	57.41	82.70	127	
6	39	18	4.20	4.97	2.45	0.81	1.16	128	
6	39	23	0.57	2.62	1.79	2.28	-0.09	129	
6	39	28	-24.23	-20.05	10.80	-16.04	42.10	130	
6	39	33	17.08	55.26	1.69	-42.01	-62.72	131	
6	39	38	-38.84	-88.37	-15.05	22.08	-7.67	132	
6	39	43	12.33	5.22	5.50	5.11	-1.14	133	
6	43	3	4.58	0.85	17.47	-10.62	8.53	134	
6	43	8	4.01	37.25	16.21	7.75	33.59	135	
6	43	13	3.96	3.89	2.76	-0.21	0.13	136	
6	43	18	2.91	3.30	2.44	1.61	0.47	137	
6	43	23	7.84	9.34	2.56	-4.17	-3.16	138	
6	43	28	7.90	28.06	-2.80	-56.28	-86.84	139	
6	43	33	-12.21	-77.66	-5.53	35.02	58.80	140	
6	43	38	12.74	48.21	6.16	28.84	44.17	141	
6	43	43	3.12	1.27	3.54	0.54	-0.68	142	
