143
diam	c	r	EConv0	EConv1	EConv2	OConv0	OConv1
6	3	3	2.51	3.45	2.91	0.71	-2.62	44	
6	3	8	5.73	6.51	5.55	0.94	0.87	45	
6	3	13	2.52	1.72	6.73	-2.87	-4.56	46	
6	3	18	4.92	4.66	4.23	-1.66	5.81	47	
6	3	23	3.60	3.91	1.46	1.26	-1.36	48	
6	3	28	3.26	1.74	4.11	1.56	-1.67	49	
6	3	33	4.14	8.82	2.55	-6.81	-2.43	50	
6	3	38	9.55	3.41	9.72	7.23	-2.68	51	
6	3	43	-30.88	-1.53	-7.35	-6.03	-4.00	52	
6	7	3	2.02	3.82	3.25	-1.91	2.47	53	
6	7	8	5.32	3.25	3.72	0.15	-1.50	54	
6	7	13	2.41	5.25	2.60	0.37	2.67	55	
6	7	18	3.28	1.71	3.09	-0.96	-2.43	56	
6	7	23	2.97	4.36	4.69	1.33	1.03	57	
6	7	28	2.55	3.38	4.27	0.44	1.26	58	
6	7	33	2.70	7.51	-4.20	-38.65	-20.41	59	
6	7	38	20.52	6.94	8.52	22.44	-5.16	60	
6	7	43	-41.45	-6.77	-11.98	-11.34	-0.70	61	
6	11	3	3.30	2.16	2.85	-0.16	2.45	62	
6	11	8	3.57	1.81	0.64	-3.73	2.11	63	
6	11	13	3.45	3.90	2.11	-0.88	-1.71	64	
6	11	18	4.16	5.32	5.69	0.68	-1.48	65	
6	11	23	2.70	3.58	4.48	0.47	-0.75	66	
6	11	28	7.24	8.86	2.21	3.25	1.85	67	
6	11	33	-32.67	-19.36	10.03	-11.77	-17.28	68	
6	11	38	2.39	14.61	8.30	9.74	-13.72	69	
6	11	43	-32.51	-6.72	-4.31	-16.41	3.81	70	
6	15	3	3.17	4.17	2.53	-2.23	-1.79	71	
6	15	8	4.94	3.23	5.21	0.54	-0.04	72	
6	15	13	4.01	5.00	5.10	-4.47	1.52	73	
6	15	18	0.81	1.50	0.27	-0.82	-3.04	74	
6	15	23	3.74	2.63	4.79	2.96	-2.17	75	
6	15	28	20.77	13.30	3.17	-24.69	-12.66	76	
6	15	33	-19.75	-11.62	-29.38	4.97	5.94	77	
6	15	38	-35.91	-29.32	-25.56	17.03	-29.58	78	
6	15	43	-22.37	-3.53	-2.19	-8.64	4.31	79	
6	19	3	3.80	0.74	3.30	-4.21	-0.56	80	
6	19	8	4.86	4.00	1.79	1.52	-0.96	81	
6	19	13	3.19	0.65	2.19	-2.37	1.27	82	
6	19	18	2.91	1.78	0.55	-2.64	5.12	83	
6	19	23	4.42	8.39	0.56	0.16	-2.88	84	
6	19	28	-6.31	-12.89	8.71	-8.22	-4.81	85	
6	19	33	4.79	10.96	20.48	-6.30	35.75	86	
6	19	38	-24.99	9.38	-3.86	-11.21	26.81	87	
6	19	43	-16.56	-1.12	-2.71	-13.85	-3.31	88	
6	23	3	5.00	5.06	3.88	-0.92	-1.84	89	
6	23	8	3.85	1.66	5.07	-0.63	0.68	90	
6	23	13	2.74	18.83	0.78	-16.58	-26.42	91	
6	23	18	-7.62	-12.03	4.47	14.10	-38.22	92	
6	23	23	6.61	6.87	2.76	-22.28	-9.44	93	
6	23	28	4.11	1.07	-0.00	19.62	11.06	94	
6	23	33	5.12	6.61	1.76	1.24	-0.92	95	
6	23	38	-26.26	-11.73	2.54	1.46	6.55	96	
6	23	43	-17.88	1.14	-4.47	-25.59	2.35	97	
6	27	3	4.20	3.01	4.12	0.65	-2.87	98	
6	27	8	11.05	22.78	-4.18	-24.94	-23.15	99	
6	27	13	-30.88	-45.76	0.59	12.01	-17.26	100	
6	27	18	1.05	21.60	-0.16	0.43	24.06	101	
6	27	23	-5.69	-11.84	5.59	1.48	4.16	102	
6	27	28	5.85	7.91	0.23	3.63	4.80	103	
6	27	33	11.15	8.49	3.41	-8.36	-2.82	104	
6	27	38	-3.76	-3.07	5.63	22.08	7.68	105	
6	27	43	-17.85	-1.83	-3.55	-25.85	-4.61	106	
6	31	3	6.03	5.54	6.01	3.58	1.58	107	
6	31	8	-5.93	-8.64	1.14	-59.94	-36.79	108	
6	31	13	11.75	15.72	1.03	66.94	30.68	109	
6	31	18	-7.75	-8.21	6.77	-17.69	-17.89	110	
6	31	23	5.38	6.67	-0.45	19.81	11.85	111	
6	31	28	2.71	2.59	3.73	-2.86	1.48	112	
6	31	33	11.18	9.17	3.54	-19.87	-5.08	113	
6	31	38	12.14	9.05	2.18	20.85	2.84	114	
6	31	43	-21.12	-3.98	-6.06	-28.15	0.06	115	
6	35	3	19.65	14.01	3.21	-9.96	-4.32	116	
6	35	8	-41.54	-29.22	-7.98	-2.91	-2.64	117	
6	35	13	11.49	8.78	0.39	1.13	-24.27	118	
6	35	18	2.17	-1.68	-0.07	24.33	26.88	119	
6	35	23	5.34	7.88	1.14	-1.76	1.02	120	
6	35	28	4.79	3.09	5.65	1.38	-0.24	121	
6	35	33	-4.84	-4.08	3.67	-25.37	-3.71	122	
6	35	38	7.28	6.25	-0.72	7.92	3.14	123	
6	35	43	-17.60	-0.81	3.79	-24.87	4.88	124	
6	39	3	10.15	-2.43	6.52	-7.91	5.95	125	
6	39	8	-5.27	3.97	4.78	-10.90	60.15	126	
6	39	13	-1.30	7.59	-3.96	21.51	36.25	127	
6	39	18	7.00	9.94	3.85	4.71	1.73	128	
6	39	23	2.77	2.24	3.13	-0.76	0.55	129	
6	39	28	7.32	7.68	2.93	-3.50	-2.63	130	
6	39	33	-14.26	-10.33	4.49	2.55	0.53	131	
6	39	38	2.42	4.19	3.56	3.28	-0.57	132	
6	39	43	-20.20	-6.61	-4.98	-29.80	-3.93	133	
6	43	3	3.78	3.60	4.36	2.53	-2.74	134	
6	43	8	1.61	3.57	1.95	2.47	2.15	135	
6	43	13	3.17	11.87	11.49	-0.82	3.77	136	
6	43	18	2.70	3.51	1.96	-4.00	0.15	137	
6	43	23	6.13	3.65	4.78	-1.15	-1.85	138	
6	43	28	5.77	1.78	2.84	-4.56	0.67	139	
6	43	33	-2.85	7.83	-2.25	9.16	12.45	140	
6	43	38	7.80	11.32	2.07	-12.12	-13.16	141	
6	43	43	-11.78	-10.51	11.13	8.37	-13.53	142	
