143
diam	c	r	EConv0	EConv1	EConv2	OConv0	OConv1
6	3	3	3.15	4.21	3.14	-0.95	6.60	44	
6	3	8	-4.35	3.48	1.60	-4.09	10.66	45	
6	3	13	2.23	1.74	3.81	1.57	5.37	46	
6	3	18	2.67	6.27	3.75	4.95	-0.99	47	
6	3	23	1.84	4.66	3.45	-1.93	-1.68	48	
6	3	28	4.89	5.43	3.90	-2.55	-5.36	49	
6	3	33	2.43	1.28	6.38	4.86	-2.68	50	
6	3	38	4.74	5.67	6.17	3.77	-1.03	51	
6	3	43	2.89	1.98	2.26	-2.78	0.50	52	
6	7	3	2.78	4.14	3.34	-2.88	-0.09	53	
6	7	8	4.77	3.29	3.97	-9.81	2.49	54	
6	7	13	6.86	5.80	3.99	8.06	-0.03	55	
6	7	18	2.38	3.92	-2.34	-6.09	3.65	56	
6	7	23	3.67	2.65	3.47	-0.78	-5.43	57	
6	7	28	3.60	1.22	2.01	-0.56	-1.07	58	
6	7	33	3.46	4.91	1.73	0.12	-2.95	59	
6	7	38	3.85	26.68	-3.42	-23.56	-43.89	60	
6	7	43	18.82	-10.33	20.05	29.13	-13.83	61	
6	11	3	2.51	1.01	3.95	-3.49	2.06	62	
6	11	8	0.89	2.64	4.87	-2.67	1.86	63	
6	11	13	12.18	20.45	0.80	-11.82	-4.15	64	
6	11	18	-6.01	-13.42	24.41	16.76	-42.87	65	
6	11	23	3.73	4.49	2.05	-3.19	4.87	66	
6	11	28	5.67	1.90	6.66	3.96	3.28	67	
6	11	33	11.47	14.23	-0.95	-17.99	-5.33	68	
6	11	38	-17.30	-28.36	-0.41	-28.76	-11.57	69	
6	11	43	29.78	19.09	-0.20	36.33	10.08	70	
6	15	3	5.87	3.40	3.63	3.55	-3.59	71	
6	15	8	7.85	13.21	1.78	-6.14	-0.07	72	
6	15	13	-5.71	-5.12	0.87	-50.33	-59.23	73	
6	15	18	1.22	1.25	-10.23	61.24	29.44	74	
6	15	23	2.94	0.48	-0.97	-6.66	0.92	75	
6	15	28	4.48	2.21	2.18	6.75	-1.21	76	
6	15	33	1.67	3.51	6.09	-47.60	-26.79	77	
6	15	38	-27.13	-14.91	-5.43	25.45	25.38	78	
6	15	43	8.61	8.76	2.26	4.76	3.31	79	
6	19	3	3.23	10.08	0.90	-1.47	-6.22	80	
6	19	8	2.15	10.23	4.59	-44.53	-65.08	81	
6	19	13	-23.15	-36.64	13.04	40.33	29.35	82	
6	19	18	16.31	42.61	-0.74	-7.02	-15.68	83	
6	19	23	-12.34	-18.06	19.07	21.10	-52.72	84	
6	19	28	12.88	23.16	-2.36	-14.89	-18.40	85	
6	19	33	-25.66	-38.42	10.33	24.27	19.19	86	
6	19	38	-11.66	12.57	-0.11	7.24	32.98	87	
6	19	43	3.34	2.37	4.05	3.16	2.42	88	
6	23	3	24.68	18.60	-3.93	-50.35	-19.32	89	
6	23	8	-0.68	-22.38	-12.67	-4.70	10.14	90	
6	23	13	40.37	26.86	5.49	68.02	18.83	91	
6	23	18	-6.35	-12.09	4.98	-42.80	-44.33	92	
6	23	23	-20.38	-16.16	-19.10	70.79	15.88	93	
6	23	28	-18.50	-26.93	11.31	-24.98	-27.85	94	
6	23	33	12.56	25.30	-3.51	27.40	18.35	95	
6	23	38	3.94	2.96	3.17	0.98	-0.48	96	
6	23	43	4.22	3.78	3.85	4.23	-0.35	97	
6	27	3	7.50	-15.98	20.24	-27.49	30.56	98	
6	27	8	7.36	31.27	1.72	-59.78	10.63	99	
6	27	13	42.66	36.25	3.57	-20.67	-36.53	100	
6	27	18	0.84	-3.01	-11.59	-5.74	30.10	101	
6	27	23	40.02	43.70	8.59	6.35	-5.29	102	
6	27	28	-1.14	-3.29	-2.78	46.54	42.22	103	
6	27	33	4.65	7.01	5.09	0.35	5.13	104	
6	27	38	4.80	4.59	4.03	-0.99	0.34	105	
6	27	43	3.65	4.35	2.85	4.17	-1.49	106	
6	31	3	-0.42	1.39	0.44	3.39	0.76	107	
6	31	8	-44.76	-14.83	-6.99	-66.59	-17.57	108	
6	31	13	-19.39	-42.54	7.95	26.46	9.46	109	
6	31	18	2.67	9.73	11.44	-40.27	-6.72	110	
6	31	23	-10.11	-34.75	5.13	35.76	13.72	111	
6	31	28	9.95	16.11	1.88	11.36	5.99	112	
6	31	33	2.85	2.53	4.81	-2.59	-4.94	113	
6	31	38	4.13	1.82	4.20	1.09	-0.11	114	
6	31	43	3.03	3.55	1.37	-0.96	-0.11	115	
6	35	3	1.03	3.29	1.93	3.16	1.99	116	
6	35	8	-43.98	-31.37	-14.74	-44.00	39.81	117	
6	35	13	35.96	52.02	-12.01	16.04	33.28	118	
6	35	18	-13.41	-28.15	1.67	2.30	-5.12	119	
6	35	23	19.77	21.14	-1.66	47.24	24.48	120	
6	35	28	5.97	5.36	-0.72	-2.10	0.87	121	
6	35	33	0.15	2.10	2.37	6.14	3.32	122	
6	35	38	0.39	5.95	3.16	-1.10	-4.29	123	
6	35	43	4.33	3.04	5.13	-0.05	0.79	124	
6	39	3	4.18	3.46	3.20	-0.67	-2.44	125	
6	39	8	-1.11	11.78	20.00	-3.28	26.01	126	
6	39	13	20.99	-7.09	5.10	-62.08	-4.78	127	
6	39	18	1.79	6.36	2.20	41.19	48.61	128	
6	39	23	3.97	8.27	-0.62	5.18	1.10	129	
6	39	28	9.84	16.13	1.55	-10.89	-10.66	130	
6	39	33	-3.26	14.96	-2.63	-25.47	-73.72	131	
6	39	38	11.85	-12.95	26.86	39.24	-29.71	132	
6	39	43	5.49	5.05	3.93	2.36	-0.59	133	
6	43	3	2.91	2.46	3.91	0.50	2.83	134	
6	43	8	3.22	1.04	1.34	-3.18	0.97	135	
6	43	13	-0.23	0.09	17.19	-3.17	18.50	136	
6	43	18	3.08	15.90	-2.18	1.89	2.85	137	
6	43	23	6.33	12.81	-0.34	-6.42	-11.73	138	
6	43	28	8.36	5.44	5.80	-49.45	-51.48	139	
6	43	33	-3.74	-34.59	-6.51	-2.98	11.35	140	
6	43	38	16.78	3.07	-7.38	75.64	4.26	141	
6	43	43	5.45	0.89	4.34	3.92	-3.87	142	
