143
diam	c	r	EConv0	EConv1	EConv2	OConv0	OConv1
6	3	3	-1.16	-27.26	-22.61	4.11	-42.18	44	
6	3	8	-5.61	-37.02	-33.53	-7.00	-17.75	45	
6	3	13	3.13	-32.27	-34.33	-3.43	-17.95	46	
6	3	18	0.33	-36.14	-34.84	-3.05	-2.14	47	
6	3	23	-0.38	-38.66	-39.05	-2.02	-12.33	48	
6	3	28	3.17	-38.47	-36.44	-5.06	-7.44	49	
6	3	33	12.01	-26.11	-26.01	-2.06	-3.68	50	
6	3	38	-11.17	-13.05	-6.88	6.90	-31.01	51	
6	3	43	0.11	-35.97	-24.45	4.34	27.65	52	
6	7	3	-0.26	24.49	21.16	3.79	34.64	53	
6	7	8	5.81	24.62	24.86	-0.58	22.23	54	
6	7	13	4.64	19.16	21.06	-2.97	21.06	55	
6	7	18	4.33	16.97	17.33	5.19	15.13	56	
6	7	23	-0.82	16.89	15.36	-0.83	18.31	57	
6	7	28	2.83	19.98	22.05	0.35	17.86	58	
6	7	33	3.71	26.46	5.52	-69.77	-30.57	59	
6	7	38	-9.22	-0.56	-9.05	4.31	-2.21	60	
6	7	43	23.94	10.61	15.67	30.26	-2.48	61	
6	11	3	2.66	3.09	2.17	0.44	0.22	62	
6	11	8	3.67	3.97	2.98	0.89	-0.89	63	
6	11	13	2.87	1.22	2.96	-3.63	-2.47	64	
6	11	18	2.97	3.62	-0.05	-0.42	-2.00	65	
6	11	23	5.03	2.36	6.78	2.67	-0.64	66	
6	11	28	0.10	2.01	1.41	-1.82	0.17	67	
6	11	33	-35.40	-26.83	-23.92	-55.92	11.51	68	
6	11	38	-2.09	-6.09	1.03	0.44	2.91	69	
6	11	43	30.03	13.20	1.48	32.51	5.66	70	
6	15	3	2.47	3.46	1.98	-1.56	-0.31	71	
6	15	8	4.23	3.96	3.43	-0.97	-2.33	72	
6	15	13	4.30	2.09	4.23	1.83	2.48	73	
6	15	18	2.32	2.70	3.27	-1.79	2.57	74	
6	15	23	-0.72	5.70	5.45	3.19	-10.11	75	
6	15	28	1.85	2.36	2.53	-2.28	2.09	76	
6	15	33	18.83	7.34	22.39	-49.95	35.55	77	
6	15	38	-24.06	-23.77	2.09	50.52	27.24	78	
6	15	43	4.74	7.88	1.77	3.15	1.69	79	
6	19	3	2.48	2.72	3.71	-1.64	-0.78	80	
6	19	8	3.21	4.41	4.98	0.05	1.24	81	
6	19	13	3.57	5.08	1.39	-2.38	-2.18	82	
6	19	18	7.52	11.61	4.84	-6.83	-9.09	83	
6	19	23	-9.84	-15.47	3.02	31.83	-0.17	84	
6	19	28	1.68	3.10	1.46	0.78	-2.63	85	
6	19	33	14.60	13.07	10.94	-42.22	-30.74	86	
6	19	38	22.50	30.21	-0.29	43.72	36.26	87	
6	19	43	4.52	4.97	2.79	2.19	3.34	88	
6	23	3	2.37	4.06	1.17	-1.06	-2.16	89	
6	23	8	-5.08	10.34	10.50	-5.64	-23.56	90	
6	23	13	2.32	4.29	3.24	-2.20	-4.20	91	
6	23	18	-0.03	5.29	-2.48	-34.85	-26.00	92	
6	23	23	15.99	15.77	-6.37	26.61	13.01	93	
6	23	28	15.30	21.59	-0.19	-27.83	-22.56	94	
6	23	33	-4.00	-22.11	13.36	26.63	27.79	95	
6	23	38	2.99	5.34	1.24	4.41	3.03	96	
6	23	43	2.69	1.14	1.95	-0.33	1.70	97	
6	27	3	7.62	2.71	4.96	-8.10	-2.97	98	
6	27	8	-25.94	-12.52	-11.61	6.05	0.43	99	
6	27	13	7.61	18.42	2.27	-19.28	-14.99	100	
6	27	18	-10.49	-7.07	-2.59	-18.48	9.75	101	
6	27	23	14.16	25.33	7.47	-11.69	-17.95	102	
6	27	28	-17.68	-49.09	2.91	-9.20	-0.30	103	
6	27	33	12.13	21.52	-3.41	12.38	16.84	104	
6	27	38	0.49	6.27	3.22	-0.29	-4.42	105	
6	27	43	1.92	3.53	4.53	0.67	-4.05	106	
6	31	3	1.33	3.03	4.46	-2.70	5.14	107	
6	31	8	-33.55	0.37	0.57	2.02	-4.19	108	
6	31	13	-20.09	-25.62	4.16	5.84	6.94	109	
6	31	18	-27.97	0.98	-16.29	-40.92	-6.14	110	
6	31	23	-12.38	-44.93	1.83	10.39	4.63	111	
6	31	28	13.90	45.83	2.82	6.48	14.77	112	
6	31	33	0.62	14.89	2.80	-33.86	-75.65	113	
6	31	38	-11.39	-22.19	-0.97	38.07	-48.08	114	
6	31	43	0.28	1.94	2.14	1.37	1.09	115	
6	35	3	3.91	1.76	0.05	-4.02	-3.78	116	
6	35	8	-25.95	-22.42	-0.49	1.32	0.92	117	
6	35	13	8.11	16.05	2.21	11.74	11.63	118	
6	35	18	-8.27	-17.66	12.74	-23.23	36.05	119	
6	35	23	16.64	48.42	-1.28	4.85	7.30	120	
6	35	28	-3.15	-42.29	2.03	-27.61	-42.77	121	
6	35	33	-2.66	-22.78	-5.46	29.73	71.39	122	
6	35	38	-35.65	4.79	-28.68	2.39	7.38	123	
6	35	43	11.08	2.39	6.98	9.43	-0.05	124	
6	39	3	6.87	3.57	4.97	-6.74	-2.31	125	
6	39	8	-0.54	12.43	-3.24	26.61	33.24	126	
6	39	13	4.20	2.04	3.56	-2.57	0.76	127	
6	39	18	9.72	24.04	-5.04	-6.20	-16.84	128	
6	39	23	-13.79	-52.70	-0.13	-19.09	-9.49	129	
6	39	28	6.41	30.68	7.69	27.89	49.32	130	
6	39	33	4.73	16.01	3.27	-3.27	-6.39	131	
6	39	38	-61.47	-28.63	0.61	-4.40	9.52	132	
6	39	43	6.65	6.01	1.90	8.79	3.85	133	
6	43	3	0.98	1.92	3.67	-0.15	3.16	134	
6	43	8	5.49	5.85	-0.04	-4.63	-3.49	135	
6	43	13	4.45	6.30	5.65	-1.13	-2.47	136	
6	43	18	-12.34	-29.21	5.71	-28.94	-25.05	137	
6	43	23	12.56	25.95	8.13	21.65	19.41	138	
6	43	28	3.99	0.39	3.51	0.45	-2.39	139	
6	43	33	12.14	18.88	-0.31	-38.10	-31.95	140	
6	43	38	-0.22	-3.52	-1.60	45.11	28.74	141	
6	43	43	2.08	2.02	1.19	1.30	-2.09	142	
