143
diam	c	r	EConv0	EConv1	EConv2	OConv0	OConv1
6	3	3	4.02	3.01	3.35	2.33	-0.65	44	
6	3	8	4.78	4.43	1.67	-2.70	0.95	45	
6	3	13	4.65	-0.26	3.54	5.30	-2.17	46	
6	3	18	4.19	2.73	3.94	-0.04	-1.38	47	
6	3	23	3.10	2.72	5.15	0.79	-1.04	48	
6	3	28	2.88	4.93	4.28	-1.47	-1.65	49	
6	3	33	15.78	44.59	0.92	-33.59	-41.85	50	
6	3	38	-16.27	-44.10	-34.65	-11.07	-84.41	51	
6	3	43	16.82	3.44	43.90	45.82	-63.17	52	
6	7	3	3.05	3.23	0.43	1.17	2.05	53	
6	7	8	2.61	1.90	4.13	1.54	-0.26	54	
6	7	13	3.90	7.08	1.93	-0.97	2.55	55	
6	7	18	4.52	3.64	4.85	1.13	0.52	56	
6	7	23	1.05	3.55	-0.15	-0.79	-0.20	57	
6	7	28	15.64	13.08	-3.01	-13.92	-7.40	58	
6	7	33	-15.92	-35.84	4.86	-39.49	-34.52	59	
6	7	38	-7.24	-29.67	9.76	38.31	44.87	60	
6	7	43	-42.21	25.98	-46.44	-9.40	43.22	61	
6	11	3	6.04	5.97	5.72	-3.91	0.59	62	
6	11	8	3.47	4.45	1.55	-5.33	1.53	63	
6	11	13	3.02	1.42	4.00	0.72	-2.05	64	
6	11	18	3.92	4.63	3.27	0.40	0.57	65	
6	11	23	2.58	1.25	4.78	0.29	1.18	66	
6	11	28	23.46	0.55	12.40	-22.53	3.10	67	
6	11	33	-15.69	-32.50	-15.20	19.37	72.47	68	
6	11	38	13.34	40.40	-3.74	24.97	39.99	69	
6	11	43	-53.57	-33.84	12.02	-16.90	-7.85	70	
6	15	3	1.50	1.27	3.07	-1.60	-1.22	71	
6	15	8	5.00	2.60	4.53	-3.05	1.05	72	
6	15	13	2.79	2.09	0.70	0.47	2.05	73	
6	15	18	4.90	2.51	1.06	-3.58	-0.45	74	
6	15	23	1.95	1.63	0.59	3.67	-2.92	75	
6	15	28	0.43	2.43	4.36	-1.46	0.44	76	
6	15	33	5.68	16.15	10.22	2.63	3.69	77	
6	15	38	15.81	21.44	0.83	-17.60	-12.40	78	
6	15	43	-20.36	-15.17	-0.14	69.68	15.24	79	
6	19	3	1.15	3.16	2.50	1.75	-2.86	80	
6	19	8	3.14	3.58	4.37	1.21	-1.66	81	
6	19	13	2.94	3.92	5.84	-0.68	0.42	82	
6	19	18	3.65	3.43	3.00	-4.69	0.75	83	
6	19	23	3.40	2.74	2.78	0.39	0.34	84	
6	19	28	2.16	5.00	5.39	3.48	-3.01	85	
6	19	33	2.46	2.88	2.56	-0.68	-1.82	86	
6	19	38	-5.73	-17.67	8.29	-53.00	-31.52	87	
6	19	43	18.26	27.84	-4.94	28.41	18.03	88	
6	23	3	2.76	3.04	4.20	-1.68	-0.65	89	
6	23	8	2.90	2.86	2.95	0.92	-1.69	90	
6	23	13	2.43	1.27	0.22	0.83	-1.70	91	
6	23	18	3.19	5.67	4.28	-2.01	-2.58	92	
6	23	23	2.52	4.45	4.99	-3.29	1.02	93	
6	23	28	1.78	3.53	2.61	0.04	1.06	94	
6	23	33	18.38	46.56	0.16	-40.38	-44.34	95	
6	23	38	0.80	-16.30	9.37	62.66	29.33	96	
6	23	43	3.85	8.50	5.69	1.65	2.41	97	
6	27	3	5.42	5.32	3.15	0.86	0.94	98	
6	27	8	5.44	13.58	-1.28	-7.22	-7.40	99	
6	27	13	-14.54	-7.99	-1.34	-20.23	-72.15	100	
6	27	18	41.21	23.76	0.70	-36.51	-20.48	101	
6	27	23	36.00	-2.11	9.51	41.88	-10.45	102	
6	27	28	12.58	37.10	1.46	-47.74	-53.62	103	
6	27	33	-15.31	-69.51	7.98	35.80	36.21	104	
6	27	38	26.34	32.33	-3.13	0.26	11.91	105	
6	27	43	-17.39	-37.15	-2.74	63.66	-42.60	106	
6	31	3	7.13	6.63	2.39	-3.22	-2.33	107	
6	31	8	-0.84	-3.11	8.70	-58.70	-66.05	108	
6	31	13	17.00	30.61	8.00	56.06	49.42	109	
6	31	18	-17.72	-8.96	9.29	-57.47	-50.90	110	
6	31	23	26.27	52.41	12.17	-21.33	-63.62	111	
6	31	28	-22.55	-64.29	7.78	10.30	15.13	112	
6	31	33	21.83	32.32	-2.87	29.88	23.23	113	
6	31	38	7.59	1.17	9.05	-5.00	4.78	114	
6	31	43	1.16	43.37	4.89	14.50	45.66	115	
6	35	3	14.66	2.15	3.98	-10.18	-3.51	116	
6	35	8	-13.62	-25.59	-36.14	-12.59	36.17	117	
6	35	13	35.44	13.40	20.30	-5.91	-74.99	118	
6	35	18	34.47	4.45	21.19	6.91	76.96	119	
6	35	23	-12.89	-33.27	-39.56	-2.27	30.14	120	
6	35	28	11.80	24.59	-10.55	65.06	44.50	121	
6	35	33	5.59	5.63	3.52	2.24	1.23	122	
6	35	38	2.62	2.63	3.95	1.72	-1.94	123	
6	35	43	3.52	0.11	3.79	-1.33	-2.70	124	
6	39	3	-0.47	3.15	3.62	-3.02	5.13	125	
6	39	8	31.97	48.12	23.89	-50.95	-17.26	126	
6	39	13	0.25	1.89	5.52	51.29	65.22	127	
6	39	18	6.73	4.01	4.85	5.88	-0.09	128	
6	39	23	3.42	31.32	34.52	1.76	21.57	129	
6	39	28	3.25	8.35	3.04	2.23	0.11	130	
6	39	33	5.04	4.03	4.52	0.48	0.37	131	
6	39	38	2.65	4.31	3.44	1.30	0.70	132	
6	39	43	1.01	3.97	3.20	3.09	-0.20	133	
6	43	3	3.47	4.25	4.28	-3.38	-0.08	134	
6	43	8	-30.50	-46.84	-10.63	-63.58	27.95	135	
6	43	13	20.28	20.79	-0.08	18.67	15.31	136	
6	43	18	1.54	7.28	-1.04	-1.75	-0.24	137	
6	43	23	0.47	1.24	3.65	-3.15	-1.66	138	
6	43	28	2.42	1.31	4.22	0.95	2.64	139	
6	43	33	3.71	3.98	2.21	-0.18	-0.65	140	
6	43	38	3.68	3.20	3.02	-0.93	-0.17	141	
6	43	43	1.00	3.15	1.93	0.58	1.05	142	
