143
diam	c	r	EConv0	EConv1	EConv2	OConv0	OConv1
6	3	3	10.64	16.27	2.96	-12.44	-8.32	44	
6	3	8	-30.42	-55.22	10.38	7.50	-2.09	45	
6	3	13	-49.72	4.74	-17.67	9.75	14.49	46	
6	3	18	3.27	2.97	3.22	3.04	1.17	47	
6	3	23	-0.36	1.94	0.99	1.17	1.50	48	
6	3	28	3.58	3.31	2.05	-2.92	0.60	49	
6	3	33	1.83	2.14	2.29	-3.40	0.36	50	
6	3	38	0.24	8.99	4.50	-3.74	-11.01	51	
6	3	43	2.19	0.04	7.08	3.37	-3.31	52	
6	7	3	-6.99	-6.91	-2.75	-50.13	-43.45	53	
6	7	8	23.58	27.09	-0.37	42.95	26.57	54	
6	7	13	-48.58	-19.53	4.58	19.88	-1.89	55	
6	7	18	1.97	3.46	1.74	-1.99	-3.64	56	
6	7	23	3.08	2.33	4.33	0.63	-2.95	57	
6	7	28	4.71	4.32	5.58	-1.03	-2.42	58	
6	7	33	6.26	3.93	2.84	-5.26	-0.42	59	
6	7	38	-6.67	-7.92	-5.03	-9.70	-16.64	60	
6	7	43	2.84	-1.90	6.93	24.09	-11.99	61	
6	11	3	-19.64	-29.25	1.61	40.98	43.74	62	
6	11	8	19.67	36.54	8.02	-34.30	-43.42	63	
6	11	13	9.20	3.02	2.12	60.45	22.00	64	
6	11	18	3.06	4.30	3.73	-1.96	-0.13	65	
6	11	23	3.77	3.58	3.98	1.96	-0.47	66	
6	11	28	3.39	3.67	4.87	2.21	2.69	67	
6	11	33	12.28	7.47	2.73	-16.15	-0.52	68	
6	11	38	2.19	-4.33	0.21	6.27	15.55	69	
6	11	43	-10.08	0.44	-8.03	25.17	6.56	70	
6	15	3	11.36	22.27	-3.72	10.85	-2.43	71	
6	15	8	-32.52	-44.14	-11.60	-1.89	18.93	72	
6	15	13	12.96	16.46	-4.29	17.50	2.20	73	
6	15	18	0.82	-0.35	1.34	-3.09	-10.34	74	
6	15	23	2.62	-0.95	-1.59	-1.01	-10.39	75	
6	15	28	3.01	-2.21	-3.99	0.41	-13.87	76	
6	15	33	5.44	-4.17	3.80	-1.57	-5.12	77	
6	15	38	7.22	13.21	5.37	1.62	2.93	78	
6	15	43	-10.15	-0.54	2.42	13.42	-13.59	79	
6	19	3	2.95	-0.55	8.02	0.58	8.64	80	
6	19	8	-4.42	16.25	7.58	2.09	23.22	81	
6	19	13	2.86	1.69	3.55	0.42	8.96	82	
6	19	18	-0.09	2.43	0.73	-2.88	10.59	83	
6	19	23	3.28	8.60	9.12	-1.47	6.76	84	
6	19	28	4.13	3.95	6.11	3.23	11.57	85	
6	19	33	0.38	4.07	4.49	2.21	9.19	86	
6	19	38	9.79	22.51	3.26	-26.84	-15.80	87	
6	19	43	8.90	4.53	-1.58	28.87	19.68	88	
6	23	3	5.18	8.36	4.03	1.48	3.80	89	
6	23	8	1.17	3.65	2.57	-0.54	-0.63	90	
6	23	13	9.02	27.49	2.91	-14.31	-27.47	91	
6	23	18	26.17	10.40	11.83	-2.13	-16.90	92	
6	23	23	-5.12	-24.32	6.48	43.83	-22.69	93	
6	23	28	1.70	2.09	3.23	0.89	1.33	94	
6	23	33	6.26	16.36	2.73	-5.77	-8.56	95	
6	23	38	-37.86	-54.53	4.00	-1.87	-3.49	96	
6	23	43	7.79	10.27	2.01	5.55	4.59	97	
6	27	3	5.30	3.61	4.16	-2.02	-1.12	98	
6	27	8	6.69	20.81	-0.69	-15.45	-11.91	99	
6	27	13	-6.68	-21.16	14.08	-23.39	-22.64	100	
6	27	18	51.12	29.18	-1.36	-32.50	-2.26	101	
6	27	23	16.63	4.83	4.13	65.10	13.33	102	
6	27	28	6.41	20.22	3.98	-6.45	-14.21	103	
6	27	33	-8.89	-27.94	-1.12	-36.14	-41.61	104	
6	27	38	16.99	27.34	-6.05	38.63	30.04	105	
6	27	43	8.83	16.10	2.95	-19.62	-25.33	106	
6	31	3	1.90	1.98	4.60	-1.13	1.31	107	
6	31	8	-13.56	-3.91	-6.20	-60.86	-29.87	108	
6	31	13	-11.73	-15.19	0.59	31.59	21.51	109	
6	31	18	12.66	-3.93	8.24	-56.44	-3.55	110	
6	31	23	28.11	42.55	1.43	18.80	-46.08	111	
6	31	28	-6.28	-50.74	-2.99	-15.45	-35.66	112	
6	31	33	11.84	17.85	3.30	43.83	45.57	113	
6	31	38	5.01	25.42	5.26	-26.91	-48.32	114	
6	31	43	-4.50	-27.88	7.79	19.06	12.38	115	
6	35	3	2.37	1.97	3.24	3.76	-0.92	116	
6	35	8	-49.71	-30.83	0.90	-26.37	12.29	117	
6	35	13	17.83	44.67	0.19	14.28	20.43	118	
6	35	18	-4.74	-24.73	10.36	-22.55	-9.32	119	
6	35	23	-11.19	-35.75	-12.30	11.59	49.08	120	
6	35	28	11.15	51.36	10.23	20.31	51.52	121	
6	35	33	0.18	6.07	9.16	-32.24	-60.04	122	
6	35	38	-4.74	-24.38	-3.74	26.10	53.08	123	
6	35	43	12.55	28.42	-5.02	-3.06	2.91	124	
6	39	3	0.44	4.76	-1.04	-0.27	0.64	125	
6	39	8	-37.77	8.64	1.22	30.53	-14.15	126	
6	39	13	-8.56	-40.38	8.52	-28.15	-49.72	127	
6	39	18	20.44	22.13	6.75	32.33	30.58	128	
6	39	23	8.27	35.35	1.55	-3.17	-5.24	129	
6	39	28	-5.83	-31.44	-2.83	-36.75	-55.91	130	
6	39	33	0.35	2.91	4.05	34.66	55.70	131	
6	39	38	7.78	7.73	-0.83	5.00	4.02	132	
6	39	43	8.77	-2.89	-2.03	-35.20	-3.07	133	
6	43	3	16.52	9.09	6.00	-7.19	-2.28	134	
6	43	8	-16.25	-30.90	-21.42	-9.67	0.94	135	
6	43	13	11.22	16.84	1.52	54.58	53.36	136	
6	43	18	6.98	30.76	3.74	-18.36	-25.87	137	
6	43	23	-8.19	-41.88	5.34	-27.64	-44.12	138	
6	43	28	6.51	15.80	4.81	35.13	55.67	139	
6	43	33	4.55	10.73	4.28	3.69	0.24	140	
6	43	38	3.74	-2.74	2.30	1.64	-1.70	141	
6	43	43	4.00	0.17	14.16	-7.79	10.27	142	
