143
diam	c	r	EConv0	EConv1	EConv2	OConv0	OConv1
6	3	3	4.38	3.30	2.90	0.54	-1.11	44	
6	3	8	12.15	21.63	5.07	-14.67	-12.25	45	
6	3	13	-12.63	-7.38	-18.29	-17.78	-75.57	46	
6	3	18	-22.44	-62.98	6.85	0.04	-13.09	47	
6	3	23	14.60	35.18	2.07	35.21	36.17	48	
6	3	28	3.90	5.16	4.25	-2.20	-4.25	49	
6	3	33	4.29	2.45	2.91	-4.74	1.69	50	
6	3	38	-4.46	34.44	4.90	-11.29	-35.18	51	
6	3	43	6.81	1.61	15.56	4.36	-9.71	52	
6	7	3	3.66	3.40	3.03	-1.69	-0.83	53	
6	7	8	-4.29	-17.17	-10.10	-61.34	-44.22	54	
6	7	13	1.71	-39.41	-5.39	26.93	68.81	55	
6	7	18	11.44	41.05	0.24	33.57	61.54	56	
6	7	23	4.29	5.04	3.42	-0.90	2.51	57	
6	7	28	0.89	2.17	4.69	-1.96	0.40	58	
6	7	33	4.47	2.03	3.04	-2.40	-2.70	59	
6	7	38	-26.40	-27.83	-33.56	-70.83	-11.00	60	
6	7	43	28.90	-7.87	20.85	63.68	-20.42	61	
6	11	3	4.96	1.28	3.02	-2.78	2.24	62	
6	11	8	-21.71	-5.47	5.66	7.22	69.05	63	
6	11	13	8.27	23.40	3.96	4.86	10.72	64	
6	11	18	3.01	-4.41	3.01	1.44	-5.21	65	
6	11	23	3.52	2.94	0.60	-1.16	-1.90	66	
6	11	28	8.07	23.35	6.63	-10.37	-12.51	67	
6	11	33	6.52	0.88	14.19	7.98	-6.75	68	
6	11	38	11.12	0.08	35.08	-37.40	47.07	69	
6	11	43	17.11	10.62	-5.95	75.31	12.71	70	
6	15	3	1.47	3.65	2.00	1.88	-1.99	71	
6	15	8	8.29	9.07	-3.22	-4.37	-14.18	72	
6	15	13	-14.69	-10.60	3.04	-8.57	-45.14	73	
6	15	18	7.57	3.74	1.16	4.29	0.01	74	
6	15	23	7.85	9.71	1.97	-6.19	-4.64	75	
6	15	28	-11.73	-24.20	8.12	-24.76	-21.87	76	
6	15	33	17.01	13.06	0.79	21.86	8.67	77	
6	15	38	26.41	19.87	5.06	-21.38	-13.06	78	
6	15	43	24.43	11.99	2.36	44.50	11.85	79	
6	19	3	6.74	3.99	4.53	0.15	1.63	80	
6	19	8	0.82	4.41	-8.71	-52.01	-50.16	81	
6	19	13	7.75	0.68	-1.38	54.49	32.35	82	
6	19	18	5.28	3.74	5.53	-1.59	-0.99	83	
6	19	23	14.65	16.04	-6.17	-36.68	-22.34	84	
6	19	28	-0.95	-6.68	-3.28	43.41	27.57	85	
6	19	33	6.42	5.21	-0.28	-1.00	-2.30	86	
6	19	38	-4.12	-15.48	10.54	-28.55	-19.52	87	
6	19	43	15.06	15.14	-0.45	15.46	7.53	88	
6	23	3	6.88	4.34	3.75	-1.05	-1.62	89	
6	23	8	-42.88	-38.07	19.19	13.22	17.33	90	
6	23	13	7.50	18.25	-1.19	12.59	11.23	91	
6	23	18	7.91	25.24	-0.98	-17.77	-19.83	92	
6	23	23	-21.67	-40.50	21.80	9.99	-14.65	93	
6	23	28	10.95	17.32	-6.14	0.12	12.16	94	
6	23	33	-0.80	15.04	-3.07	-25.79	-50.36	95	
6	23	38	2.18	-1.32	4.03	39.35	24.95	96	
6	23	43	2.02	3.41	3.63	1.97	-0.50	97	
6	27	3	13.16	12.28	0.34	-10.76	-5.77	98	
6	27	8	-20.18	3.95	-34.45	4.35	-27.63	99	
6	27	13	31.70	8.73	23.72	31.44	-39.58	100	
6	27	18	-4.49	-50.05	4.35	-13.32	-8.58	101	
6	27	23	-9.28	24.14	-36.62	11.99	-15.31	102	
6	27	28	3.80	-41.49	-16.98	-9.62	-67.95	103	
6	27	33	-4.12	-21.74	3.02	32.67	47.22	104	
6	27	38	6.97	13.14	0.41	5.66	10.00	105	
6	27	43	2.00	4.69	2.03	0.83	-0.70	106	
6	31	3	10.10	-4.54	14.19	-8.11	9.39	107	
6	31	8	17.32	24.65	4.25	-23.92	68.29	108	
6	31	13	-8.42	-28.29	-12.48	24.08	-0.72	109	
6	31	18	12.69	29.82	5.57	18.73	18.81	110	
6	31	23	-1.73	-6.67	24.87	-28.01	60.78	111	
6	31	28	2.20	24.53	1.50	23.10	55.93	112	
6	31	33	5.73	13.59	5.14	2.50	4.37	113	
6	31	38	-0.12	-0.14	-0.76	1.33	-4.92	114	
6	31	43	3.46	2.86	3.27	-0.29	-2.32	115	
6	35	3	5.21	4.52	0.16	3.59	-2.05	116	
6	35	8	1.76	-0.06	2.65	-54.47	-43.66	117	
6	35	13	15.33	25.82	6.47	42.32	40.82	118	
6	35	18	2.63	5.92	3.49	0.42	1.45	119	
6	35	23	4.45	2.97	1.94	3.37	-1.80	120	
6	35	28	2.64	-0.40	1.83	-2.13	-2.75	121	
6	35	33	2.72	0.52	3.27	-1.11	-0.13	122	
6	35	38	1.79	3.08	2.03	-4.69	3.55	123	
6	35	43	2.96	2.11	0.94	1.19	-1.54	124	
6	39	3	8.50	8.48	-0.87	-6.04	-3.16	125	
6	39	8	-58.75	-47.84	-2.62	12.35	9.55	126	
6	39	13	7.04	5.44	0.24	2.48	-1.27	127	
6	39	18	4.24	2.97	3.32	1.80	-0.38	128	
6	39	23	2.75	3.72	3.33	1.30	-4.00	129	
6	39	28	3.19	2.35	3.19	-1.18	-1.50	130	
6	39	33	4.42	3.49	3.43	1.88	0.57	131	
6	39	38	0.26	2.04	3.31	-4.52	-2.70	132	
6	39	43	4.80	3.95	3.22	-3.26	2.05	133	
6	43	3	10.46	-1.07	11.71	-5.22	4.83	134	
6	43	8	1.29	27.88	-5.04	26.91	40.36	135	
6	43	13	3.85	4.64	3.17	-1.79	0.20	136	
6	43	18	3.07	3.91	4.08	1.68	-3.93	137	
6	43	23	1.25	3.53	1.88	-0.87	-0.21	138	
6	43	28	3.87	3.33	4.14	-0.08	-1.11	139	
6	43	33	4.52	3.56	4.42	3.11	-0.44	140	
6	43	38	-1.41	0.90	2.47	-2.08	3.58	141	
6	43	43	5.22	3.32	3.12	-4.54	2.91	142	
