143
diam	c	r	EConv0	EConv1	EConv2	OConv0	OConv1
6	3	3	0.22	-6.14	-4.02	-2.81	-7.62	44	
6	3	8	0.81	-1.22	-13.47	-1.81	-10.33	45	
6	3	13	6.37	-9.00	-3.07	4.69	-13.62	46	
6	3	18	4.19	-7.85	-4.43	-0.77	-10.46	47	
6	3	23	1.36	-7.25	-13.15	-0.05	-17.34	48	
6	3	28	3.09	-9.73	-8.81	0.18	-17.88	49	
6	3	33	8.29	11.11	-17.90	-29.38	-46.85	50	
6	3	38	-12.65	-26.56	-20.27	18.59	-79.70	51	
6	3	43	12.79	-9.09	4.66	16.35	-27.35	52	
6	7	3	1.73	2.85	4.92	-3.59	32.78	53	
6	7	8	-0.42	-0.01	3.37	0.93	31.95	54	
6	7	13	4.89	1.04	-0.81	-6.07	32.79	55	
6	7	18	3.98	4.30	1.89	8.25	31.09	56	
6	7	23	2.98	8.09	12.72	-4.47	34.01	57	
6	7	28	6.60	8.15	5.01	-5.20	34.95	58	
6	7	33	-14.32	-1.41	-14.17	-76.64	6.36	59	
6	7	38	-5.95	-0.52	-4.11	6.79	9.18	60	
6	7	43	26.95	1.66	5.68	36.54	24.30	61	
6	11	3	4.11	4.87	6.07	4.13	-2.82	62	
6	11	8	0.70	4.10	4.14	-0.42	-0.77	63	
6	11	13	5.72	3.24	3.79	0.35	-1.62	64	
6	11	18	5.42	2.98	3.38	3.22	-3.77	65	
6	11	23	1.76	2.74	1.67	-2.17	-0.20	66	
6	11	28	5.65	5.09	8.48	0.49	-1.45	67	
6	11	33	-7.62	-4.38	-4.72	-85.63	28.70	68	
6	11	38	-11.38	-7.97	2.25	12.00	8.98	69	
6	11	43	28.33	18.70	6.92	26.45	11.11	70	
6	15	3	1.53	2.11	-0.52	1.00	1.66	71	
6	15	8	0.25	2.19	1.47	-1.95	1.04	72	
6	15	13	6.37	12.36	0.54	-5.37	-7.81	73	
6	15	18	-0.35	-6.18	10.73	17.23	-16.23	74	
6	15	23	6.17	3.54	6.20	2.11	-1.02	75	
6	15	28	3.85	2.66	2.85	1.18	0.39	76	
6	15	33	30.00	-5.87	26.35	-56.06	23.39	77	
6	15	38	-35.58	-19.04	-13.03	39.50	19.00	78	
6	15	43	13.10	8.93	4.23	8.94	0.54	79	
6	19	3	3.54	4.97	4.13	-2.92	-1.20	80	
6	19	8	2.25	2.93	3.19	-2.82	-2.66	81	
6	19	13	4.93	3.76	-0.32	-28.69	-16.18	82	
6	19	18	16.47	16.68	-1.08	19.91	6.20	83	
6	19	23	5.86	2.61	1.78	3.08	-7.34	84	
6	19	28	5.68	4.00	4.93	3.82	-1.45	85	
6	19	33	10.04	6.84	11.21	-7.75	-0.39	86	
6	19	38	-21.08	6.84	1.76	25.92	35.35	87	
6	19	43	2.40	5.37	1.80	2.94	0.34	88	
6	23	3	5.47	4.04	0.27	-6.27	-0.22	89	
6	23	8	5.60	9.41	4.72	-5.98	-16.18	90	
6	23	13	-17.40	-23.75	10.78	7.53	-1.38	91	
6	23	18	-20.09	-2.10	-4.67	-21.53	-35.88	92	
6	23	23	6.61	5.54	4.52	2.41	4.32	93	
6	23	28	6.95	5.20	4.82	1.14	3.18	94	
6	23	33	16.37	15.05	2.81	-24.45	-13.96	95	
6	23	38	16.13	9.53	2.08	28.43	10.99	96	
6	23	43	3.44	2.53	3.61	-0.40	3.99	97	
6	27	3	15.88	16.93	4.86	-18.53	-13.35	98	
6	27	8	2.74	-8.55	3.58	-0.13	-26.07	99	
6	27	13	28.75	39.34	-5.25	2.80	2.48	100	
6	27	18	-33.35	-18.53	-7.48	22.37	13.34	101	
6	27	23	6.96	5.05	3.90	0.28	1.34	102	
6	27	28	3.64	3.25	2.13	5.03	-5.82	103	
6	27	33	-23.64	-19.14	4.82	-15.95	-10.33	104	
6	27	38	10.57	9.84	1.40	3.39	5.00	105	
6	27	43	5.96	3.29	4.69	2.16	-0.41	106	
6	31	3	-2.35	-4.23	-5.13	-47.53	-19.77	107	
6	31	8	-4.96	9.22	2.08	25.22	3.44	108	
6	31	13	-14.44	-36.56	9.91	-7.61	-10.05	109	
6	31	18	-29.21	-4.87	5.70	26.11	8.17	110	
6	31	23	0.97	2.65	2.84	-1.62	1.19	111	
6	31	28	10.95	20.48	-3.90	-24.13	-13.39	112	
6	31	33	-7.62	-11.74	5.28	39.65	11.39	113	
6	31	38	5.58	4.48	6.48	2.55	-0.05	114	
6	31	43	3.17	4.35	3.04	3.87	0.20	115	
6	35	3	-7.98	-5.78	11.33	-11.01	35.05	116	
6	35	8	-20.38	-14.77	-12.45	-17.55	4.99	117	
6	35	13	22.09	25.62	-10.52	23.04	24.84	118	
6	35	18	-24.21	6.31	-2.55	42.60	-21.42	119	
6	35	23	9.33	22.01	10.00	-11.05	-22.14	120	
6	35	28	-14.54	-37.74	3.14	-18.78	-21.90	121	
6	35	33	19.22	18.18	6.23	25.48	19.23	122	
6	35	38	3.20	5.61	-2.55	-0.68	3.79	123	
6	35	43	3.01	2.92	3.92	1.34	-1.86	124	
6	39	3	7.42	4.89	3.55	-4.30	-2.89	125	
6	39	8	-6.41	12.12	11.01	9.23	36.23	126	
6	39	13	21.38	7.84	5.32	-22.27	1.08	127	
6	39	18	-7.59	-3.03	-26.99	-12.36	-10.76	128	
6	39	23	1.50	-40.24	-9.77	13.47	-32.29	129	
6	39	28	15.92	14.82	5.43	47.23	36.47	130	
6	39	33	8.00	34.40	-8.53	-30.46	-51.83	131	
6	39	38	17.11	-12.02	32.33	31.04	-31.82	132	
6	39	43	3.03	2.95	3.23	2.62	0.67	133	
6	43	3	4.93	4.40	4.19	-5.46	-0.19	134	
6	43	8	3.65	1.66	2.09	0.18	-6.02	135	
6	43	13	7.13	-0.01	12.98	-2.25	5.13	136	
6	43	18	-3.02	10.96	21.94	-17.93	61.85	137	
6	43	23	-0.02	27.57	15.91	17.61	57.22	138	
6	43	28	21.40	45.03	2.17	-31.81	-24.80	139	
6	43	33	-9.80	-32.03	7.07	-26.10	-28.04	140	
6	43	38	30.07	3.23	-0.85	81.81	12.97	141	
6	43	43	3.93	3.32	3.32	2.94	0.45	142	
