143
diam	c	r	EConv0	EConv1	EConv2	OConv0	OConv1
6	3	3	6.99	0.70	9.77	-4.78	3.76	44	
6	3	8	4.63	11.86	-0.56	2.42	6.68	45	
6	3	13	5.35	3.60	1.72	-1.39	-1.19	46	
6	3	18	9.63	8.74	0.36	-9.31	-7.87	47	
6	3	23	-23.28	-7.61	4.83	10.08	-51.23	48	
6	3	28	2.66	2.12	3.36	2.58	-0.01	49	
6	3	33	3.64	3.65	3.66	0.71	2.00	50	
6	3	38	4.99	1.18	2.43	-2.52	-1.14	51	
6	3	43	2.46	1.52	1.83	3.71	0.91	52	
6	7	3	1.33	1.96	0.86	-0.49	-2.22	53	
6	7	8	4.94	2.34	0.79	-7.04	-2.90	54	
6	7	13	7.30	1.45	4.63	-1.01	-0.36	55	
6	7	18	12.31	20.95	-2.31	-46.50	-35.30	56	
6	7	23	-18.22	-17.88	-2.96	55.86	20.60	57	
6	7	28	2.59	4.61	1.46	2.06	1.48	58	
6	7	33	2.35	3.96	2.42	1.45	-4.35	59	
6	7	38	1.28	2.30	2.12	3.34	0.88	60	
6	7	43	-0.90	23.50	1.57	-11.03	-22.14	61	
6	11	3	4.31	3.99	4.84	-1.81	2.29	62	
6	11	8	2.57	1.59	6.24	-2.62	2.69	63	
6	11	13	11.23	15.52	-1.52	-8.89	-8.77	64	
6	11	18	-26.56	-42.22	12.74	-16.87	-7.66	65	
6	11	23	13.59	23.14	-7.14	26.35	24.64	66	
6	11	28	2.22	1.04	2.51	4.24	-0.19	67	
6	11	33	1.74	3.43	2.64	-0.86	1.98	68	
6	11	38	5.99	12.95	-3.71	-2.82	-7.40	69	
6	11	43	-32.89	-23.45	-4.22	-42.31	-41.00	70	
6	15	3	5.86	3.03	2.04	0.45	0.26	71	
6	15	8	5.19	15.32	5.26	-5.20	-10.27	72	
6	15	13	6.53	5.94	-1.31	-53.65	-36.85	73	
6	15	18	3.03	7.10	1.23	54.07	37.75	74	
6	15	23	2.57	4.95	3.40	-0.72	1.57	75	
6	15	28	2.64	4.44	1.63	1.53	0.42	76	
6	15	33	3.14	7.49	3.05	-1.96	-1.63	77	
6	15	38	4.76	8.91	5.99	-54.74	-56.86	78	
6	15	43	-2.51	-27.24	8.01	40.05	48.79	79	
6	19	3	6.76	4.22	2.83	-0.22	-2.63	80	
6	19	8	-14.79	-12.42	-2.79	-14.32	-14.35	81	
6	19	13	-29.51	-47.13	4.59	13.91	25.52	82	
6	19	18	12.03	27.41	2.74	3.61	3.25	83	
6	19	23	2.16	3.33	4.95	-1.27	-0.39	84	
6	19	28	4.62	2.98	0.79	-2.66	-0.88	85	
6	19	33	20.01	29.39	-0.98	-43.58	-33.85	86	
6	19	38	-15.91	-48.83	5.91	16.57	22.29	87	
6	19	43	15.69	21.78	-3.16	20.57	19.74	88	
6	23	3	26.70	18.34	-3.96	-26.96	-7.67	89	
6	23	8	-6.82	-23.43	1.76	11.02	-29.95	90	
6	23	13	14.71	24.53	1.64	25.79	16.27	91	
6	23	18	-0.66	-5.11	-7.30	-43.75	-23.62	92	
6	23	23	21.94	2.32	7.09	20.68	-1.21	93	
6	23	28	12.52	25.46	-3.51	-18.09	-15.30	94	
6	23	33	-18.51	-46.01	9.50	-28.25	-14.79	95	
6	23	38	18.18	28.07	-7.96	45.32	33.52	96	
6	23	43	5.89	3.72	2.21	2.29	-1.78	97	
6	27	3	16.29	-3.67	23.91	-11.96	10.15	98	
6	27	8	-33.03	1.72	-15.77	35.84	44.11	99	
6	27	13	14.03	17.69	0.48	-11.79	-4.26	100	
6	27	18	5.81	-4.44	6.53	-0.96	18.38	101	
6	27	23	13.74	12.31	2.33	9.39	-0.68	102	
6	27	28	-14.04	-26.43	5.47	-47.76	-36.71	103	
6	27	33	7.62	24.28	6.73	34.22	50.69	104	
6	27	38	5.83	4.13	4.86	4.39	3.56	105	
6	27	43	4.91	3.57	4.34	-0.18	-0.87	106	
6	31	3	11.46	10.14	3.22	-3.19	-1.78	107	
6	31	8	0.41	5.81	11.37	26.01	6.95	108	
6	31	13	-11.47	-18.70	1.95	-23.10	-17.47	109	
6	31	18	15.31	16.82	-0.65	-15.74	-0.54	110	
6	31	23	23.24	22.66	-0.82	-41.70	-29.03	111	
6	31	28	-1.78	-1.30	3.46	45.24	43.82	112	
6	31	33	1.94	3.29	-1.19	1.99	5.05	113	
6	31	38	1.60	2.98	1.98	2.45	0.20	114	
6	31	43	6.14	3.05	6.39	-1.90	1.64	115	
6	35	3	8.70	2.45	6.18	-4.14	2.55	116	
6	35	8	-3.82	7.04	-27.82	11.55	-35.04	117	
6	35	13	1.44	-1.60	2.40	27.82	20.78	118	
6	35	18	26.31	-4.28	3.69	-47.88	7.09	119	
6	35	23	-7.13	-42.59	0.70	26.55	16.73	120	
6	35	28	7.37	11.37	0.75	8.44	6.98	121	
6	35	33	2.99	4.13	3.75	2.66	0.07	122	
6	35	38	4.47	2.41	0.68	-1.44	-0.27	123	
6	35	43	5.90	2.29	1.57	3.84	0.81	124	
6	39	3	2.93	2.57	3.25	-2.09	0.79	125	
6	39	8	-6.28	7.40	21.52	-17.70	40.88	126	
6	39	13	4.04	9.94	0.41	2.64	3.22	127	
6	39	18	1.44	1.72	4.58	-1.34	-1.11	128	
6	39	23	1.00	15.86	5.05	4.56	9.18	129	
6	39	28	3.84	3.07	1.59	-0.10	2.13	130	
6	39	33	6.18	4.81	2.73	-1.95	-0.17	131	
6	39	38	4.64	2.69	2.96	0.87	-2.38	132	
6	39	43	4.03	4.52	1.00	3.24	-2.13	133	
6	43	3	5.28	3.71	3.40	0.71	-0.58	134	
6	43	8	3.36	2.94	3.89	-2.12	-0.02	135	
6	43	13	0.74	1.96	1.61	-1.49	1.13	136	
6	43	18	2.03	0.99	3.29	-0.90	1.34	137	
6	43	23	2.43	3.32	3.48	0.69	0.94	138	
6	43	28	3.43	2.58	2.75	1.52	-1.92	139	
6	43	33	4.04	3.07	5.13	0.63	1.03	140	
6	43	38	2.42	3.57	3.41	0.84	1.35	141	
6	43	43	3.33	2.29	2.05	-4.56	-2.76	142	
