143
diam	c	r	EConv0	EConv1	EConv2	OConv0	OConv1
6	3	3	3.70	4.86	2.23	-0.22	0.15	44	
6	3	8	2.08	3.24	3.16	-1.96	-0.03	45	
6	3	13	2.79	3.63	3.73	-0.11	-0.26	46	
6	3	18	7.00	9.35	4.58	-3.47	0.84	47	
6	3	23	-1.05	38.00	7.17	-30.23	-83.96	48	
6	3	28	-23.61	-78.11	5.77	-6.06	-15.02	49	
6	3	33	5.33	38.58	-2.15	48.37	72.44	50	
6	3	38	4.31	-0.77	1.06	-3.11	1.11	51	
6	3	43	4.78	4.70	4.90	1.90	-0.60	52	
6	7	3	3.69	4.14	4.70	-1.13	-1.57	53	
6	7	8	4.54	3.47	4.79	0.05	2.14	54	
6	7	13	21.18	38.46	-6.93	-23.37	-18.34	55	
6	7	18	2.43	-33.68	-0.54	-27.78	-87.89	56	
6	7	23	-11.84	-39.70	0.60	17.90	23.54	57	
6	7	28	0.80	31.94	-18.93	60.88	60.91	58	
6	7	33	12.43	61.31	-4.73	-42.70	-67.68	59	
6	7	38	-30.04	-23.02	-2.23	25.33	-119.52	60	
6	7	43	6.86	2.07	3.21	-2.29	3.11	61	
6	11	3	2.38	3.41	3.52	-0.42	1.20	62	
6	11	8	3.98	4.42	4.30	-0.24	0.69	63	
6	11	13	41.78	-12.85	9.60	-90.11	3.93	64	
6	11	18	4.27	-28.23	-3.06	42.84	77.10	65	
6	11	23	10.15	51.02	6.43	24.70	41.01	66	
6	11	28	-0.89	0.13	5.14	-0.20	1.15	67	
6	11	33	-55.59	-28.86	-3.92	-68.30	-14.75	68	
6	11	38	-23.43	-10.51	-3.32	-0.89	10.67	69	
6	11	43	25.61	6.42	6.28	11.83	-2.69	70	
6	15	3	4.14	4.22	4.00	0.39	0.20	71	
6	15	8	4.03	3.63	3.22	-0.34	-0.97	72	
6	15	13	4.42	2.67	14.38	-5.53	7.06	73	
6	15	18	4.89	13.70	3.40	7.01	-3.20	74	
6	15	23	4.43	2.87	3.43	-1.62	0.28	75	
6	15	28	3.34	1.84	1.13	1.43	-1.06	76	
6	15	33	-13.66	-7.14	41.16	-36.04	92.81	77	
6	15	38	-77.92	-7.60	-36.14	34.21	24.96	78	
6	15	43	-0.47	3.21	1.33	-3.42	-0.73	79	
6	19	3	4.49	4.80	4.05	0.19	-0.37	80	
6	19	8	3.53	2.04	2.86	-1.45	0.29	81	
6	19	13	10.55	40.85	15.69	-11.08	-24.16	82	
6	19	18	-19.51	-34.44	24.38	55.92	-41.63	83	
6	19	23	14.69	37.19	-13.24	-46.76	-33.44	84	
6	19	28	15.46	4.65	7.04	10.26	-0.28	85	
6	19	33	1.67	5.63	0.60	5.30	-0.40	86	
6	19	38	-97.10	-38.91	7.82	6.65	-2.61	87	
6	19	43	0.61	2.77	2.69	-1.71	0.30	88	
6	23	3	4.52	2.89	5.96	1.18	-1.78	89	
6	23	8	33.90	41.34	-20.52	-61.71	-37.73	90	
6	23	13	3.07	-47.92	-19.80	-13.98	-36.18	91	
6	23	18	37.64	43.56	-11.93	83.82	38.00	92	
6	23	23	-60.47	-85.29	15.37	-18.73	-35.02	93	
6	23	28	6.75	6.35	2.53	0.19	0.92	94	
6	23	33	36.20	52.61	1.05	-67.88	-54.67	95	
6	23	38	10.99	2.10	0.84	103.45	41.92	96	
6	23	43	-0.43	1.11	0.06	1.21	0.53	97	
6	27	3	1.64	4.40	0.70	2.60	0.87	98	
6	27	8	17.33	-13.30	-4.98	-112.49	0.57	99	
6	27	13	-1.66	-16.47	16.47	48.05	43.76	100	
6	27	18	8.05	-15.96	-1.88	-46.37	-71.08	101	
6	27	23	10.39	69.51	15.06	72.97	-22.59	102	
6	27	28	-1.01	-8.15	0.44	-31.30	-102.63	103	
6	27	33	-28.81	-66.20	2.37	4.41	-6.33	104	
6	27	38	-18.45	17.58	-62.84	-49.20	-65.89	105	
6	27	43	27.43	0.23	19.59	15.51	-6.04	106	
6	31	3	2.56	8.99	15.64	4.08	-8.00	107	
6	31	8	32.36	39.56	23.20	-88.78	-30.57	108	
6	31	13	19.04	5.96	-14.22	9.26	-31.30	109	
6	31	18	47.93	19.65	7.87	3.56	72.08	110	
6	31	23	2.31	3.39	9.05	4.80	0.81	111	
6	31	28	-5.41	2.63	2.60	-5.09	4.32	112	
6	31	33	4.10	20.21	-10.92	82.51	71.44	113	
6	31	38	-60.14	-80.04	-20.61	-42.68	85.14	114	
6	31	43	24.87	16.54	-2.71	14.84	7.02	115	
6	35	3	0.89	-40.39	-49.73	0.73	-29.13	116	
6	35	8	-24.05	-51.07	-4.72	-25.12	-37.43	117	
6	35	13	-9.90	-34.23	-21.83	7.93	15.09	118	
6	35	18	29.84	-34.63	-18.95	-24.54	-38.15	119	
6	35	23	-0.54	-26.61	-37.66	3.85	12.25	120	
6	35	28	-19.54	-22.41	-26.44	32.43	20.18	121	
6	35	33	2.83	-14.15	-19.71	-5.15	-71.11	122	
6	35	38	0.16	-16.23	-16.83	7.20	-65.11	123	
6	35	43	6.57	-7.67	-9.61	0.62	-67.70	124	
6	39	3	31.99	29.81	33.42	-16.56	27.02	125	
6	39	8	-38.27	-56.62	-11.63	44.54	65.35	126	
6	39	13	13.03	48.08	30.10	3.93	43.02	127	
6	39	18	5.55	28.04	30.69	-2.48	30.75	128	
6	39	23	2.92	35.16	39.03	1.30	45.13	129	
6	39	28	4.44	33.74	29.65	0.19	43.41	130	
6	39	33	0.03	28.45	30.86	-0.59	52.91	131	
6	39	38	2.33	31.44	31.51	-3.30	45.57	132	
6	39	43	5.39	28.46	33.75	1.23	43.20	133	
6	43	3	4.71	1.68	4.19	-0.83	0.63	134	
6	43	8	3.59	30.37	8.33	7.72	15.74	135	
6	43	13	3.25	0.92	5.18	-0.68	-3.61	136	
6	43	18	2.80	1.93	4.32	0.06	2.12	137	
6	43	23	4.37	5.93	3.07	-0.03	1.05	138	
6	43	28	4.80	3.58	5.62	2.48	-1.43	139	
6	43	33	3.60	1.92	1.96	1.42	1.84	140	
6	43	38	3.91	4.61	4.57	0.45	0.79	141	
6	43	43	3.26	5.81	3.58	1.44	0.42	142	
