143
diam	c	r	EConv0	EConv1	EConv2	OConv0	OConv1
6	3	3	4.14	4.26	4.26	1.47	0.38	44	
6	3	8	4.09	4.32	4.06	-0.23	0.13	45	
6	3	13	4.19	4.48	4.15	-0.14	-0.21	46	
6	3	18	4.77	4.35	4.14	0.03	-1.08	47	
6	3	23	3.57	3.42	4.00	0.04	-0.68	48	
6	3	28	4.93	4.14	4.73	-3.65	0.20	49	
6	3	33	28.18	27.34	-16.55	-113.29	-28.07	50	
6	3	38	0.32	-17.13	-35.44	25.41	-125.56	51	
6	3	43	25.05	-5.50	46.80	25.30	-22.69	52	
6	7	3	4.22	4.61	4.61	1.70	-2.95	53	
6	7	8	3.99	4.13	5.17	0.59	-1.91	54	
6	7	13	4.71	3.85	4.13	-0.86	-0.11	55	
6	7	18	3.24	4.03	3.58	0.78	-2.12	56	
6	7	23	3.74	4.15	5.07	-0.55	-1.13	57	
6	7	28	6.21	4.74	6.09	-1.79	-0.56	58	
6	7	33	27.76	-37.26	14.01	-113.94	44.64	59	
6	7	38	4.16	4.77	4.11	-3.00	-0.18	60	
6	7	43	3.45	-7.24	-1.85	126.05	-49.53	61	
6	11	3	3.49	3.99	2.95	1.10	-0.14	62	
6	11	8	3.56	4.50	6.07	1.86	-2.20	63	
6	11	13	4.15	3.53	5.06	-0.81	-0.92	64	
6	11	18	4.03	5.00	5.72	-0.80	-0.60	65	
6	11	23	4.80	5.52	2.99	-0.29	0.02	66	
6	11	28	3.50	2.14	3.35	0.47	0.08	67	
6	11	33	5.95	5.72	10.52	-2.18	3.37	68	
6	11	38	-21.09	-13.52	-8.65	-75.87	100.74	69	
6	11	43	-28.28	-3.58	-29.65	110.48	39.11	70	
6	15	3	4.32	4.45	4.01	-1.14	1.30	71	
6	15	8	4.10	5.79	1.52	3.43	-1.24	72	
6	15	13	-12.54	41.87	-2.64	-31.76	-62.29	73	
6	15	18	8.75	2.63	11.96	7.71	-5.68	74	
6	15	23	7.26	5.20	3.11	-5.60	-3.67	75	
6	15	28	-1.42	-13.76	23.46	37.97	-31.76	76	
6	15	33	6.02	6.63	7.62	-2.81	0.08	77	
6	15	38	14.31	18.05	1.94	-17.01	-9.76	78	
6	15	43	9.10	17.91	0.10	45.48	28.77	79	
6	19	3	3.53	3.81	3.29	-0.43	0.78	80	
6	19	8	19.77	40.58	3.75	-24.10	-22.19	81	
6	19	13	-47.01	-78.46	7.22	32.22	34.75	82	
6	19	18	7.53	12.00	3.68	3.52	4.16	83	
6	19	23	21.56	41.37	-6.51	-45.22	-32.46	84	
6	19	28	29.32	20.96	-3.65	60.13	28.97	85	
6	19	33	4.03	2.73	3.84	-1.02	1.37	86	
6	19	38	-18.61	-15.72	9.66	-34.76	-21.66	87	
6	19	43	12.33	14.24	-0.91	8.69	7.25	88	
6	23	3	9.66	11.49	3.99	-4.32	-1.42	89	
6	23	8	-40.53	-41.26	6.02	-60.92	-51.10	90	
6	23	13	30.04	44.27	1.72	23.29	24.25	91	
6	23	18	9.86	17.55	1.30	-3.72	-6.76	92	
6	23	23	-52.85	-78.19	16.58	-18.75	-19.66	93	
6	23	28	12.90	10.99	2.71	10.15	0.73	94	
6	23	33	21.51	30.84	4.48	-18.96	-17.18	95	
6	23	38	-8.47	-9.44	-3.74	47.23	32.48	96	
6	23	43	5.10	3.42	3.89	-1.87	0.38	97	
6	27	3	49.89	26.01	-2.38	-57.76	-17.14	98	
6	27	8	-6.74	-13.06	-11.95	5.10	6.35	99	
6	27	13	18.48	3.74	45.32	52.98	-77.84	100	
6	27	18	-2.35	-8.99	5.05	-58.52	-81.90	101	
6	27	23	19.23	14.33	17.69	96.06	30.89	102	
6	27	28	3.41	7.02	-2.56	-6.06	-5.23	103	
6	27	33	-32.48	-50.46	9.81	-35.55	-30.16	104	
6	27	38	14.30	17.71	2.01	9.78	6.24	105	
6	27	43	4.60	5.24	7.49	-1.96	1.26	106	
6	31	3	20.79	-6.91	34.46	-23.53	21.86	107	
6	31	8	53.52	51.29	32.28	-34.66	73.88	108	
6	31	13	6.36	-0.69	-21.95	-2.38	-2.81	109	
6	31	18	47.00	14.64	24.26	23.70	35.26	110	
6	31	23	48.35	19.92	13.48	74.80	3.34	111	
6	31	28	34.59	39.83	4.70	-39.18	-16.76	112	
6	31	33	13.62	7.52	-0.37	79.81	40.84	113	
6	31	38	0.14	2.69	0.89	-1.89	-1.62	114	
6	31	43	5.04	11.42	6.79	0.99	-5.11	115	
6	35	3	4.17	3.70	5.39	0.36	-1.49	116	
6	35	8	39.37	10.16	18.20	-31.44	2.26	117	
6	35	13	-20.69	-32.81	19.41	55.19	38.60	118	
6	35	18	52.44	21.54	11.39	-4.92	21.27	119	
6	35	23	53.87	49.68	45.01	59.36	-39.49	120	
6	35	28	-43.27	-79.81	10.99	-12.36	-37.71	121	
6	35	33	22.09	23.58	0.71	11.13	6.82	122	
6	35	38	13.40	51.10	15.83	-17.99	-35.19	123	
6	35	43	-29.60	-83.52	-23.66	6.73	-36.87	124	
6	39	3	4.06	4.37	4.31	-0.49	0.00	125	
6	39	8	31.73	8.53	12.81	-22.07	2.55	126	
6	39	13	32.73	37.85	-12.37	63.55	13.55	127	
6	39	18	44.08	5.48	18.39	26.67	21.78	128	
6	39	23	-17.31	-36.99	-70.28	-5.04	45.22	129	
6	39	28	13.43	44.26	-4.48	61.95	60.60	130	
6	39	33	2.03	2.82	3.64	-0.95	0.51	131	
6	39	38	-43.81	-58.93	-43.27	-70.69	-13.03	132	
6	39	43	60.79	34.88	33.98	90.37	-3.54	133	
6	43	3	5.75	5.42	3.40	-0.25	-0.01	134	
6	43	8	5.43	9.21	5.13	-5.20	-4.09	135	
6	43	13	-15.78	-16.01	19.08	-5.23	6.11	136	
6	43	18	7.04	12.46	1.59	4.67	5.09	137	
6	43	23	2.01	12.54	20.74	-1.22	11.69	138	
6	43	28	2.26	8.28	5.22	-0.01	-0.25	139	
6	43	33	3.80	3.86	12.97	4.04	-5.63	140	
6	43	38	9.88	30.33	49.71	-11.53	50.83	141	
6	43	43	28.65	54.73	-11.88	-15.84	-12.14	142	
