143
diam	c	r	EConv0	EConv1	EConv2	OConv0	OConv1
6	3	3	2.30	3.66	2.45	-1.73	-0.99	44	
6	3	8	2.94	3.32	5.00	-4.19	-0.63	45	
6	3	13	3.42	4.10	3.02	2.81	0.34	46	
6	3	18	5.12	3.28	3.29	2.22	0.01	47	
6	3	23	3.63	3.68	3.43	2.77	-1.97	48	
6	3	28	6.66	13.74	5.11	-3.41	-5.32	49	
6	3	33	-13.82	15.99	39.38	14.30	-61.86	50	
6	3	38	1.80	5.20	4.27	-1.69	-2.29	51	
6	3	43	6.37	4.02	5.47	-3.52	0.96	52	
6	7	3	4.27	2.77	4.24	-2.34	1.89	53	
6	7	8	3.03	2.84	2.94	-1.85	1.18	54	
6	7	13	2.70	2.39	3.58	2.63	0.27	55	
6	7	18	5.13	4.64	4.49	2.63	0.18	56	
6	7	23	3.36	3.34	3.24	-0.54	0.48	57	
6	7	28	31.54	31.28	-7.04	-67.67	-35.05	58	
6	7	33	-41.59	-11.56	-51.22	29.13	-11.79	59	
6	7	38	12.42	-2.98	15.37	11.19	-8.38	60	
6	7	43	3.97	2.94	3.00	-3.25	-0.86	61	
6	11	3	4.05	3.41	4.61	1.33	-0.33	62	
6	11	8	2.44	3.63	1.91	-4.70	0.03	63	
6	11	13	4.78	4.92	4.78	3.60	0.40	64	
6	11	18	4.82	4.04	3.20	1.41	0.62	65	
6	11	23	3.26	3.28	2.55	-1.24	1.54	66	
6	11	28	-21.59	-0.80	-9.99	-103.39	-21.22	67	
6	11	33	-9.12	-20.05	14.08	-20.08	-6.59	68	
6	11	38	31.70	15.56	5.41	26.40	-0.70	69	
6	11	43	4.22	1.93	5.03	0.42	-0.12	70	
6	15	3	3.97	3.44	3.78	2.90	-2.47	71	
6	15	8	3.95	3.77	4.68	-3.45	0.67	72	
6	15	13	4.43	3.85	2.46	3.74	-1.48	73	
6	15	18	7.50	4.11	14.81	4.34	-7.65	74	
6	15	23	3.01	2.43	2.17	-0.73	-2.84	75	
6	15	28	-24.61	-29.27	-6.82	-108.89	27.18	76	
6	15	33	31.58	22.98	0.78	36.95	74.24	77	
6	15	38	14.89	9.37	3.31	5.44	7.03	78	
6	15	43	4.84	3.24	3.14	3.89	1.05	79	
6	19	3	2.64	4.04	2.05	0.86	-2.30	80	
6	19	8	4.48	3.22	5.74	-0.98	0.22	81	
6	19	13	29.26	24.96	-7.45	-27.00	-14.79	82	
6	19	18	47.72	9.60	20.71	53.98	-15.99	83	
6	19	23	12.29	0.88	17.16	9.68	-6.59	84	
6	19	28	-1.71	3.46	30.52	-9.16	25.05	85	
6	19	33	10.34	13.99	13.18	-17.68	-5.08	86	
6	19	38	5.66	3.75	4.84	2.16	-1.38	87	
6	19	43	3.51	4.34	3.97	2.83	0.57	88	
6	23	3	2.10	3.28	2.09	-3.76	-1.23	89	
6	23	8	4.94	3.36	3.66	4.06	-2.18	90	
6	23	13	15.16	11.19	13.00	-85.87	-39.71	91	
6	23	18	83.39	53.01	-5.80	-15.78	0.68	92	
6	23	23	43.62	13.50	8.04	37.74	2.88	93	
6	23	28	1.74	2.24	3.69	1.92	-0.39	94	
6	23	33	-47.18	-24.22	-8.69	-11.94	-22.36	95	
6	23	38	4.75	3.85	2.90	3.40	1.80	96	
6	23	43	3.69	4.56	3.33	1.89	0.47	97	
6	27	3	1.90	2.36	3.38	-3.85	3.43	98	
6	27	8	11.38	6.42	0.68	-4.53	-1.98	99	
6	27	13	-72.94	-57.75	2.94	14.44	-7.03	100	
6	27	18	-18.76	-14.47	11.50	-80.43	-29.16	101	
6	27	23	17.01	9.37	1.28	12.62	7.82	102	
6	27	28	16.27	34.36	-2.10	-16.11	-16.58	103	
6	27	33	-18.54	-21.27	2.54	48.00	14.95	104	
6	27	38	4.13	2.93	5.15	4.45	-4.65	105	
6	27	43	3.54	3.10	3.59	1.44	-0.30	106	
6	31	3	3.78	2.84	4.68	-0.81	-1.29	107	
6	31	8	4.69	2.99	4.62	-3.17	-2.61	108	
6	31	13	-62.46	29.38	-47.36	-2.01	7.61	109	
6	31	18	-63.72	-32.24	23.67	48.99	-9.41	110	
6	31	23	7.58	38.78	9.07	-14.56	-24.28	111	
6	31	28	-26.71	-61.05	9.49	-44.76	-58.70	112	
6	31	33	28.32	26.91	-0.35	24.62	10.07	113	
6	31	38	1.18	4.31	4.13	2.12	-3.17	114	
6	31	43	2.54	3.16	2.93	1.47	-1.38	115	
6	35	3	3.43	4.33	1.88	-0.63	-1.28	116	
6	35	8	2.05	2.63	4.04	1.41	1.23	117	
6	35	13	-47.64	-27.79	-19.38	-84.61	11.18	118	
6	35	18	-16.68	26.14	-63.82	-20.41	23.50	119	
6	35	23	-0.08	-37.89	-12.84	-22.99	-54.18	120	
6	35	28	6.90	5.45	0.60	81.16	58.45	121	
6	35	33	2.26	3.39	2.38	1.09	-1.58	122	
6	35	38	0.83	2.92	0.55	1.95	-2.73	123	
6	35	43	5.75	4.17	5.36	4.22	-3.41	124	
6	39	3	1.91	3.03	2.09	-5.24	1.64	125	
6	39	8	6.40	5.98	2.21	-2.41	-3.93	126	
6	39	13	-14.32	-3.26	33.75	-14.46	43.38	127	
6	39	18	15.10	-15.04	28.79	-78.93	49.49	128	
6	39	23	-17.25	-26.94	-12.75	33.51	85.02	129	
6	39	28	19.22	29.57	-1.64	5.31	7.90	130	
6	39	33	3.15	0.72	4.12	1.86	2.09	131	
6	39	38	2.51	3.13	1.79	-1.28	1.56	132	
6	39	43	4.11	5.40	2.49	2.90	-8.72	133	
6	43	3	4.62	2.86	5.03	-2.87	2.81	134	
6	43	8	3.75	1.85	2.94	-4.96	1.81	135	
6	43	13	10.35	6.78	5.88	10.09	-3.15	136	
6	43	18	3.81	-1.76	6.65	-1.91	2.25	137	
6	43	23	3.85	16.54	6.82	2.75	3.17	138	
6	43	28	9.24	9.73	9.42	-6.89	-2.87	139	
6	43	33	2.33	4.93	11.41	4.81	-7.34	140	
6	43	38	5.28	5.33	4.86	-3.68	2.91	141	
6	43	43	0.08	2.60	0.74	-1.72	-1.68	142	
