143
diam	c	r	EConv0	EConv1	EConv2	OConv0	OConv1
6	3	3	23.58	1.88	12.65	-33.39	3.47	44	
6	3	8	-7.91	-12.80	-9.67	-1.95	7.56	45	
6	3	13	-1.36	-5.45	0.35	29.31	45.18	46	
6	3	18	6.58	16.57	1.63	4.39	11.22	47	
6	3	23	4.63	0.48	3.32	5.43	2.94	48	
6	3	28	5.02	5.25	1.72	-1.24	0.26	49	
6	3	33	2.20	27.11	-3.92	-23.47	-57.07	50	
6	3	38	-1.22	-2.52	17.21	13.79	-72.85	51	
6	3	43	9.77	2.54	5.77	6.46	-3.03	52	
6	7	3	3.05	0.74	12.67	-7.66	5.37	53	
6	7	8	-4.49	9.77	12.49	6.72	49.76	54	
6	7	13	7.82	20.85	3.64	4.80	13.03	55	
6	7	18	1.61	4.97	8.79	1.12	7.89	56	
6	7	23	2.98	7.48	4.23	1.50	-2.24	57	
6	7	28	18.01	8.62	4.94	-7.91	0.28	58	
6	7	33	-24.13	-22.71	-5.86	-40.09	-16.29	59	
6	7	38	-12.32	0.27	-21.13	6.24	-7.93	60	
6	7	43	31.30	4.46	16.84	25.87	-4.92	61	
6	11	3	4.96	6.41	4.49	1.63	1.21	62	
6	11	8	2.94	4.90	0.73	5.39	-3.01	63	
6	11	13	4.47	2.42	1.57	-8.01	0.05	64	
6	11	18	-4.58	16.97	-8.06	-24.69	-45.98	65	
6	11	23	9.68	-6.31	10.82	23.32	-5.96	66	
6	11	28	17.86	5.09	10.22	-9.29	-3.01	67	
6	11	33	-20.09	-5.16	-16.58	-32.16	25.75	68	
6	11	38	-5.51	-2.96	2.67	-8.45	5.33	69	
6	11	43	31.04	7.27	6.09	39.73	1.62	70	
6	15	3	2.53	2.29	3.81	1.04	-2.52	71	
6	15	8	2.62	4.42	3.34	1.27	-1.88	72	
6	15	13	18.57	21.91	1.12	-28.81	-19.78	73	
6	15	18	-15.63	-22.18	7.86	-10.67	-11.14	74	
6	15	23	18.98	11.03	1.63	26.53	0.90	75	
6	15	28	3.78	2.97	4.97	2.55	3.36	76	
6	15	33	7.51	2.02	25.49	-18.90	47.23	77	
6	15	38	-36.68	-5.66	-16.38	-16.61	15.47	78	
6	15	43	24.63	14.34	2.15	21.35	7.02	79	
6	19	3	3.51	2.43	2.84	3.66	1.40	80	
6	19	8	6.42	8.29	1.40	-4.92	-3.69	81	
6	19	13	-7.01	-11.87	4.66	-46.22	-35.31	82	
6	19	18	-12.89	-12.10	0.14	27.38	14.43	83	
6	19	23	12.65	6.79	2.34	10.40	3.01	84	
6	19	28	5.72	4.57	3.26	-0.62	-1.24	85	
6	19	33	15.43	22.55	-2.36	-14.22	-21.48	86	
6	19	38	-31.71	-24.91	9.71	7.75	18.75	87	
6	19	43	11.24	5.85	4.53	7.63	1.77	88	
6	23	3	4.13	5.55	3.29	1.11	0.94	89	
6	23	8	25.62	20.80	1.34	-36.10	-13.61	90	
6	23	13	-9.93	-13.23	5.41	1.01	-2.53	91	
6	23	18	12.36	14.13	0.81	26.80	33.90	92	
6	23	23	7.63	5.28	6.11	9.10	-1.07	93	
6	23	28	7.91	6.44	0.23	-3.05	-1.23	94	
6	23	33	-7.54	-9.22	5.91	-40.96	-37.23	95	
6	23	38	13.57	11.65	0.12	44.03	29.63	96	
6	23	43	1.89	3.75	1.53	0.71	1.37	97	
6	27	3	4.74	0.96	5.66	2.03	3.13	98	
6	27	8	9.30	6.46	2.52	-61.46	-21.86	99	
6	27	13	4.01	-8.51	8.02	41.29	53.34	100	
6	27	18	7.36	29.12	-1.52	-20.37	-20.85	101	
6	27	23	12.79	15.70	20.15	18.04	-6.56	102	
6	27	28	5.90	14.75	6.69	-32.83	-53.27	103	
6	27	33	-12.25	-24.14	6.18	29.27	33.79	104	
6	27	38	16.35	19.63	1.17	-3.01	-4.24	105	
6	27	43	6.54	3.39	5.86	4.34	-7.32	106	
6	31	3	2.08	5.24	1.48	5.09	-3.59	107	
6	31	8	-32.86	-16.87	-0.29	-44.90	-8.64	108	
6	31	13	36.19	47.62	11.57	17.51	-21.13	109	
6	31	18	-15.77	-17.32	-2.22	-39.17	-40.06	110	
6	31	23	10.47	-10.04	-17.56	-1.70	-58.86	111	
6	31	28	-12.62	-41.83	-1.52	28.93	15.26	112	
6	31	33	13.41	24.36	-0.14	25.43	17.91	113	
6	31	38	6.88	3.13	1.51	-24.02	-13.29	114	
6	31	43	15.15	0.53	7.12	17.84	-0.17	115	
6	35	3	3.11	5.22	1.94	-3.70	-0.09	116	
6	35	8	-31.36	-7.96	-11.58	-32.64	-1.91	117	
6	35	13	0.04	-19.80	-8.77	-17.41	-45.49	118	
6	35	18	8.72	-14.38	7.78	11.67	47.52	119	
6	35	23	0.68	-1.41	7.55	15.35	73.59	120	
6	35	28	6.56	26.89	-0.46	26.00	36.81	121	
6	35	33	2.70	3.89	2.77	-0.27	4.07	122	
6	35	38	-0.18	-4.46	3.08	-17.57	14.34	123	
6	35	43	13.75	11.28	0.75	11.05	5.97	124	
6	39	3	0.87	-2.89	0.54	-6.25	3.53	125	
6	39	8	1.67	3.82	-2.14	-47.62	30.82	126	
6	39	13	-11.42	-14.91	4.51	29.57	35.89	127	
6	39	18	14.14	18.14	3.47	14.83	15.46	128	
6	39	23	5.41	7.22	1.96	8.24	3.62	129	
6	39	28	3.49	3.23	3.42	1.26	1.79	130	
6	39	33	0.70	0.64	1.71	2.00	0.36	131	
6	39	38	2.63	4.01	9.49	1.37	4.57	132	
6	39	43	3.89	3.31	2.01	0.06	2.57	133	
6	43	3	2.36	4.46	3.22	-2.52	-1.35	134	
6	43	8	3.31	-9.73	21.99	-12.53	21.01	135	
6	43	13	2.10	23.81	-6.46	9.97	42.80	136	
6	43	18	2.84	1.83	5.23	0.24	3.13	137	
6	43	23	4.41	3.98	2.82	4.32	3.26	138	
6	43	28	2.56	3.49	3.22	1.21	1.01	139	
6	43	33	3.15	3.59	2.60	-0.64	2.80	140	
6	43	38	1.49	2.58	2.47	4.04	-2.18	141	
6	43	43	4.45	4.58	3.53	-1.65	-2.20	142	
