143
diam	c	r	EConv0	EConv1	EConv2	OConv0	OConv1
6	3	3	4.01	4.60	4.21	2.48	-0.10	44	
6	3	8	1.58	4.84	2.33	0.29	-3.93	45	
6	3	13	2.82	2.64	3.18	-2.74	-5.61	46	
6	3	18	2.96	1.39	4.72	-0.09	-3.09	47	
6	3	23	3.04	3.20	2.83	2.55	-0.21	48	
6	3	28	2.39	5.99	0.09	-3.50	-3.50	49	
6	3	33	6.32	3.66	5.42	-7.46	-1.38	50	
6	3	38	4.39	3.78	12.83	-16.50	12.00	51	
6	3	43	5.62	16.34	9.67	14.61	-6.85	52	
6	7	3	1.57	0.12	3.28	3.66	-1.04	53	
6	7	8	3.19	3.56	2.30	-4.39	0.69	54	
6	7	13	4.99	21.65	1.41	-10.90	-17.89	55	
6	7	18	7.94	0.42	15.36	11.20	-6.56	56	
6	7	23	2.82	1.97	2.99	2.29	0.55	57	
6	7	28	2.57	-1.88	3.86	-6.05	1.53	58	
6	7	33	10.38	5.78	0.06	-12.35	-3.98	59	
6	7	38	-15.26	-34.44	-21.67	-36.92	-61.81	60	
6	7	43	-30.12	-38.99	-31.76	37.72	-31.25	61	
6	11	3	3.13	5.83	1.90	1.20	1.57	62	
6	11	8	5.58	4.54	4.92	-2.98	-1.15	63	
6	11	13	-6.14	2.34	-7.93	-78.97	-41.71	64	
6	11	18	37.23	9.58	6.14	47.01	-1.65	65	
6	11	23	4.78	5.29	4.31	3.86	0.03	66	
6	11	28	2.41	4.05	4.71	1.61	2.80	67	
6	11	33	8.47	3.76	6.50	-13.27	8.28	68	
6	11	38	-5.38	39.54	12.06	12.31	63.17	69	
6	11	43	-57.36	-29.54	2.76	51.71	26.84	70	
6	15	3	4.97	4.81	2.82	-4.87	-3.39	71	
6	15	8	9.89	9.37	4.71	-3.99	-6.38	72	
6	15	13	-55.75	-54.36	14.36	-6.15	4.24	73	
6	15	18	12.27	13.35	-8.86	4.84	10.02	74	
6	15	23	5.43	2.32	5.84	6.87	-6.28	75	
6	15	28	3.21	3.73	3.56	2.71	-2.68	76	
6	15	33	5.20	3.02	1.82	-6.16	-0.72	77	
6	15	38	3.72	5.36	5.83	-54.52	-48.13	78	
6	15	43	17.09	31.54	-4.80	46.85	33.21	79	
6	19	3	0.04	1.69	1.48	-6.22	-7.78	80	
6	19	8	41.52	23.87	1.36	-36.09	-13.26	81	
6	19	13	1.36	4.31	-9.77	66.84	38.27	82	
6	19	18	18.87	36.22	-2.61	-37.31	-44.46	83	
6	19	23	15.42	-17.36	24.02	50.17	-25.40	84	
6	19	28	1.80	5.03	4.16	3.13	-5.84	85	
6	19	33	20.37	23.69	0.31	-24.55	-13.96	86	
6	19	38	-46.34	-53.50	0.48	33.45	22.07	87	
6	19	43	3.75	3.55	-2.01	9.90	-0.88	88	
6	23	3	-2.88	0.80	2.41	-5.59	5.20	89	
6	23	8	23.19	14.66	2.03	-72.64	-16.45	90	
6	23	13	39.34	36.69	-1.68	5.08	7.82	91	
6	23	18	-13.97	-46.39	2.83	-27.13	-14.90	92	
6	23	23	42.57	25.99	1.12	64.68	20.23	93	
6	23	28	4.41	10.80	0.81	-4.91	-5.39	94	
6	23	33	-11.73	-36.98	12.72	-43.25	-48.13	95	
6	23	38	26.73	36.83	5.11	25.64	27.75	96	
6	23	43	1.63	2.18	3.30	8.21	1.51	97	
6	27	3	0.62	3.53	2.52	-5.22	2.87	98	
6	27	8	-57.36	-29.10	-1.83	-57.55	-15.89	99	
6	27	13	-8.79	-17.76	-0.11	-66.55	-55.39	100	
6	27	18	27.78	38.26	-5.24	-32.09	27.71	101	
6	27	23	26.96	18.76	0.75	22.51	-5.42	102	
6	27	28	9.68	17.99	0.78	-58.47	-57.02	103	
6	27	33	8.86	15.32	0.66	61.12	58.00	104	
6	27	38	3.07	7.15	5.08	-1.93	2.15	105	
6	27	43	0.76	5.69	1.15	3.92	-0.53	106	
6	31	3	2.22	1.70	2.59	-7.75	0.07	107	
6	31	8	-49.16	-12.28	-17.04	-34.94	-16.34	108	
6	31	13	-16.94	-28.81	8.29	68.54	45.35	109	
6	31	18	-71.47	-46.51	9.67	-2.67	-9.03	110	
6	31	23	10.91	41.31	8.70	-37.20	-47.40	111	
6	31	28	-23.92	-44.14	8.86	44.36	35.03	112	
6	31	33	9.34	11.74	4.52	6.49	6.95	113	
6	31	38	2.87	3.70	4.12	-1.13	2.54	114	
6	31	43	1.94	1.70	1.26	0.14	2.31	115	
6	35	3	5.15	3.24	4.91	-2.93	2.02	116	
6	35	8	-46.19	-40.82	-17.06	-14.94	56.91	117	
6	35	13	39.08	54.87	-5.22	-0.44	6.54	118	
6	35	18	10.98	37.95	2.43	31.61	-28.86	119	
6	35	23	-23.18	-63.40	7.43	25.34	25.23	120	
6	35	28	10.29	26.06	1.94	25.96	30.41	121	
6	35	33	3.25	9.04	4.70	2.89	-2.15	122	
6	35	38	0.62	9.63	16.44	-3.20	-6.11	123	
6	35	43	3.88	2.61	6.03	1.98	3.06	124	
6	39	3	3.88	2.99	3.44	-0.09	0.32	125	
6	39	8	-1.97	12.98	8.10	-1.38	11.91	126	
6	39	13	39.42	13.99	-4.66	-79.36	-14.60	127	
6	39	18	-15.80	-54.46	5.06	26.61	36.12	128	
6	39	23	17.28	42.27	-0.41	26.28	42.89	129	
6	39	28	2.75	9.30	-1.44	-0.91	-5.18	130	
6	39	33	3.37	21.62	-5.40	-56.97	-67.44	131	
6	39	38	-32.31	-34.84	-25.21	55.70	-53.60	132	
6	39	43	2.87	3.14	1.54	5.03	-0.26	133	
6	43	3	2.69	4.13	3.57	-0.60	0.65	134	
6	43	8	2.66	2.70	3.66	-5.53	4.47	135	
6	43	13	9.83	-10.75	32.01	-22.51	23.80	136	
6	43	18	8.36	51.45	4.60	25.55	44.06	137	
6	43	23	1.46	2.24	2.01	-1.03	1.97	138	
6	43	28	11.41	33.86	-4.29	-54.22	-50.85	139	
6	43	33	-14.09	-54.59	13.14	38.73	60.24	140	
6	43	38	-73.40	5.49	-23.29	-5.54	20.28	141	
6	43	43	4.80	4.11	5.90	5.51	-3.62	142	
