143
diam	c	r	EConv0	EConv1	EConv2	OConv0	OConv1
6	3	3	-1.34	-2.44	2.31	-114.58	-31.44	44	
6	3	8	50.12	41.68	2.20	41.37	13.89	45	
6	3	13	-34.73	-71.08	7.89	-7.94	-14.02	46	
6	3	18	9.53	19.79	-0.05	6.96	10.80	47	
6	3	23	1.23	-4.04	-3.43	2.76	-5.27	48	
6	3	28	7.08	2.34	2.55	-1.31	-0.35	49	
6	3	33	20.41	63.67	-12.82	-58.55	-72.63	50	
6	3	38	18.11	-34.14	46.48	71.30	-64.78	51	
6	3	43	5.51	4.33	4.92	0.28	0.21	52	
6	7	3	-66.28	-21.24	-11.30	-89.47	-21.64	53	
6	7	8	11.98	-31.98	29.28	-10.93	-57.58	54	
6	7	13	19.04	40.27	1.58	27.86	21.57	55	
6	7	18	3.15	0.15	4.02	-2.56	0.48	56	
6	7	23	4.84	5.21	2.25	-2.11	2.41	57	
6	7	28	9.60	8.59	0.18	-2.36	-3.43	58	
6	7	33	-49.25	-112.74	-13.71	-32.46	29.26	59	
6	7	38	-32.24	30.33	-100.49	48.34	-8.43	60	
6	7	43	13.56	1.02	20.82	10.60	-11.80	61	
6	11	3	-45.71	-56.31	-19.16	-66.13	59.16	62	
6	11	8	29.73	55.64	-2.50	64.87	53.42	63	
6	11	13	3.94	4.39	0.84	2.40	-0.86	64	
6	11	18	3.75	2.70	1.91	3.86	-4.28	65	
6	11	23	1.57	2.77	4.66	2.52	-3.22	66	
6	11	28	6.52	1.25	6.40	-4.02	2.09	67	
6	11	33	3.90	41.35	10.99	9.55	25.34	68	
6	11	38	37.70	21.75	23.71	-125.47	16.52	69	
6	11	43	62.22	0.67	20.69	85.05	-9.71	70	
6	15	3	1.34	13.59	14.82	2.45	13.96	71	
6	15	8	2.10	0.76	0.64	8.32	1.87	72	
6	15	13	-0.15	26.67	-16.68	-37.15	-44.64	73	
6	15	18	10.22	2.03	5.66	9.66	2.13	74	
6	15	23	3.32	3.96	1.58	-1.32	1.76	75	
6	15	28	4.04	3.05	4.34	1.85	0.06	76	
6	15	33	4.29	4.49	6.35	-0.15	2.11	77	
6	15	38	28.39	16.43	11.84	-121.84	-15.82	78	
6	15	43	51.25	39.36	-0.47	42.05	21.12	79	
6	19	3	3.51	-0.35	2.35	5.36	0.74	80	
6	19	8	7.06	6.61	5.26	0.82	2.73	81	
6	19	13	-73.41	-51.65	3.41	-37.78	-23.84	82	
6	19	18	7.99	4.99	3.24	4.46	-1.97	83	
6	19	23	-9.66	24.23	13.33	-1.33	-37.76	84	
6	19	28	3.17	3.43	1.67	2.29	-2.12	85	
6	19	33	5.52	6.38	6.71	-0.77	-2.52	86	
6	19	38	-82.45	-71.90	17.86	-56.49	-26.18	87	
6	19	43	11.35	3.66	0.83	1.32	-1.69	88	
6	23	3	3.73	3.64	3.42	4.40	-4.52	89	
6	23	8	23.75	20.31	3.25	-13.60	-10.55	90	
6	23	13	-37.03	-20.78	18.27	85.14	2.95	91	
6	23	18	13.62	14.26	0.91	-5.35	-3.04	92	
6	23	23	-81.06	-87.37	-5.19	31.72	-20.71	93	
6	23	28	4.29	5.06	-0.66	1.72	-3.12	94	
6	23	33	28.95	58.30	14.03	-53.82	-77.40	95	
6	23	38	-3.89	1.34	-5.86	96.92	70.21	96	
6	23	43	2.40	-0.77	4.01	1.37	-1.96	97	
6	27	3	4.30	4.25	3.56	0.82	2.39	98	
6	27	8	24.04	16.78	0.63	-73.13	-40.05	99	
6	27	13	27.03	44.58	-16.93	73.79	58.48	100	
6	27	18	53.09	44.86	-6.33	-75.66	-41.06	101	
6	27	23	-9.47	31.33	-42.86	55.86	-58.58	102	
6	27	28	5.34	-44.14	-16.70	-13.35	-119.75	103	
6	27	33	-27.99	-85.76	-10.34	56.40	68.61	104	
6	27	38	10.65	19.23	1.14	7.32	5.12	105	
6	27	43	4.56	0.51	1.53	2.33	-1.13	106	
6	31	3	15.22	24.04	1.03	-9.50	-14.67	107	
6	31	8	-76.32	-76.13	14.06	37.06	-11.26	108	
6	31	13	18.76	40.73	6.07	-13.87	-16.57	109	
6	31	18	-32.66	-113.27	32.06	-19.99	-2.55	110	
6	31	23	-1.58	-8.51	-11.54	-5.15	133.58	111	
6	31	28	8.62	53.65	17.24	49.11	107.87	112	
6	31	33	8.67	30.89	6.81	6.48	7.51	113	
6	31	38	-3.16	31.28	39.00	1.08	-40.68	114	
6	31	43	7.48	7.13	4.66	3.71	-4.34	115	
6	35	3	27.32	-9.05	12.49	-37.87	15.49	116	
6	35	8	-30.95	42.71	-70.56	-9.70	-17.04	117	
6	35	13	-17.38	-106.78	0.99	5.22	-34.00	118	
6	35	18	20.07	52.87	-6.96	40.60	37.50	119	
6	35	23	6.13	-0.26	1.46	-0.92	6.46	120	
6	35	28	6.99	5.10	0.51	-0.79	-0.51	121	
6	35	33	-18.62	-25.68	-14.89	-76.07	-103.78	122	
6	35	38	-15.49	-78.89	-65.31	37.67	16.50	123	
6	35	43	23.44	-0.17	31.64	35.54	-28.82	124	
6	39	3	5.32	-0.20	6.37	-0.36	4.46	125	
6	39	8	-17.52	-9.73	42.22	-26.81	83.47	126	
6	39	13	6.01	55.49	4.16	23.19	54.89	127	
6	39	18	4.07	1.96	0.53	5.09	-5.32	128	
6	39	23	-3.46	-3.10	6.79	7.89	-19.66	129	
6	39	28	39.88	8.40	4.28	-32.17	-2.88	130	
6	39	33	-9.21	-11.66	3.08	61.70	113.03	131	
6	39	38	13.68	42.21	15.26	14.29	23.04	132	
6	39	43	-54.91	14.66	-57.61	-5.31	-14.63	133	
6	43	3	4.78	8.37	-3.61	-4.04	-12.64	134	
6	43	8	3.16	3.61	5.63	6.36	0.28	135	
6	43	13	3.73	3.17	2.30	-3.73	3.17	136	
6	43	18	11.79	13.28	-6.67	-26.88	-11.82	137	
6	43	23	14.04	14.09	0.07	21.30	20.56	138	
6	43	28	6.17	3.66	8.48	-0.94	1.44	139	
6	43	33	5.66	7.88	5.54	2.72	1.97	140	
6	43	38	1.95	1.67	2.70	-0.84	0.29	141	
6	43	43	0.35	16.49	0.09	-115.52	4.42	142	
