143
diam	c	r	EConv0	EConv1	EConv2	OConv0	OConv1
6	3	3	4.01	4.45	2.10	3.04	2.22	44	
6	3	8	3.30	2.01	5.67	-2.27	-0.66	45	
6	3	13	-2.27	13.88	22.07	3.35	36.29	46	
6	3	18	1.93	16.18	3.42	1.21	11.87	47	
6	3	23	1.65	3.17	2.66	1.84	1.14	48	
6	3	28	1.99	2.98	5.59	0.18	1.11	49	
6	3	33	0.68	2.13	2.11	0.99	-1.46	50	
6	3	38	4.74	3.47	3.88	0.19	-0.01	51	
6	3	43	3.04	2.75	2.91	-0.15	0.79	52	
6	7	3	4.71	4.52	3.64	0.10	-0.79	53	
6	7	8	1.66	2.55	0.63	-2.74	-2.49	54	
6	7	13	5.87	1.08	1.61	4.12	-3.13	55	
6	7	18	3.23	2.47	1.16	-3.79	-2.25	56	
6	7	23	1.98	17.56	16.20	-5.44	-24.94	57	
6	7	28	7.09	3.45	0.47	1.18	3.41	58	
6	7	33	1.79	2.76	1.78	0.16	2.59	59	
6	7	38	3.98	3.81	2.68	0.39	-0.90	60	
6	7	43	3.72	4.80	4.82	-1.22	-3.34	61	
6	11	3	4.36	1.94	5.08	2.83	-2.99	62	
6	11	8	1.36	1.12	0.84	-3.37	2.64	63	
6	11	13	5.72	3.10	6.14	5.41	-3.71	64	
6	11	18	15.01	26.59	1.21	-31.06	-29.13	65	
6	11	23	-31.33	-44.00	-12.73	27.40	-24.94	66	
6	11	28	10.45	4.70	7.04	4.81	-3.02	67	
6	11	33	1.73	6.83	4.18	-2.96	-2.41	68	
6	11	38	4.77	3.75	5.10	-0.56	0.06	69	
6	11	43	1.92	2.56	0.32	-2.48	-1.19	70	
6	15	3	2.44	2.63	2.07	4.10	2.50	71	
6	15	8	3.53	6.66	6.00	-1.28	-0.02	72	
6	15	13	-10.34	10.11	-21.36	-25.66	-58.73	73	
6	15	18	0.69	-27.68	6.26	-23.79	-49.58	74	
6	15	23	13.78	11.33	12.60	67.87	28.81	75	
6	15	28	4.43	16.11	3.59	-3.70	5.29	76	
6	15	33	-1.73	1.54	4.80	-4.37	-3.11	77	
6	15	38	5.90	6.48	2.80	-1.97	-0.91	78	
6	15	43	2.49	2.27	4.46	-2.41	1.82	79	
6	19	3	5.94	5.17	4.77	4.01	2.58	80	
6	19	8	-0.82	-0.91	-1.36	-6.24	-0.76	81	
6	19	13	-22.31	0.79	-10.83	-60.27	11.38	82	
6	19	18	-6.76	-18.38	2.22	25.93	49.01	83	
6	19	23	16.76	36.81	-11.06	15.75	-1.21	84	
6	19	28	-20.08	-18.34	7.21	-4.37	-61.66	85	
6	19	33	2.50	0.17	-0.85	4.99	7.42	86	
6	19	38	5.66	4.78	9.88	-1.19	2.30	87	
6	19	43	2.47	3.40	4.60	1.00	0.36	88	
6	23	3	4.36	4.44	2.26	0.98	-2.11	89	
6	23	8	3.95	5.74	4.88	-4.99	2.78	90	
6	23	13	-31.62	-28.27	16.56	-44.83	7.34	91	
6	23	18	20.30	38.33	-2.62	22.69	25.72	92	
6	23	23	-7.80	-8.63	-2.52	-51.10	-45.82	93	
6	23	28	-29.23	-32.01	-12.80	63.76	20.88	94	
6	23	33	6.31	9.70	1.63	-11.35	-9.16	95	
6	23	38	-18.45	7.07	0.13	-3.12	-55.83	96	
6	23	43	6.40	4.73	6.71	4.49	1.05	97	
6	27	3	3.12	2.61	4.14	1.05	0.65	98	
6	27	8	22.57	17.02	0.52	-25.10	-6.60	99	
6	27	13	-26.36	-16.38	8.97	58.19	1.58	100	
6	27	18	15.23	17.67	11.01	-52.35	-51.59	101	
6	27	23	-16.17	-26.11	7.84	12.82	-2.66	102	
6	27	28	15.59	29.37	-1.93	40.89	40.74	103	
6	27	33	17.08	27.49	8.95	-38.58	-34.87	104	
6	27	38	-35.28	-37.54	-14.89	18.96	3.78	105	
6	27	43	10.94	1.82	4.26	11.23	-3.45	106	
6	31	3	1.95	2.49	3.19	3.59	-1.56	107	
6	31	8	36.10	8.75	9.37	-48.97	-1.04	108	
6	31	13	14.14	21.12	-17.90	23.12	-46.91	109	
6	31	18	-1.38	-30.24	-1.91	-5.74	-17.12	110	
6	31	23	-3.55	-6.64	0.72	63.04	56.05	111	
6	31	28	14.79	32.24	4.44	-29.87	-35.05	112	
6	31	33	-18.54	-36.66	7.02	-22.25	-24.94	113	
6	31	38	16.01	24.23	14.83	38.68	46.63	114	
6	31	43	3.15	6.44	1.35	4.90	5.39	115	
6	35	3	1.92	2.41	2.06	5.23	1.36	116	
6	35	8	14.91	-3.69	14.19	-26.07	6.33	117	
6	35	13	-12.20	-12.08	-10.01	1.42	78.35	118	
6	35	18	10.22	29.47	-16.26	-39.56	44.22	119	
6	35	23	53.73	54.09	26.90	27.08	-41.21	120	
6	35	28	-5.42	-28.22	4.87	-27.02	-40.74	121	
6	35	33	0.71	0.37	0.20	50.27	49.07	122	
6	35	38	8.81	7.45	2.17	13.57	4.59	123	
6	35	43	4.32	4.65	4.33	-1.18	2.23	124	
6	39	3	2.43	3.43	2.77	2.48	0.78	125	
6	39	8	1.69	3.20	3.05	-7.37	2.56	126	
6	39	13	5.77	11.78	14.28	6.87	5.66	127	
6	39	18	25.07	0.02	22.80	-64.95	27.42	128	
6	39	23	-3.62	-38.68	-34.58	-4.00	3.88	129	
6	39	28	2.03	-5.83	0.79	43.10	63.54	130	
6	39	33	10.64	21.64	0.79	14.63	23.21	131	
6	39	38	5.02	8.25	4.19	3.82	-1.49	132	
6	39	43	3.28	3.45	4.08	0.27	-2.61	133	
6	43	3	4.16	3.45	4.02	2.29	-0.67	134	
6	43	8	2.39	5.41	3.13	-4.64	-2.79	135	
6	43	13	2.83	3.65	6.26	2.79	-3.80	136	
6	43	18	5.35	-5.17	12.21	-14.49	6.51	137	
6	43	23	-12.32	14.28	9.74	7.00	54.85	138	
6	43	28	2.60	25.04	8.02	9.08	11.84	139	
6	43	33	2.69	1.24	5.73	-4.03	-1.41	140	
6	43	38	3.04	3.02	1.82	-0.79	1.57	141	
6	43	43	3.20	3.52	2.81	0.89	-2.56	142	
