143
diam	c	r	EConv0	EConv1	EConv2	OConv0	OConv1
6	3	3	4.37	5.03	3.21	2.21	1.11	44	
6	3	8	3.82	2.07	4.30	-0.94	-0.86	45	
6	3	13	6.82	17.93	6.60	-9.78	-7.64	46	
6	3	18	-1.81	-13.09	-3.68	-45.81	-50.94	47	
6	3	23	-9.66	-44.97	-7.20	26.56	45.39	48	
6	3	28	15.32	36.40	0.92	23.40	29.56	49	
6	3	33	5.88	13.65	9.43	-2.04	-10.11	50	
6	3	38	8.93	9.11	6.11	-2.97	-3.95	51	
6	3	43	5.06	4.71	5.49	0.52	-1.62	52	
6	7	3	4.28	3.93	3.87	0.10	-0.86	53	
6	7	8	3.17	6.12	0.99	-0.66	-3.31	54	
6	7	13	-8.49	-14.49	-8.06	-50.25	-36.04	55	
6	7	18	-2.94	-15.32	-0.64	42.11	45.18	56	
6	7	23	9.23	25.17	9.62	4.39	11.78	57	
6	7	28	9.59	5.92	1.30	-5.70	-5.89	58	
6	7	33	-19.67	-10.83	-17.64	-43.59	-72.71	59	
6	7	38	1.74	-13.73	-6.70	3.20	-89.08	60	
6	7	43	25.86	0.61	18.12	20.34	-2.77	61	
6	11	3	3.15	3.15	3.31	0.71	-2.24	62	
6	11	8	12.90	3.06	2.99	-14.75	-1.61	63	
6	11	13	-15.57	-16.16	-0.69	18.50	52.72	64	
6	11	18	10.15	22.32	3.12	2.99	12.07	65	
6	11	23	4.77	5.05	4.54	-0.24	1.02	66	
6	11	28	36.13	19.93	3.01	-38.55	-10.58	67	
6	11	33	-16.30	-11.34	13.78	16.58	-4.67	68	
6	11	38	-11.86	19.28	13.85	-29.03	8.65	69	
6	11	43	28.50	10.69	4.53	28.36	2.53	70	
6	15	3	2.98	3.83	3.77	0.68	1.38	71	
6	15	8	2.98	-0.79	5.33	-1.18	3.83	72	
6	15	13	10.02	31.28	-0.72	-9.31	-16.48	73	
6	15	18	5.24	-3.92	20.99	8.31	-16.36	74	
6	15	23	1.45	2.23	2.97	-2.39	-0.02	75	
6	15	28	44.12	9.41	11.53	-57.92	-1.88	76	
6	15	33	7.99	6.42	-4.63	-0.09	-11.02	77	
6	15	38	1.53	-4.96	-3.46	9.56	-7.71	78	
6	15	43	35.72	5.29	19.78	33.21	-4.28	79	
6	19	3	5.27	4.37	1.62	0.02	-3.35	80	
6	19	8	8.14	36.12	7.65	-7.92	-39.17	81	
6	19	13	-11.85	-31.38	9.00	-38.03	-56.12	82	
6	19	18	14.71	18.98	-5.38	27.84	0.26	83	
6	19	23	6.12	4.18	5.86	1.07	-0.02	84	
6	19	28	24.61	-1.61	22.10	-27.62	11.91	85	
6	19	33	-11.77	-1.88	0.18	8.24	109.80	86	
6	19	38	-36.79	-5.97	-9.19	-33.08	32.34	87	
6	19	43	37.68	18.12	-1.77	38.97	9.71	88	
6	23	3	19.91	25.66	-2.32	-26.48	-19.39	89	
6	23	8	-15.35	-40.34	-17.98	-21.54	-33.02	90	
6	23	13	10.86	16.84	13.24	50.28	47.59	91	
6	23	18	-31.58	-31.82	8.43	28.45	-28.58	92	
6	23	23	3.03	2.64	1.63	3.29	-2.57	93	
6	23	28	-1.04	3.35	2.14	4.83	1.57	94	
6	23	33	12.88	30.45	5.18	-34.12	-35.85	95	
6	23	38	-25.74	-28.02	7.17	34.36	37.70	96	
6	23	43	9.02	11.35	4.51	1.87	2.60	97	
6	27	3	8.34	-18.47	12.44	-38.28	19.39	98	
6	27	8	37.01	41.88	10.20	-26.80	50.28	99	
6	27	13	28.23	11.29	-0.48	-13.37	-51.79	100	
6	27	18	9.16	5.69	-5.12	78.20	21.56	101	
6	27	23	5.29	1.69	3.11	-0.73	0.65	102	
6	27	28	11.72	29.79	5.54	-17.38	-23.24	103	
6	27	33	-21.17	-51.07	9.08	-8.45	-15.58	104	
6	27	38	13.72	24.41	-8.36	25.90	14.72	105	
6	27	43	7.36	9.69	4.61	-1.48	9.97	106	
6	31	3	3.87	4.44	4.27	-1.94	2.66	107	
6	31	8	34.66	16.92	6.68	-69.88	-8.11	108	
6	31	13	28.88	1.30	-4.89	0.46	38.16	109	
6	31	18	28.16	35.73	25.37	56.10	-19.09	110	
6	31	23	8.41	38.88	12.38	-22.69	-46.03	111	
6	31	28	-14.64	-51.22	0.23	-23.39	-38.99	112	
6	31	33	12.30	27.00	0.31	44.32	42.75	113	
6	31	38	2.42	8.94	-0.32	-7.44	-0.58	114	
6	31	43	-24.72	-16.73	2.83	13.33	-56.70	115	
6	35	3	4.34	3.08	7.24	1.85	-3.95	116	
6	35	8	0.60	-24.35	8.28	-50.77	18.42	117	
6	35	13	37.51	24.87	3.86	-49.93	-1.71	118	
6	35	18	1.59	-0.84	-25.99	-4.06	-28.50	119	
6	35	23	-9.16	-63.79	-10.79	10.99	4.44	120	
6	35	28	8.51	22.40	0.53	42.02	65.95	121	
6	35	33	4.41	5.55	2.46	1.87	3.07	122	
6	35	38	27.43	14.03	-9.58	-58.92	-15.78	123	
6	35	43	-38.80	-22.74	-9.44	52.47	-10.59	124	
6	39	3	1.41	4.43	2.15	2.19	1.29	125	
6	39	8	1.33	8.80	12.95	-4.52	10.49	126	
6	39	13	6.71	-12.13	20.35	-43.12	36.23	127	
6	39	18	-15.30	-23.19	-14.98	14.02	83.00	128	
6	39	23	5.20	33.07	5.92	18.73	50.80	129	
6	39	28	6.85	7.58	5.14	-2.19	-5.19	130	
6	39	33	3.31	4.11	3.61	-1.54	-1.25	131	
6	39	38	16.22	-7.14	27.33	-18.83	25.07	132	
6	39	43	-24.29	5.25	-24.43	32.35	58.46	133	
6	43	3	3.18	4.10	4.19	0.57	1.61	134	
6	43	8	4.93	0.93	4.58	-3.04	1.63	135	
6	43	13	-0.45	4.02	3.87	2.00	3.91	136	
6	43	18	7.23	11.83	8.34	-1.73	-0.61	137	
6	43	23	4.33	1.31	2.13	1.04	-5.31	138	
6	43	28	2.74	3.12	4.07	0.46	1.42	139	
6	43	33	0.82	3.99	1.97	-2.46	1.00	140	
6	43	38	4.32	5.19	5.11	2.50	-3.97	141	
6	43	43	5.69	12.23	11.57	-3.28	5.40	142	
