143
diam	c	r	EConv0	EConv1	EConv2	OConv0	OConv1
6	3	3	2.14	-15.95	-12.80	-8.33	45.69	44	
6	3	8	1.52	-14.73	-15.82	1.36	38.98	45	
6	3	13	0.37	-15.92	-22.71	0.68	30.79	46	
6	3	18	-1.85	-22.01	-20.44	0.52	37.09	47	
6	3	23	7.59	-13.47	-9.73	-5.48	36.03	48	
6	3	28	7.23	-11.61	-7.96	5.79	38.66	49	
6	3	33	-2.25	-19.64	-14.09	-0.89	48.71	50	
6	3	38	5.15	-10.48	-8.04	4.44	58.30	51	
6	3	43	3.75	1.13	-6.79	-2.30	59.12	52	
6	7	3	3.70	8.20	9.24	5.28	1.16	53	
6	7	8	2.62	7.73	7.04	-0.76	6.04	54	
6	7	13	2.07	6.55	8.38	2.59	7.52	55	
6	7	18	8.18	13.62	13.93	0.95	3.10	56	
6	7	23	5.43	1.89	6.72	-4.61	4.34	57	
6	7	28	2.72	3.65	-0.01	6.36	4.12	58	
6	7	33	5.79	27.30	12.39	4.85	-7.68	59	
6	7	38	-4.21	30.32	30.16	-1.01	-51.96	60	
6	7	43	4.13	2.64	14.60	-0.15	-14.42	61	
6	11	3	6.17	6.78	7.24	1.13	3.10	62	
6	11	8	3.23	3.26	1.59	0.56	1.52	63	
6	11	13	3.16	3.19	2.94	-0.48	0.94	64	
6	11	18	1.62	1.47	-0.13	2.76	1.64	65	
6	11	23	5.37	6.50	6.53	-1.84	0.18	66	
6	11	28	1.70	0.80	0.71	-0.97	0.06	67	
6	11	33	7.63	20.00	-12.66	-63.21	-46.99	68	
6	11	38	-11.85	-27.44	-27.40	0.00	-34.45	69	
6	11	43	35.34	0.77	20.89	40.77	-4.35	70	
6	15	3	2.59	4.65	4.20	3.31	-6.49	71	
6	15	8	3.68	4.52	6.01	1.14	-0.46	72	
6	15	13	0.07	1.35	-0.32	1.91	1.13	73	
6	15	18	1.36	1.79	2.74	-2.80	-3.65	74	
6	15	23	3.90	3.36	1.47	0.52	0.41	75	
6	15	28	2.21	2.77	2.04	0.33	-0.79	76	
6	15	33	-9.26	-31.22	3.23	-59.64	38.50	77	
6	15	38	-12.76	-4.31	-3.27	0.86	9.26	78	
6	15	43	29.65	23.46	-3.23	33.83	11.40	79	
6	19	3	-3.17	1.72	-1.66	-0.38	1.77	80	
6	19	8	1.85	3.46	-0.19	-3.01	-4.18	81	
6	19	13	7.71	14.84	3.66	-10.29	-13.05	82	
6	19	18	6.72	0.87	10.48	1.01	-6.49	83	
6	19	23	3.00	4.10	0.05	4.02	0.71	84	
6	19	28	3.09	3.76	2.77	-3.48	-0.15	85	
6	19	33	18.96	21.64	21.54	-5.05	9.21	86	
6	19	38	-48.87	-32.43	0.08	42.11	31.43	87	
6	19	43	2.79	1.55	7.42	2.50	-0.32	88	
6	23	3	-2.74	0.31	0.17	-5.39	1.25	89	
6	23	8	5.05	2.12	3.68	0.19	4.67	90	
6	23	13	-14.30	-10.00	5.17	-16.82	-23.03	91	
6	23	18	10.97	13.99	-1.13	2.73	0.81	92	
6	23	23	-7.65	-5.97	16.52	9.55	-32.40	93	
6	23	28	4.72	1.05	4.39	1.72	-2.57	94	
6	23	33	10.13	13.61	2.88	-34.50	-33.00	95	
6	23	38	1.43	19.03	-9.82	42.89	32.39	96	
6	23	43	4.44	3.58	0.01	5.85	-0.70	97	
6	27	3	4.55	4.41	1.96	-2.09	-1.18	98	
6	27	8	8.69	13.29	11.24	-14.47	-44.26	99	
6	27	13	-19.13	-20.54	0.47	36.88	12.82	100	
6	27	18	14.06	22.91	-0.49	-41.08	-23.04	101	
6	27	23	-1.22	-14.39	-1.70	61.86	16.83	102	
6	27	28	16.04	20.72	4.08	-12.27	-11.87	103	
6	27	33	-17.67	-29.79	6.37	8.11	14.47	104	
6	27	38	5.51	7.28	0.63	11.78	8.15	105	
6	27	43	4.16	4.63	2.50	1.96	3.07	106	
6	31	3	13.87	3.80	6.02	-13.34	-0.74	107	
6	31	8	-18.66	-5.01	-27.97	-23.08	5.25	108	
6	31	13	25.94	39.22	-2.49	12.51	10.43	109	
6	31	18	-5.00	-20.89	9.65	-38.50	-27.21	110	
6	31	23	42.87	22.66	4.76	40.66	7.31	111	
6	31	28	-17.00	-10.28	4.38	-29.76	-36.14	112	
6	31	33	11.05	19.09	1.73	15.33	18.32	113	
6	31	38	3.80	2.78	5.89	2.12	0.03	114	
6	31	43	5.93	4.74	4.80	-0.52	-2.33	115	
6	35	3	1.18	3.89	5.66	-0.73	1.96	116	
6	35	8	-27.25	-1.49	-7.30	-63.05	3.54	117	
6	35	13	1.58	-12.88	18.25	-23.89	-33.57	118	
6	35	18	4.60	20.61	-13.91	-41.30	24.56	119	
6	35	23	26.40	22.31	8.35	0.26	-47.54	120	
6	35	28	-19.56	-19.46	-1.10	36.50	35.79	121	
6	35	33	4.89	3.78	6.69	5.47	2.29	122	
6	35	38	1.64	5.39	0.32	-1.96	0.25	123	
6	35	43	3.33	4.45	0.02	-1.43	-2.40	124	
6	39	3	3.05	3.36	2.81	-3.83	1.47	125	
6	39	8	0.65	-17.84	7.39	-56.08	25.02	126	
6	39	13	-3.37	0.41	-14.35	44.23	42.92	127	
6	39	18	12.07	-8.96	16.95	-50.98	28.49	128	
6	39	23	-11.55	-31.59	-13.63	35.27	44.89	129	
6	39	28	10.99	21.08	-4.41	5.59	14.57	130	
6	39	33	4.28	2.92	2.49	3.67	-1.38	131	
6	39	38	1.11	2.40	3.84	-0.05	0.33	132	
6	39	43	1.70	3.29	0.08	-10.58	2.02	133	
6	43	3	3.06	3.91	3.19	-5.07	0.12	134	
6	43	8	3.16	5.06	16.04	0.58	7.48	135	
6	43	13	5.34	9.62	4.88	1.26	0.48	136	
6	43	18	1.25	2.39	9.08	1.70	3.34	137	
6	43	23	8.14	50.59	10.37	-11.45	-15.34	138	
6	43	28	-4.96	-15.18	23.47	10.82	-30.14	139	
6	43	33	3.16	2.44	2.28	4.21	0.65	140	
6	43	38	1.25	2.77	3.79	3.53	2.67	141	
6	43	43	9.35	15.62	6.41	-13.91	-13.70	142	
