143
diam	c	r	EConv0	EConv1	EConv2	OConv0	OConv1
6	3	3	2.98	2.37	3.42	1.19	1.06	44	
6	3	8	2.91	3.69	3.49	-0.91	1.75	45	
6	3	13	2.84	3.26	3.09	0.20	1.88	46	
6	3	18	2.95	2.80	2.69	-0.03	1.27	47	
6	3	23	2.89	2.53	3.38	0.13	1.56	48	
6	3	28	3.83	4.71	2.77	0.15	0.19	49	
6	3	33	3.53	1.39	2.33	-0.29	0.22	50	
6	3	38	5.17	18.41	12.50	1.08	0.93	51	
6	3	43	1.05	9.83	12.23	-0.45	-3.54	52	
6	7	3	3.19	3.32	2.11	-0.14	1.02	53	
6	7	8	2.64	2.56	3.39	0.87	0.77	54	
6	7	13	3.01	3.24	3.59	-0.15	1.12	55	
6	7	18	2.67	3.20	2.95	-0.56	0.56	56	
6	7	23	3.10	3.26	3.52	-0.10	0.34	57	
6	7	28	1.48	1.31	2.51	1.61	0.95	58	
6	7	33	15.63	29.19	-7.58	-25.90	-22.62	59	
6	7	38	-9.90	-38.26	-24.02	-22.23	-73.78	60	
6	7	43	-4.69	-31.75	4.19	73.48	-35.73	61	
6	11	3	3.15	3.27	3.67	-0.18	0.46	62	
6	11	8	2.83	3.70	2.85	-0.63	0.66	63	
6	11	13	3.04	3.04	3.04	-0.00	-0.00	64	
6	11	18	3.07	3.15	3.34	-0.08	0.21	65	
6	11	23	3.94	3.87	3.48	-0.52	0.57	66	
6	11	28	3.54	6.03	4.19	2.34	1.16	67	
6	11	33	10.44	2.41	0.98	-88.99	-22.09	68	
6	11	38	28.70	21.06	18.71	39.28	70.66	69	
6	11	43	-21.35	7.56	-7.95	58.04	20.64	70	
6	15	3	3.06	3.06	3.06	-0.00	-0.00	71	
6	15	8	3.13	2.81	2.84	-1.48	0.15	72	
6	15	13	2.87	3.24	3.12	-0.12	-0.42	73	
6	15	18	3.09	3.58	3.17	-0.05	-0.04	74	
6	15	23	2.47	3.32	2.66	0.31	-0.20	75	
6	15	28	9.05	10.24	0.84	-5.34	-0.16	76	
6	15	33	-32.62	-48.10	9.79	-1.11	29.63	77	
6	15	38	17.68	34.55	3.30	-47.61	-38.99	78	
6	15	43	15.32	10.71	3.13	50.01	13.31	79	
6	19	3	3.07	2.70	2.70	-0.00	0.74	80	
6	19	8	3.52	1.91	2.18	-1.35	1.74	81	
6	19	13	4.68	4.57	4.33	-0.73	2.35	82	
6	19	18	3.79	1.87	3.40	0.53	0.99	83	
6	19	23	0.74	5.69	13.87	1.93	-9.36	84	
6	19	28	4.23	-6.37	3.05	-10.08	5.74	85	
6	19	33	20.18	58.76	4.23	-20.03	-23.20	86	
6	19	38	-25.52	-59.34	0.07	21.94	26.24	87	
6	19	43	12.93	17.45	-2.02	10.33	6.76	88	
6	23	3	3.25	3.53	3.08	-0.05	-0.38	89	
6	23	8	2.59	2.11	2.65	0.30	-0.76	90	
6	23	13	0.63	0.20	3.06	1.54	-1.25	91	
6	23	18	19.12	27.45	-0.89	-17.90	-12.33	92	
6	23	23	-6.10	-13.97	7.83	40.70	-12.73	93	
6	23	28	12.20	35.72	2.86	-39.44	-51.97	94	
6	23	33	-18.50	-64.42	4.38	8.84	6.59	95	
6	23	38	14.28	32.72	2.37	21.09	22.13	96	
6	23	43	1.69	1.76	4.02	-3.59	-2.35	97	
6	27	3	3.49	1.72	2.78	0.24	-1.08	98	
6	27	8	8.52	10.72	2.77	-0.55	-2.96	99	
6	27	13	-8.94	-5.85	7.46	14.94	-25.87	100	
6	27	18	3.50	-6.66	1.90	-66.59	-44.07	101	
6	27	23	15.51	3.32	-24.79	25.71	-56.29	102	
6	27	28	-14.68	-63.57	-7.21	23.33	31.36	103	
6	27	33	13.61	38.39	3.71	20.87	29.31	104	
6	27	38	2.25	3.28	2.84	1.20	-0.21	105	
6	27	43	2.29	3.11	4.48	-0.69	1.18	106	
6	31	3	3.90	3.88	2.00	-1.21	-0.42	107	
6	31	8	12.99	18.92	-4.15	-51.87	-40.43	108	
6	31	13	35.40	36.82	-9.02	8.58	-9.62	109	
6	31	18	0.77	-22.08	21.76	38.44	46.58	110	
6	31	23	-13.29	17.69	13.06	13.03	83.29	111	
6	31	28	3.74	30.16	4.06	3.52	21.10	112	
6	31	33	2.87	1.31	2.84	0.06	-0.98	113	
6	31	38	2.73	2.74	2.69	0.89	0.42	114	
6	31	43	3.29	2.74	2.45	0.73	-0.95	115	
6	35	3	4.18	0.87	4.68	3.42	2.76	116	
6	35	8	-48.15	-13.55	-1.50	-29.08	-27.28	117	
6	35	13	-24.04	-51.66	15.22	8.06	-5.16	118	
6	35	18	11.40	21.01	-0.30	15.52	13.71	119	
6	35	23	-1.90	-1.78	-2.46	0.80	-2.42	120	
6	35	28	4.72	6.56	3.69	-1.16	2.39	121	
6	35	33	3.46	4.14	3.50	0.06	2.05	122	
6	35	38	3.00	3.45	2.93	0.95	1.17	123	
6	35	43	3.09	2.33	2.54	-0.59	0.91	124	
6	39	3	22.39	16.41	1.59	-10.25	-10.28	125	
6	39	8	-35.95	-46.67	-10.30	-13.52	20.30	126	
6	39	13	16.04	32.61	-7.76	45.24	37.72	127	
6	39	18	2.31	0.45	3.18	-1.04	-3.96	128	
6	39	23	3.04	1.67	0.75	1.87	2.94	129	
6	39	28	1.20	-0.05	2.42	-0.05	0.34	130	
6	39	33	0.85	3.52	1.31	-1.31	-2.04	131	
6	39	38	3.08	2.78	3.28	1.76	-0.71	132	
6	39	43	4.60	5.01	1.50	-2.87	-3.20	133	
6	43	3	10.45	-3.48	12.18	-10.33	6.62	134	
6	43	8	-0.88	31.31	10.26	17.13	44.44	135	
6	43	13	1.54	3.20	1.17	0.78	-2.75	136	
6	43	18	1.95	12.31	8.70	1.81	-4.01	137	
6	43	23	5.64	3.74	6.28	0.48	-1.99	138	
6	43	28	3.43	3.22	3.00	0.39	0.24	139	
6	43	33	2.22	2.97	4.60	-0.89	0.92	140	
6	43	38	1.23	-2.57	3.26	4.83	6.35	141	
6	43	43	3.79	40.46	7.56	-30.10	-40.77	142	
