143
diam	c	r	EConv0	EConv1	EConv2	OConv0	OConv1
6	3	3	3.94	2.63	2.63	-1.25	-1.33	44	
6	3	8	3.64	3.12	3.87	-1.71	0.41	45	
6	3	13	3.51	4.54	4.47	0.59	-0.76	46	
6	3	18	3.16	22.58	4.08	1.35	-15.28	47	
6	3	23	2.45	-2.29	10.11	0.74	-10.28	48	
6	3	28	2.71	2.09	1.32	0.85	-1.65	49	
6	3	33	6.69	24.13	2.30	-5.66	-14.35	50	
6	3	38	-5.26	26.66	3.33	-37.55	-108.54	51	
6	3	43	8.87	-19.44	41.51	51.28	-60.99	52	
6	7	3	3.89	4.69	4.81	-0.88	-0.40	53	
6	7	8	2.84	3.46	4.11	-0.43	0.05	54	
6	7	13	5.15	8.70	0.83	-6.66	-4.03	55	
6	7	18	-24.76	-9.18	-9.89	-52.69	-64.22	56	
6	7	23	19.88	7.26	6.16	20.18	2.04	57	
6	7	28	3.33	4.66	4.38	-0.96	-0.77	58	
6	7	33	15.15	25.21	-3.84	-85.54	-58.19	59	
6	7	38	-4.07	-25.59	-1.39	-0.47	2.16	60	
6	7	43	-28.70	-14.79	-22.03	111.77	-20.03	61	
6	11	3	3.28	2.67	2.67	-1.62	-0.00	62	
6	11	8	1.80	3.68	1.23	0.60	-0.30	63	
6	11	13	25.76	16.47	-0.93	-31.07	-1.36	64	
6	11	18	-47.53	-45.93	1.91	15.01	1.98	65	
6	11	23	17.43	11.07	4.17	7.13	1.82	66	
6	11	28	11.03	7.37	9.33	-0.84	-2.94	67	
6	11	33	-47.50	-34.54	-1.21	-65.55	-21.39	68	
6	11	38	2.22	1.32	1.02	0.67	-1.22	69	
6	11	43	-16.38	-7.77	-4.15	110.46	30.87	70	
6	15	3	4.62	4.14	4.93	-0.35	1.19	71	
6	15	8	4.86	3.34	1.71	-1.49	2.02	72	
6	15	13	13.60	12.00	19.38	-55.35	-71.91	73	
6	15	18	-9.85	-7.66	-11.57	74.00	58.15	74	
6	15	23	21.65	42.11	4.46	-32.27	-32.85	75	
6	15	28	32.50	-1.61	24.42	27.75	-9.54	76	
6	15	33	-20.17	-13.34	-26.81	-50.58	61.02	77	
6	15	38	-2.89	-6.29	3.57	-1.45	4.18	78	
6	15	43	35.69	30.02	-4.48	80.74	32.62	79	
6	19	3	6.17	4.56	4.78	1.26	-0.69	80	
6	19	8	33.86	11.36	-0.43	-31.39	-7.15	81	
6	19	13	-34.26	-24.29	-4.99	3.60	-13.36	82	
6	19	18	39.13	67.93	8.35	-3.63	-25.05	83	
6	19	23	-20.35	-43.88	4.91	-35.86	-64.60	84	
6	19	28	44.10	15.46	4.25	51.92	8.20	85	
6	19	33	38.64	43.33	28.77	-75.37	-6.49	86	
6	19	38	-30.26	-31.40	7.95	68.82	36.11	87	
6	19	43	10.49	21.74	0.91	5.20	7.38	88	
6	23	3	5.79	5.02	3.23	2.13	-0.73	89	
6	23	8	15.10	-1.19	15.92	-11.41	5.02	90	
6	23	13	-48.24	24.05	-37.44	-52.22	21.65	91	
6	23	18	-0.51	-44.62	1.90	-35.90	-65.35	92	
6	23	23	-13.08	-26.90	5.14	73.66	64.53	93	
6	23	28	22.91	59.18	-1.47	-26.08	-44.07	94	
6	23	33	-14.93	-48.05	16.35	-41.73	-59.30	95	
6	23	38	18.15	24.72	-9.02	72.16	52.45	96	
6	23	43	2.68	3.01	5.35	2.78	-0.11	97	
6	27	3	4.02	4.28	3.84	-4.71	-0.97	98	
6	27	8	12.85	18.08	0.66	-9.08	-6.71	99	
6	27	13	-28.85	-33.20	13.51	-68.32	-25.50	100	
6	27	18	-1.33	-3.34	-9.89	15.42	7.81	101	
6	27	23	56.84	75.55	11.66	38.90	-28.24	102	
6	27	28	-17.86	-52.79	9.23	-45.57	-60.65	103	
6	27	33	-12.37	-18.70	1.55	82.36	74.98	104	
6	27	38	15.00	24.22	3.58	6.45	12.61	105	
6	27	43	3.48	3.55	3.82	0.51	2.94	106	
6	31	3	2.66	1.24	3.04	0.94	1.03	107	
6	31	8	44.75	24.28	-0.01	-73.45	-16.20	108	
6	31	13	-9.94	-28.45	9.92	50.69	71.66	109	
6	31	18	-35.59	16.49	-24.14	-75.23	19.32	110	
6	31	23	9.56	-30.46	-14.56	-21.42	-39.06	111	
6	31	28	-11.44	-33.52	1.82	64.79	69.34	112	
6	31	33	27.35	77.33	5.23	9.19	-0.66	113	
6	31	38	-16.50	1.46	35.81	13.84	-86.86	114	
6	31	43	6.61	3.67	5.43	4.96	-1.75	115	
6	35	3	9.01	9.43	3.72	-7.37	-4.36	116	
6	35	8	12.83	-20.84	25.61	-48.36	18.81	117	
6	35	13	16.43	30.15	-3.31	33.85	26.99	118	
6	35	18	-41.16	-26.83	-6.26	-79.59	7.51	119	
6	35	23	-4.84	-24.21	9.13	51.97	81.09	120	
6	35	28	26.76	90.36	2.21	0.02	-11.06	121	
6	35	33	-9.01	-34.72	-3.55	-57.20	-93.56	122	
6	35	38	-39.01	-18.49	-23.92	59.89	-18.21	123	
6	35	43	9.42	5.70	4.77	4.58	-0.44	124	
6	39	3	4.94	1.24	5.13	-8.61	2.91	125	
6	39	8	2.45	7.35	4.80	4.79	4.76	126	
6	39	13	2.85	6.20	6.13	1.68	-2.99	127	
6	39	18	-3.77	44.70	32.50	-31.86	38.90	128	
6	39	23	-1.89	38.03	-10.28	-29.30	-86.56	129	
6	39	28	-7.68	-55.58	-4.67	-47.08	-72.12	130	
6	39	33	0.76	-38.66	-7.56	11.92	34.75	131	
6	39	38	-47.11	-17.39	-18.74	54.07	16.23	132	
6	39	43	9.41	5.37	5.04	2.83	0.51	133	
6	43	3	2.67	2.47	3.89	-2.36	1.16	134	
6	43	8	2.73	4.93	5.20	0.03	0.90	135	
6	43	13	16.36	42.71	3.25	-51.39	-54.28	136	
6	43	18	-2.43	-38.11	-7.86	-38.89	-85.38	137	
6	43	23	-8.23	-47.70	-3.23	9.23	13.40	138	
6	43	28	1.31	-16.67	-3.41	37.31	113.92	139	
6	43	33	27.17	62.89	19.24	16.83	78.44	140	
6	43	38	-50.56	-18.05	-0.31	66.17	42.88	141	
6	43	43	4.23	3.15	2.69	1.37	0.89	142	
