143
diam	c	r	EConv0	EConv1	EConv2	OConv0	OConv1
6	3	3	3.83	10.95	11.46	-0.10	10.77	44	
6	3	8	1.14	7.49	7.84	-3.21	10.46	45	
6	3	13	0.68	6.73	8.55	-2.45	13.49	46	
6	3	18	2.07	7.14	8.16	-0.69	13.65	47	
6	3	23	3.34	8.94	9.86	-1.94	14.65	48	
6	3	28	3.33	6.37	7.18	-0.36	14.76	49	
6	3	33	1.39	5.41	5.70	0.20	16.38	50	
6	3	38	0.51	2.85	4.70	0.99	40.05	51	
6	3	43	4.10	5.25	1.27	-3.32	9.28	52	
6	7	3	4.07	2.84	3.16	-0.39	1.97	53	
6	7	8	0.69	2.03	2.82	-1.32	0.61	54	
6	7	13	2.57	4.13	3.23	-1.91	1.57	55	
6	7	18	3.58	3.89	3.70	-0.47	-1.15	56	
6	7	23	3.13	2.56	3.04	-0.33	-0.65	57	
6	7	28	3.21	3.42	2.55	1.09	0.05	58	
6	7	33	5.10	15.03	3.30	-2.43	-8.32	59	
6	7	38	-2.06	26.98	9.33	-14.85	-78.55	60	
6	7	43	4.76	-2.72	39.81	16.51	-37.62	61	
6	11	3	3.30	2.68	2.50	-0.88	-1.02	62	
6	11	8	2.21	2.00	1.60	-1.68	-1.64	63	
6	11	13	3.67	2.72	2.88	-2.00	-0.51	64	
6	11	18	2.79	2.73	2.61	-0.81	0.74	65	
6	11	23	3.62	2.99	3.80	1.04	0.22	66	
6	11	28	7.94	9.01	3.92	-1.77	-1.38	67	
6	11	33	4.55	17.20	1.06	-60.39	-75.44	68	
6	11	38	-6.22	-46.38	-13.78	-5.90	-13.10	69	
6	11	43	-28.31	-13.27	-29.86	76.34	-42.12	70	
6	15	3	3.22	3.06	3.19	-0.77	-0.65	71	
6	15	8	1.94	4.06	3.82	1.89	-0.14	72	
6	15	13	2.19	2.37	3.46	-3.14	-1.20	73	
6	15	18	3.14	3.28	3.15	0.23	0.12	74	
6	15	23	3.28	3.91	2.91	0.50	-0.28	75	
6	15	28	30.78	11.23	4.58	-21.16	-1.35	76	
6	15	33	-33.30	-55.79	-4.30	3.81	23.30	77	
6	15	38	13.65	20.16	13.97	40.85	84.04	78	
6	15	43	-81.96	-2.13	-36.36	-18.72	19.16	79	
6	19	3	2.89	3.22	2.35	-1.15	-1.03	80	
6	19	8	3.32	2.64	3.67	-0.64	-0.35	81	
6	19	13	6.76	3.76	2.22	-0.47	4.67	82	
6	19	18	0.81	2.70	2.55	-0.09	-1.71	83	
6	19	23	3.23	3.91	3.18	-0.78	-0.04	84	
6	19	28	17.96	-1.86	11.92	-14.07	1.50	85	
6	19	33	-4.13	29.14	0.50	31.32	61.23	86	
6	19	38	14.35	21.33	1.58	4.27	-7.94	87	
6	19	43	-72.39	-42.38	3.14	6.66	11.77	88	
6	23	3	3.02	3.14	4.18	-0.64	0.57	89	
6	23	8	7.34	9.04	5.88	0.48	1.81	90	
6	23	13	-16.13	-7.52	13.93	11.45	-45.47	91	
6	23	18	1.35	2.58	1.58	-1.41	2.70	92	
6	23	23	4.62	3.90	5.22	-0.26	-2.69	93	
6	23	28	2.93	5.40	4.96	0.66	0.59	94	
6	23	33	2.91	1.09	1.24	-3.52	4.67	95	
6	23	38	15.97	24.69	-0.41	-50.89	-42.92	96	
6	23	43	7.19	5.97	2.48	67.03	34.54	97	
6	27	3	4.58	5.43	3.67	2.00	-0.23	98	
6	27	8	16.41	29.86	-7.37	-51.94	-44.55	99	
6	27	13	-13.82	-26.15	-5.65	77.69	10.49	100	
6	27	18	2.84	16.61	-1.58	-12.50	-15.23	101	
6	27	23	7.67	2.84	9.08	2.57	3.25	102	
6	27	28	4.17	0.96	5.31	0.84	4.70	103	
6	27	33	13.49	32.62	-3.00	-41.36	-37.68	104	
6	27	38	-25.76	-61.23	12.75	18.99	7.63	105	
6	27	43	12.09	18.39	-10.35	12.92	13.00	106	
6	31	3	20.85	21.99	-6.59	-30.93	-13.53	107	
6	31	8	-24.43	-47.25	10.64	-36.06	-39.88	108	
6	31	13	36.50	44.73	-3.50	43.32	24.70	109	
6	31	18	-34.62	-28.56	2.76	-34.30	-50.26	110	
6	31	23	21.33	25.73	5.73	7.04	-11.37	111	
6	31	28	3.63	27.28	1.59	-33.31	-72.77	112	
6	31	33	-14.06	-68.82	3.37	-4.79	-11.20	113	
6	31	38	24.55	53.38	-0.76	38.37	32.99	114	
6	31	43	4.30	24.98	33.67	-2.36	-49.44	115	
6	35	3	35.28	-2.77	14.93	-55.81	5.98	116	
6	35	8	-39.41	12.26	-30.61	16.02	24.45	117	
6	35	13	20.31	19.65	16.00	-48.66	-70.87	118	
6	35	18	-39.51	-6.87	-11.62	46.50	-20.76	119	
6	35	23	0.15	-9.05	5.50	-35.57	-78.07	120	
6	35	28	-6.74	-56.60	0.57	20.06	42.56	121	
6	35	33	21.80	62.38	-3.05	16.33	32.37	122	
6	35	38	-0.46	-0.39	1.98	-42.99	-92.01	123	
6	35	43	-18.25	-24.30	-26.19	6.19	-50.43	124	
6	39	3	5.57	1.49	15.52	-3.85	9.20	125	
6	39	8	-11.67	-3.90	-12.29	-91.44	34.51	126	
6	39	13	-6.76	-39.59	0.81	43.00	54.35	127	
6	39	18	-25.37	-11.41	-23.94	-33.98	56.73	128	
6	39	23	-9.46	-13.28	-2.85	40.20	83.75	129	
6	39	28	26.61	71.03	3.97	0.40	9.25	130	
6	39	33	-6.30	-24.70	1.45	-55.59	-79.18	131	
6	39	38	-4.75	-41.70	4.11	24.07	49.69	132	
6	39	43	28.44	20.18	-7.82	-20.88	85.48	133	
6	43	3	3.95	1.88	1.46	0.84	1.19	134	
6	43	8	5.40	-2.46	31.78	-16.45	28.91	135	
6	43	13	1.84	28.14	-0.85	12.47	22.48	136	
6	43	18	-1.96	14.91	24.17	2.57	28.45	137	
6	43	23	7.95	32.60	1.16	-5.43	-4.28	138	
6	43	28	-4.85	-19.80	1.81	-66.32	-70.52	139	
6	43	33	-10.26	-37.74	3.66	49.75	62.53	140	
6	43	38	12.71	44.95	8.69	25.08	50.50	141	
6	43	43	42.82	25.09	15.23	-66.99	-11.14	142	
