143
diam	c	r	EConv0	EConv1	EConv2	OConv0	OConv1
6	3	3	3.25	2.52	4.59	0.41	2.16	44	
6	3	8	2.95	6.71	2.80	0.59	2.33	45	
6	3	13	5.27	5.01	4.76	0.54	-0.29	46	
6	3	18	7.86	6.24	5.02	-1.18	4.46	47	
6	3	23	7.13	3.04	5.30	4.19	0.41	48	
6	3	28	4.20	2.47	4.08	0.88	-0.92	49	
6	3	33	3.40	1.71	4.35	0.26	-0.01	50	
6	3	38	2.67	3.58	2.95	-1.55	-4.13	51	
6	3	43	3.38	2.53	3.91	-0.38	-1.28	52	
6	7	3	3.19	3.66	1.83	-3.27	-0.73	53	
6	7	8	3.98	2.79	3.10	-0.77	-3.24	54	
6	7	13	7.47	8.19	-0.02	-6.11	-0.62	55	
6	7	18	-5.24	13.00	4.26	-13.75	-47.37	56	
6	7	23	13.91	0.45	12.41	17.94	-8.77	57	
6	7	28	5.90	3.01	3.98	3.23	-0.41	58	
6	7	33	3.68	5.30	1.22	1.15	-2.26	59	
6	7	38	-0.00	6.97	6.36	-4.90	-16.11	60	
6	7	43	7.63	3.27	9.19	5.88	-3.53	61	
6	11	3	3.49	3.25	2.98	-2.73	2.69	62	
6	11	8	-0.05	2.19	1.53	-0.89	3.16	63	
6	11	13	17.44	18.67	0.36	-36.50	-19.91	64	
6	11	18	-17.40	-31.28	-1.53	4.64	2.17	65	
6	11	23	18.76	11.89	-3.66	21.44	7.24	66	
6	11	28	3.86	3.47	2.76	2.89	0.74	67	
6	11	33	11.26	11.45	-2.17	-19.37	-2.29	68	
6	11	38	-12.72	-2.61	-3.86	-5.43	-38.80	69	
6	11	43	7.05	-0.38	10.70	25.24	-25.49	70	
6	15	3	4.22	3.60	3.10	-5.70	-2.84	71	
6	15	8	5.97	16.15	6.34	-3.62	-17.67	72	
6	15	13	-2.96	-17.93	10.06	-35.70	-26.86	73	
6	15	18	12.23	15.14	5.24	38.11	35.64	74	
6	15	23	6.71	3.93	3.57	-1.90	0.76	75	
6	15	28	2.15	4.73	2.69	0.20	-2.11	76	
6	15	33	16.15	1.42	8.62	-29.43	-1.89	77	
6	15	38	2.90	-8.53	-3.29	-0.10	47.86	78	
6	15	43	-12.47	-4.85	-9.23	33.55	-13.55	79	
6	19	3	5.00	1.26	4.75	-3.20	1.56	80	
6	19	8	-9.59	1.65	-16.03	-45.97	-29.91	81	
6	19	13	0.77	-13.72	10.07	42.44	30.64	82	
6	19	18	2.62	11.96	-1.61	2.50	3.06	83	
6	19	23	2.92	2.24	9.38	3.67	-6.99	84	
6	19	28	1.16	3.19	4.16	-1.96	-0.36	85	
6	19	33	8.19	0.69	8.28	-8.35	3.27	86	
6	19	38	23.40	25.66	11.69	-8.17	5.83	87	
6	19	43	-21.48	-10.13	-5.23	34.21	13.59	88	
6	23	3	3.68	2.20	5.26	5.99	2.38	89	
6	23	8	-25.65	-4.25	-5.24	-59.57	9.03	90	
6	23	13	21.73	16.69	0.08	33.04	16.37	91	
6	23	18	1.14	14.19	0.59	-22.86	-14.30	92	
6	23	23	2.20	-4.22	7.85	19.09	-15.18	93	
6	23	28	2.89	-1.15	0.98	2.23	3.73	94	
6	23	33	4.33	5.60	3.89	3.26	-1.28	95	
6	23	38	7.53	4.78	6.50	-35.73	-19.69	96	
6	23	43	12.25	11.43	2.99	35.51	21.40	97	
6	27	3	-0.91	3.64	0.89	5.61	-2.10	98	
6	27	8	-23.04	-6.06	-3.24	-59.56	4.00	99	
6	27	13	27.85	23.52	11.37	7.86	-19.91	100	
6	27	18	-6.35	-19.18	6.19	-13.24	-13.50	101	
6	27	23	-1.45	9.18	-8.21	25.91	-4.86	102	
6	27	28	6.89	11.05	8.99	1.89	-14.03	103	
6	27	33	3.01	6.95	2.64	-13.95	-17.86	104	
6	27	38	-9.69	-20.72	3.25	8.71	7.16	105	
6	27	43	6.13	10.25	0.17	8.80	5.36	106	
6	31	3	4.70	3.38	3.95	4.24	0.31	107	
6	31	8	-8.10	-3.59	-2.40	-58.06	9.20	108	
6	31	13	10.59	-10.70	2.03	-1.87	-17.74	109	
6	31	18	3.73	4.09	3.65	23.16	24.39	110	
6	31	23	-6.54	5.64	-10.10	-21.19	5.14	111	
6	31	28	4.97	-4.75	-2.29	0.70	-26.04	112	
6	31	33	0.75	-14.47	2.52	12.67	2.70	113	
6	31	38	7.10	13.02	2.71	13.56	19.63	114	
6	31	43	2.20	3.05	3.33	0.76	1.46	115	
6	35	3	5.34	4.95	2.35	0.76	-0.79	116	
6	35	8	7.39	-5.86	16.13	-32.03	18.48	117	
6	35	13	-4.58	-0.70	-5.50	20.84	31.97	118	
6	35	18	3.93	9.94	4.15	6.67	6.13	119	
6	35	23	1.01	-2.74	10.98	-17.52	20.84	120	
6	35	28	-0.64	1.93	-5.02	-0.65	34.10	121	
6	35	33	4.66	9.21	3.18	20.77	16.49	122	
6	35	38	5.56	7.00	5.95	-0.78	-1.58	123	
6	35	43	3.03	3.42	3.49	1.18	1.52	124	
6	39	3	3.96	3.71	3.35	-1.82	-0.48	125	
6	39	8	3.40	3.19	6.45	-2.13	6.50	126	
6	39	13	2.20	10.00	6.08	2.04	6.83	127	
6	39	18	1.04	3.08	0.04	-0.93	1.39	128	
6	39	23	2.56	2.22	5.04	-1.28	1.82	129	
6	39	28	2.67	2.69	7.75	-5.59	5.28	130	
6	39	33	5.31	6.99	0.77	3.76	2.36	131	
6	39	38	3.47	1.29	2.13	2.99	2.12	132	
6	39	43	3.23	3.45	3.32	1.35	-0.15	133	
6	43	3	2.75	2.83	3.04	-1.40	-0.27	134	
6	43	8	3.72	3.02	3.91	-1.58	-0.41	135	
6	43	13	2.16	2.28	1.97	0.26	1.02	136	
6	43	18	2.62	2.10	4.15	-1.09	0.39	137	
6	43	23	4.39	4.16	3.81	2.36	1.64	138	
6	43	28	-0.27	4.32	2.59	-0.10	3.17	139	
6	43	33	3.01	3.74	3.85	-1.08	2.64	140	
6	43	38	4.72	4.50	3.46	1.87	-3.39	141	
6	43	43	2.91	3.04	3.12	1.11	-0.56	142	
