143
diam	c	r	EConv0	EConv1	EConv2	OConv0	OConv1
6	3	3	-0.82	-9.89	-9.94	-4.56	-17.05	44	
6	3	8	4.62	-4.70	-5.58	0.97	-18.84	45	
6	3	13	4.83	-6.13	-10.32	0.61	-19.65	46	
6	3	18	3.36	-9.01	-9.96	-3.45	-15.33	47	
6	3	23	19.60	0.83	11.69	-59.83	4.25	48	
6	3	28	18.51	-2.78	-1.23	10.81	-13.12	49	
6	3	33	1.80	-1.71	-7.97	6.65	-15.75	50	
6	3	38	-0.36	-11.17	-7.77	-9.87	-11.70	51	
6	3	43	1.84	-11.93	-10.23	1.56	-18.28	52	
6	7	3	0.63	-12.86	-9.03	-0.07	16.12	53	
6	7	8	-2.69	-7.57	-5.69	6.43	34.85	54	
6	7	13	-7.02	-9.52	-9.64	-12.09	23.13	55	
6	7	18	3.73	-9.93	-14.73	-7.24	25.57	56	
6	7	23	20.69	-5.40	-4.05	-46.63	4.70	57	
6	7	28	20.89	-8.74	-1.95	13.80	14.90	58	
6	7	33	1.81	-13.61	-11.25	2.88	21.08	59	
6	7	38	4.61	-9.74	-16.44	-1.96	19.09	60	
6	7	43	3.87	-9.03	-8.54	2.21	18.16	61	
6	11	3	0.20	11.87	11.05	2.14	10.01	62	
6	11	8	1.96	7.41	8.76	-2.91	5.46	63	
6	11	13	2.29	8.03	11.69	-2.87	15.07	64	
6	11	18	4.43	9.99	15.12	-5.32	8.61	65	
6	11	23	13.27	11.97	31.47	-20.89	37.36	66	
6	11	28	12.87	21.51	11.02	5.86	16.91	67	
6	11	33	4.74	9.99	11.12	-0.14	11.00	68	
6	11	38	5.18	10.77	16.23	-1.79	12.29	69	
6	11	43	3.92	13.03	13.36	-2.31	13.43	70	
6	15	3	3.20	3.21	3.03	-0.44	0.96	71	
6	15	8	2.23	4.48	3.02	0.55	2.65	72	
6	15	13	27.50	50.13	2.13	-26.54	-28.12	73	
6	15	18	5.19	-24.81	37.49	64.18	-53.84	74	
6	15	23	6.55	3.25	4.27	0.38	-0.95	75	
6	15	28	4.89	5.42	2.26	0.34	1.02	76	
6	15	33	5.11	5.37	3.94	2.16	0.10	77	
6	15	38	2.34	4.16	3.62	-3.15	-2.57	78	
6	15	43	4.92	3.32	4.99	0.36	0.39	79	
6	19	3	4.13	3.85	3.73	0.05	0.14	80	
6	19	8	19.51	30.70	-3.47	-17.56	-13.29	81	
6	19	13	-22.54	-72.90	8.75	-30.08	-35.98	82	
6	19	18	-53.55	-6.97	-48.00	70.54	9.52	83	
6	19	23	0.77	3.67	1.61	-2.67	-4.06	84	
6	19	28	4.43	2.30	5.80	-0.11	-1.67	85	
6	19	33	5.59	4.43	4.95	2.08	-0.69	86	
6	19	38	8.73	7.74	2.87	-7.20	0.25	87	
6	19	43	7.32	1.34	6.77	5.85	-5.98	88	
6	23	3	3.87	4.02	4.27	0.12	1.36	89	
6	23	8	31.57	-15.09	23.09	-53.77	12.83	90	
6	23	13	6.09	42.35	-10.30	60.22	71.00	91	
6	23	18	-69.94	-0.50	-5.83	40.73	-13.62	92	
6	23	23	-10.52	8.54	41.02	5.43	-40.45	93	
6	23	28	4.03	3.97	2.33	2.36	1.63	94	
6	23	33	5.21	4.20	2.46	-0.59	-0.39	95	
6	23	38	28.72	21.79	0.58	-35.28	-12.92	96	
6	23	43	20.68	9.04	4.93	16.63	-5.34	97	
6	27	3	4.23	3.37	4.22	2.21	-0.54	98	
6	27	8	1.72	4.72	4.83	-1.74	2.18	99	
6	27	13	36.25	31.11	-4.05	-32.95	-20.39	100	
6	27	18	-13.64	-17.64	-11.39	-4.39	-17.94	101	
6	27	23	-43.50	-28.92	-18.45	89.87	-12.94	102	
6	27	28	4.41	5.32	3.41	0.95	-2.01	103	
6	27	33	6.01	13.32	2.59	-1.88	-3.99	104	
6	27	38	-27.85	-17.63	36.03	-17.51	-43.73	105	
6	27	43	15.92	11.57	5.32	-2.31	6.89	106	
6	31	3	5.61	6.03	3.68	-2.58	-0.16	107	
6	31	8	4.14	3.71	1.99	-4.97	-2.25	108	
6	31	13	46.42	-6.67	25.34	-49.14	17.46	109	
6	31	18	29.51	11.53	-3.92	36.06	80.88	110	
6	31	23	-17.20	-8.83	-8.68	95.53	43.24	111	
6	31	28	8.31	26.39	4.45	-5.20	-3.21	112	
6	31	33	-1.00	-9.45	1.18	-58.74	-77.58	113	
6	31	38	-50.67	-43.78	-26.95	56.66	4.68	114	
6	31	43	0.92	-0.10	1.43	0.48	-0.65	115	
6	35	3	3.99	3.25	3.78	-0.92	1.16	116	
6	35	8	4.25	3.74	5.60	-5.54	5.48	117	
6	35	13	3.65	3.23	4.03	2.43	-2.02	118	
6	35	18	23.93	31.85	-11.90	-85.06	-44.68	119	
6	35	23	28.34	49.82	-6.61	19.12	-69.77	120	
6	35	28	0.52	-38.42	-10.30	-36.46	-76.10	121	
6	35	33	0.04	-42.80	6.16	17.16	33.34	122	
6	35	38	17.41	50.55	-3.69	54.26	61.32	123	
6	35	43	2.79	1.90	1.78	-1.86	0.65	124	
6	39	3	4.52	4.55	4.60	-1.42	-1.54	125	
6	39	8	2.82	1.51	3.13	-1.67	0.14	126	
6	39	13	2.94	3.03	0.56	-0.84	0.39	127	
6	39	18	5.34	-16.69	-1.71	-102.29	23.94	128	
6	39	23	3.12	-7.85	-1.01	1.04	0.11	129	
6	39	28	-14.27	-47.14	-5.26	35.21	51.71	130	
6	39	33	18.23	51.88	9.87	23.51	34.35	131	
6	39	38	4.91	2.14	4.35	0.38	-0.60	132	
6	39	43	3.99	5.26	4.78	-1.91	-1.71	133	
6	43	3	3.30	3.89	3.14	-1.27	-1.19	134	
6	43	8	4.46	3.59	3.91	0.08	-2.39	135	
6	43	13	3.94	2.70	4.34	-0.34	0.02	136	
6	43	18	12.09	2.80	34.85	-14.57	15.65	137	
6	43	23	-5.13	33.44	23.44	2.13	76.36	138	
6	43	28	11.32	39.60	13.18	5.20	24.52	139	
6	43	33	7.20	19.14	9.72	0.95	-9.17	140	
6	43	38	5.55	5.27	1.33	-2.19	1.00	141	
6	43	43	4.57	2.55	3.93	-1.12	2.01	142	
