143
diam	c	r	EConv0	EConv1	EConv2	OConv0	OConv1
6	3	3	3.97	2.87	3.84	-3.10	0.48	44	
6	3	8	5.01	4.15	2.86	3.59	-0.91	45	
6	3	13	2.53	3.98	2.85	0.89	-1.66	46	
6	3	18	-0.29	1.22	1.02	0.69	2.84	47	
6	3	23	5.12	5.05	4.90	0.52	-1.42	48	
6	3	28	3.77	3.21	4.06	0.05	-0.85	49	
6	3	33	11.16	-1.30	7.03	-11.68	3.54	50	
6	3	38	14.65	20.94	-0.47	10.35	10.02	51	
6	3	43	5.90	4.60	3.48	0.94	1.60	52	
6	7	3	4.03	4.32	3.51	-1.83	0.02	53	
6	7	8	5.08	3.75	3.44	1.71	2.08	54	
6	7	13	2.66	4.00	2.76	1.56	2.27	55	
6	7	18	5.00	5.94	5.56	-0.81	-1.28	56	
6	7	23	1.53	16.12	5.46	-4.51	-22.20	57	
6	7	28	6.76	4.17	5.39	1.70	1.36	58	
6	7	33	5.13	4.07	6.82	0.84	1.32	59	
6	7	38	3.69	2.45	2.91	0.74	-1.48	60	
6	7	43	4.25	3.21	3.73	0.18	-0.44	61	
6	11	3	4.28	3.21	3.69	-3.06	0.31	62	
6	11	8	7.84	5.19	4.73	0.68	0.09	63	
6	11	13	6.11	4.90	4.75	-0.82	-0.08	64	
6	11	18	8.99	15.88	1.89	-14.10	-11.10	65	
6	11	23	-0.23	-18.77	0.73	-1.16	23.84	66	
6	11	28	11.80	2.82	4.17	10.00	-1.09	67	
6	11	33	-1.65	33.18	8.70	-13.57	-38.35	68	
6	11	38	6.72	1.87	8.71	0.80	0.24	69	
6	11	43	3.77	3.81	3.35	-0.33	0.21	70	
6	15	3	3.63	3.06	4.17	-0.05	1.22	71	
6	15	8	3.99	4.48	4.06	0.13	-1.57	72	
6	15	13	4.95	6.43	0.49	-5.19	-4.62	73	
6	15	18	-10.01	-16.37	8.36	-9.92	-4.49	74	
6	15	23	7.51	7.17	2.01	7.19	1.16	75	
6	15	28	11.01	7.03	3.59	-5.18	1.75	76	
6	15	33	-38.54	-32.57	-42.94	-38.76	-21.90	77	
6	15	38	37.63	7.18	20.25	23.97	-5.40	78	
6	15	43	3.14	3.51	4.93	1.64	-2.30	79	
6	19	3	3.50	3.90	3.92	-0.53	-0.54	80	
6	19	8	3.76	4.70	4.25	-0.05	-0.90	81	
6	19	13	4.85	9.48	2.92	-23.93	-20.50	82	
6	19	18	10.77	10.38	1.94	23.76	14.31	83	
6	19	23	-8.99	12.48	7.34	-2.22	-24.46	84	
6	19	28	2.55	4.51	5.82	1.54	-0.34	85	
6	19	33	20.21	28.72	23.83	-99.05	45.52	86	
6	19	38	51.45	3.90	18.78	61.89	-5.10	87	
6	19	43	0.68	2.78	2.52	1.96	-0.01	88	
6	23	3	3.17	2.97	1.44	-2.22	-0.36	89	
6	23	8	10.81	10.60	2.96	-7.66	-4.80	90	
6	23	13	-6.50	-11.31	4.55	12.45	17.35	91	
6	23	18	5.04	26.65	-1.06	-20.25	-51.56	92	
6	23	23	-19.20	-37.67	4.04	36.09	2.44	93	
6	23	28	9.46	17.43	4.97	-2.41	-4.03	94	
6	23	33	-25.14	-51.58	21.25	-30.20	-14.59	95	
6	23	38	20.36	29.86	-7.07	23.37	12.95	96	
6	23	43	4.10	5.19	5.33	0.21	3.58	97	
6	27	3	5.87	4.93	6.01	-1.68	-0.04	98	
6	27	8	-4.14	7.08	5.17	-17.71	-10.86	99	
6	27	13	24.97	32.63	1.36	-21.92	-16.07	100	
6	27	18	14.75	-12.43	6.68	11.05	44.49	101	
6	27	23	34.50	58.22	11.28	29.07	-20.07	102	
6	27	28	-16.97	-42.62	1.49	-24.67	-68.85	103	
6	27	33	8.57	26.26	2.20	34.21	41.80	104	
6	27	38	1.83	4.43	3.48	-1.73	6.25	105	
6	27	43	4.92	3.78	3.36	3.20	-0.34	106	
6	31	3	3.09	3.74	3.20	-0.66	-0.75	107	
6	31	8	-22.31	-14.34	-30.89	-57.25	-7.85	108	
6	31	13	-15.16	-52.74	-9.08	5.68	-9.91	109	
6	31	18	52.14	28.33	4.95	-28.49	-0.04	110	
6	31	23	7.61	-56.04	-8.27	14.09	24.30	111	
6	31	28	2.77	39.33	0.35	42.31	71.39	112	
6	31	33	5.44	7.85	4.79	3.24	-0.46	113	
6	31	38	4.45	5.32	5.89	-0.31	-1.64	114	
6	31	43	4.03	4.79	4.81	-0.46	0.44	115	
6	35	3	2.45	2.48	3.65	-0.37	0.13	116	
6	35	8	1.91	3.46	29.10	-11.52	23.32	117	
6	35	13	1.41	27.97	10.08	9.23	27.69	118	
6	35	18	14.60	-1.87	20.35	-11.59	11.28	119	
6	35	23	9.78	30.26	4.74	13.69	21.26	120	
6	35	28	4.44	4.77	4.22	-0.95	0.26	121	
6	35	33	4.05	4.47	4.04	2.14	1.12	122	
6	35	38	3.36	1.88	3.08	-0.73	0.92	123	
6	35	43	3.46	3.25	2.88	0.10	0.26	124	
6	39	3	3.25	4.61	3.36	-0.63	-0.87	125	
6	39	8	3.40	2.71	3.04	-1.07	-0.32	126	
6	39	13	6.01	2.48	2.43	-1.23	-0.45	127	
6	39	18	5.00	3.68	2.85	2.62	0.55	128	
6	39	23	4.19	4.53	5.09	-2.19	1.26	129	
6	39	28	1.68	2.29	4.08	-0.53	-0.73	130	
6	39	33	3.13	3.18	3.58	1.35	-0.49	131	
6	39	38	3.55	3.84	3.35	0.16	0.06	132	
6	39	43	3.10	3.15	3.38	0.48	0.48	133	
6	43	3	4.47	3.48	2.86	-0.09	0.20	134	
6	43	8	3.45	3.21	3.41	0.58	0.91	135	
6	43	13	2.73	4.09	4.45	0.75	-0.09	136	
6	43	18	4.88	3.68	4.93	1.44	1.57	137	
6	43	23	4.19	3.89	4.67	-0.53	0.52	138	
6	43	28	1.22	2.98	2.54	-0.39	0.08	139	
6	43	33	2.73	2.59	2.48	1.89	0.34	140	
6	43	38	2.73	3.81	3.36	0.12	-0.34	141	
6	43	43	3.43	4.14	4.48	0.26	-0.42	142	
