143
diam	c	r	EConv0	EConv1	EConv2	OConv0	OConv1
6	3	3	5.14	-4.60	9.20	10.66	10.79	44	
6	3	8	17.39	46.00	8.55	-19.94	-27.11	45	
6	3	13	-14.11	-47.20	-0.76	-54.42	-70.73	46	
6	3	18	-0.31	-34.57	2.35	52.78	76.41	47	
6	3	23	16.32	40.17	2.31	16.39	25.53	48	
6	3	28	2.82	-0.85	3.98	-4.58	2.57	49	
6	3	33	17.62	25.50	4.26	-4.90	-11.48	50	
6	3	38	-25.76	8.23	4.69	-7.14	-108.97	51	
6	3	43	24.89	4.23	34.54	9.53	-7.54	52	
6	7	3	24.36	45.70	-10.29	-30.47	-39.99	53	
6	7	8	-4.64	-47.05	6.00	-21.00	-62.91	54	
6	7	13	-12.93	-20.92	-8.35	61.85	66.30	55	
6	7	18	12.20	30.87	6.79	6.59	16.22	56	
6	7	23	-0.42	1.27	-0.32	-2.52	-4.28	57	
6	7	28	7.83	5.38	4.35	-5.76	-3.45	58	
6	7	33	39.80	17.51	-7.71	-81.32	-21.18	59	
6	7	38	-21.11	-12.38	-18.75	-2.11	-2.60	60	
6	7	43	47.01	7.12	15.36	71.41	-2.49	61	
6	11	3	10.52	-24.29	-6.96	-92.81	6.35	62	
6	11	8	9.66	7.41	-1.73	63.52	87.09	63	
6	11	13	-16.81	40.98	2.30	-8.71	-73.70	64	
6	11	18	27.24	2.19	14.68	17.12	-3.31	65	
6	11	23	-30.32	0.61	-11.88	-16.24	-76.23	66	
6	11	28	12.23	1.02	11.51	9.43	-5.57	67	
6	11	33	10.62	-15.33	37.82	-29.22	23.80	68	
6	11	38	-0.17	33.22	-19.19	-73.92	75.05	69	
6	11	43	50.52	18.31	14.46	59.13	2.00	70	
6	15	3	0.65	-1.88	35.40	-4.94	30.51	71	
6	15	8	20.82	54.86	-8.34	-67.48	-51.77	72	
6	15	13	-47.89	-45.22	-12.55	15.16	-5.42	73	
6	15	18	47.25	27.81	3.29	-4.06	-8.32	74	
6	15	23	-39.72	-25.29	7.64	-6.19	7.67	75	
6	15	28	22.22	13.57	-1.07	12.98	7.87	76	
6	15	33	0.96	6.10	0.20	7.76	4.53	77	
6	15	38	25.05	2.95	21.79	-100.93	10.60	78	
6	15	43	41.52	17.77	6.47	44.15	1.73	79	
6	19	3	22.27	18.92	2.30	4.16	-4.58	80	
6	19	8	-29.27	-35.10	9.29	-55.97	-33.92	81	
6	19	13	-27.57	-29.80	4.40	76.52	45.47	82	
6	19	18	41.27	23.12	7.18	-56.95	-5.59	83	
6	19	23	-29.16	-26.89	-6.16	68.80	29.51	84	
6	19	28	7.75	5.09	3.99	-8.31	0.02	85	
6	19	33	6.76	3.82	7.14	7.16	2.89	86	
6	19	38	5.89	-0.69	16.01	-71.25	-5.74	87	
6	19	43	33.37	17.13	5.38	21.38	7.44	88	
6	23	3	48.24	20.39	7.12	-35.18	-5.06	89	
6	23	8	-27.31	-23.63	2.01	2.69	-6.88	90	
6	23	13	33.35	43.46	-4.72	64.02	43.86	91	
6	23	18	16.82	14.97	14.33	-70.48	-30.35	92	
6	23	23	23.56	31.17	17.28	66.90	14.87	93	
6	23	28	1.61	15.03	17.93	-5.26	-20.70	94	
6	23	33	16.98	31.50	12.06	-16.57	-41.60	95	
6	23	38	-13.57	-37.66	17.38	16.78	-5.29	96	
6	23	43	13.78	9.22	3.80	-2.07	5.33	97	
6	27	3	46.70	11.41	22.28	-27.39	5.59	98	
6	27	8	-49.84	-25.37	3.03	82.27	61.72	99	
6	27	13	22.49	42.99	0.20	-41.22	-25.59	100	
6	27	18	-2.08	-42.84	-0.96	-5.29	-6.12	101	
6	27	23	9.72	-3.63	-30.77	3.29	-37.11	102	
6	27	28	6.76	-25.67	-14.69	-6.55	-24.12	103	
6	27	33	21.27	-27.20	4.04	19.91	27.16	104	
6	27	38	7.15	19.50	-5.52	42.24	35.98	105	
6	27	43	5.04	5.20	6.02	-3.77	-1.74	106	
6	31	3	48.30	17.27	12.47	-25.77	-0.43	107	
6	31	8	-1.88	34.61	1.92	67.00	-30.67	108	
6	31	13	-26.70	-58.98	7.09	-16.63	-17.68	109	
6	31	18	18.30	39.40	24.44	13.13	39.61	110	
6	31	23	-0.25	15.58	26.83	1.45	60.19	111	
6	31	28	3.96	28.46	14.29	-1.26	53.48	112	
6	31	33	10.76	21.46	2.90	10.94	3.65	113	
6	31	38	5.76	9.62	1.04	2.46	-3.24	114	
6	31	43	2.38	-0.07	3.82	-0.01	-0.46	115	
6	35	3	42.35	25.40	9.12	-36.90	-12.04	116	
6	35	8	-12.57	-32.91	-14.58	32.03	23.48	117	
6	35	13	14.48	32.55	3.15	43.17	46.69	118	
6	35	18	0.75	3.45	2.12	-2.30	1.52	119	
6	35	23	3.20	1.05	2.34	5.30	-1.65	120	
6	35	28	3.29	3.83	2.27	-3.80	-5.15	121	
6	35	33	1.85	4.81	5.59	1.31	5.55	122	
6	35	38	4.38	3.76	5.43	-2.23	0.62	123	
6	35	43	4.44	20.28	2.58	-2.36	-5.99	124	
6	39	3	22.81	8.78	-0.45	-75.32	-16.25	125	
6	39	8	22.14	21.06	9.05	66.57	38.41	126	
6	39	13	2.55	3.26	5.06	-6.44	-5.08	127	
6	39	18	2.12	2.82	3.97	-1.54	0.50	128	
6	39	23	4.25	3.41	1.70	3.35	1.22	129	
6	39	28	0.14	4.20	2.71	0.69	-2.28	130	
6	39	33	4.14	7.40	6.76	-0.94	-3.28	131	
6	39	38	6.12	5.05	7.02	-2.33	0.32	132	
6	39	43	34.15	10.36	-8.43	-75.60	-12.94	133	
6	43	3	-7.52	-14.41	15.77	-48.55	21.23	134	
6	43	8	22.85	19.99	-3.30	10.63	10.22	135	
6	43	13	3.80	6.28	2.57	0.73	-3.32	136	
6	43	18	2.00	1.43	3.24	3.19	4.53	137	
6	43	23	1.59	6.05	3.26	-1.78	-3.77	138	
6	43	28	0.41	5.22	4.38	-1.72	-0.12	139	
6	43	33	3.80	8.80	6.42	-3.86	-3.50	140	
6	43	38	-0.50	3.54	9.52	5.32	-4.86	141	
6	43	43	12.75	-3.96	38.17	-17.75	21.40	142	
