143
diam	c	r	EConv0	EConv1	EConv2	OConv0	OConv1
6	3	3	3.44	2.99	3.54	1.22	0.17	44	
6	3	8	34.80	17.62	4.08	-21.06	0.44	45	
6	3	13	-44.29	-58.06	1.14	-2.54	-7.32	46	
6	3	18	24.26	30.57	13.72	38.84	49.39	47	
6	3	23	-4.91	24.40	22.22	-0.58	59.95	48	
6	3	28	5.27	17.42	0.60	5.44	10.08	49	
6	3	33	6.67	9.92	1.50	5.66	1.03	50	
6	3	38	-2.80	12.96	18.24	-5.96	-24.94	51	
6	3	43	6.79	4.57	2.15	-32.23	2.85	52	
6	7	3	2.86	3.44	3.45	1.38	0.81	53	
6	7	8	42.09	12.20	16.86	-26.58	-0.47	54	
6	7	13	-33.20	-12.61	-4.31	71.86	34.73	55	
6	7	18	5.13	4.49	-1.88	-3.29	-0.39	56	
6	7	23	2.48	1.92	1.86	3.51	-5.22	57	
6	7	28	0.39	2.63	7.39	3.03	1.84	58	
6	7	33	15.71	31.13	-4.00	-50.87	-42.70	59	
6	7	38	-41.03	-28.93	-7.20	28.69	-73.28	60	
6	7	43	22.01	8.89	8.80	-34.45	3.89	61	
6	11	3	4.97	4.66	3.60	-0.29	0.34	62	
6	11	8	30.08	9.38	8.90	-19.28	-1.06	63	
6	11	13	-4.23	3.92	0.66	72.61	14.30	64	
6	11	18	-0.34	0.34	2.84	-2.79	-0.83	65	
6	11	23	2.03	3.34	4.23	0.26	0.60	66	
6	11	28	4.35	4.66	2.69	4.42	1.47	67	
6	11	33	-18.86	-16.48	-9.21	-85.57	-27.27	68	
6	11	38	-51.25	-14.45	-30.93	42.58	16.96	69	
6	11	43	32.26	9.72	10.26	-36.43	0.71	70	
6	15	3	3.61	3.91	4.06	-1.69	-0.45	71	
6	15	8	30.74	9.84	11.64	-25.89	-0.53	72	
6	15	13	2.81	5.20	-2.46	67.69	1.75	73	
6	15	18	-2.27	2.33	-3.25	-7.61	-0.02	74	
6	15	23	0.02	3.53	0.75	0.97	-3.75	75	
6	15	28	9.51	3.63	5.33	2.73	-0.02	76	
6	15	33	-24.84	-27.26	3.50	-24.70	63.29	77	
6	15	38	-44.07	14.69	-18.56	-33.17	17.34	78	
6	15	43	31.94	8.03	12.56	-29.77	-5.60	79	
6	19	3	3.94	1.34	2.34	0.09	2.80	80	
6	19	8	19.65	0.24	10.89	-12.07	5.68	81	
6	19	13	-3.92	11.55	-13.21	32.82	14.20	82	
6	19	18	-0.18	-2.39	6.95	-3.97	-4.72	83	
6	19	23	-3.84	16.11	-9.74	-29.16	-20.78	84	
6	19	28	16.16	0.61	7.30	12.08	-2.71	85	
6	19	33	20.72	30.58	20.19	-5.70	-2.45	86	
6	19	38	-54.68	-38.49	9.89	-15.12	-3.28	87	
6	19	43	19.87	7.90	6.12	-26.34	4.33	88	
6	23	3	4.88	4.32	4.77	1.21	-2.81	89	
6	23	8	11.22	13.59	4.40	-2.87	-9.02	90	
6	23	13	-14.87	0.46	17.00	18.33	-22.44	91	
6	23	18	4.17	13.30	2.19	1.52	4.17	92	
6	23	23	-36.48	-13.50	7.86	-41.43	-43.69	93	
6	23	28	26.07	33.99	9.70	-1.35	-27.91	94	
6	23	33	3.50	6.30	0.99	-53.20	-86.55	95	
6	23	38	-13.25	-19.56	6.66	84.21	29.41	96	
6	23	43	0.85	4.11	2.78	-30.43	-2.46	97	
6	27	3	0.82	6.10	4.19	0.04	-2.69	98	
6	27	8	22.16	30.63	-7.77	-62.07	-30.02	99	
6	27	13	-5.30	-24.53	2.20	83.91	-5.93	100	
6	27	18	13.04	21.71	1.52	-53.55	-52.90	101	
6	27	23	-34.00	-14.15	-23.46	-10.83	-39.00	102	
6	27	28	13.87	-14.18	-1.05	-24.04	-82.31	103	
6	27	33	-22.80	-44.55	-4.54	9.97	-1.17	104	
6	27	38	21.68	22.31	-9.85	68.79	29.73	105	
6	27	43	-4.56	0.96	0.38	-31.40	-5.66	106	
6	31	3	0.02	1.94	5.27	-0.25	3.70	107	
6	31	8	0.81	-22.20	-5.24	-93.50	1.09	108	
6	31	13	37.15	41.08	-2.99	59.27	-25.84	109	
6	31	18	-19.05	-51.70	3.44	-2.72	-1.53	110	
6	31	23	9.79	6.96	-6.83	-56.91	83.43	111	
6	31	28	-2.68	-24.79	-19.33	3.97	57.84	112	
6	31	33	-2.96	5.70	-1.19	54.31	82.93	113	
6	31	38	9.95	15.69	3.15	14.92	5.10	114	
6	31	43	-3.20	5.09	-0.11	-38.53	-0.45	115	
6	35	3	4.94	4.90	0.55	3.66	-2.34	116	
6	35	8	28.02	20.96	24.59	-51.76	21.19	117	
6	35	13	-10.98	-29.04	-5.66	25.75	13.31	118	
6	35	18	8.32	26.52	3.73	38.53	53.27	119	
6	35	23	10.42	6.36	33.91	-22.62	24.63	120	
6	35	28	-0.74	15.43	14.01	10.45	61.00	121	
6	35	33	6.16	21.84	0.25	4.62	14.88	122	
6	35	38	0.14	2.50	0.04	2.70	0.89	123	
6	35	43	-2.82	-2.27	0.76	-39.31	-4.06	124	
6	39	3	-0.49	0.38	5.95	2.24	4.53	125	
6	39	8	10.69	-2.31	-4.83	-68.51	-14.59	126	
6	39	13	8.40	14.52	7.84	62.59	46.71	127	
6	39	18	1.00	6.58	2.03	-4.66	2.14	128	
6	39	23	3.59	3.20	2.84	-0.65	3.96	129	
6	39	28	6.37	3.30	1.90	1.69	-6.78	130	
6	39	33	3.93	2.08	6.86	-1.76	-0.63	131	
6	39	38	0.98	4.06	3.10	1.12	0.01	132	
6	39	43	-10.13	-3.36	1.33	-31.23	0.15	133	
6	43	3	-0.05	5.75	1.30	-1.35	-0.59	134	
6	43	8	-9.36	-10.34	10.69	-33.53	17.29	135	
6	43	13	11.13	20.38	0.64	23.83	4.63	136	
6	43	18	0.52	0.28	4.14	-4.51	-0.33	137	
6	43	23	4.61	4.18	3.74	-0.77	-0.39	138	
6	43	28	3.71	3.01	3.59	1.63	0.89	139	
6	43	33	3.70	3.97	3.24	1.15	-1.27	140	
6	43	38	-0.01	1.71	2.77	0.80	-0.09	141	
6	43	43	-13.95	-1.22	0.22	-26.54	0.92	142	
