143
diam	c	r	EConv0	EConv1	EConv2	OConv0	OConv1
6	3	3	4.87	3.58	3.55	0.44	-0.40	44	
6	3	8	3.25	2.33	3.93	3.24	1.62	45	
6	3	13	-42.90	-67.45	-40.06	-33.65	92.94	46	
6	3	18	-13.60	-32.35	-17.19	52.65	121.97	47	
6	3	23	13.44	51.12	6.86	19.78	39.21	48	
6	3	28	6.03	5.90	1.99	-1.16	1.46	49	
6	3	33	4.94	20.88	2.08	-8.74	-12.97	50	
6	3	38	21.93	6.20	48.07	5.92	-12.59	51	
6	3	43	5.64	5.47	2.60	8.44	2.86	52	
6	7	3	5.22	4.54	3.63	-0.63	0.25	53	
6	7	8	3.15	4.03	2.88	1.73	-0.26	54	
6	7	13	0.57	15.55	11.55	0.54	9.23	55	
6	7	18	2.35	8.27	7.88	0.02	3.76	56	
6	7	23	1.54	2.46	2.08	-1.22	1.27	57	
6	7	28	31.39	34.38	0.53	-24.28	-18.01	58	
6	7	33	4.40	-33.03	-7.37	-36.38	-100.51	59	
6	7	38	-14.08	-21.65	-11.87	98.75	-69.25	60	
6	7	43	2.80	3.79	0.84	4.59	0.31	61	
6	11	3	5.92	5.81	5.83	-1.19	-0.10	62	
6	11	8	2.44	1.39	3.73	1.98	-0.33	63	
6	11	13	4.18	4.41	5.11	0.46	1.30	64	
6	11	18	2.76	3.82	3.09	-0.77	2.29	65	
6	11	23	2.01	4.16	0.99	-2.13	0.68	66	
6	11	28	67.82	6.12	18.69	-82.78	10.36	67	
6	11	33	-0.11	-3.82	-0.39	0.12	5.25	68	
6	11	38	-48.08	-9.84	-30.01	52.56	-12.43	69	
6	11	43	8.33	5.16	4.08	5.95	-0.84	70	
6	15	3	2.81	1.77	1.52	-1.49	-0.49	71	
6	15	8	3.90	5.22	3.55	2.77	0.57	72	
6	15	13	3.03	3.57	3.51	-1.69	-0.43	73	
6	15	18	3.29	2.23	3.09	-1.56	0.46	74	
6	15	23	4.47	2.09	3.73	-0.31	2.37	75	
6	15	28	20.55	-8.42	21.72	-20.88	9.86	76	
6	15	33	-5.81	6.36	-1.24	-1.38	122.55	77	
6	15	38	-75.41	-19.97	-42.26	22.22	47.35	78	
6	15	43	7.93	4.57	1.40	7.89	-1.43	79	
6	19	3	2.89	4.40	2.85	-3.38	0.91	80	
6	19	8	3.90	4.86	3.93	-0.28	0.22	81	
6	19	13	5.94	4.07	5.87	-0.18	-0.29	82	
6	19	18	4.06	3.36	4.39	1.36	-0.39	83	
6	19	23	3.00	4.00	2.77	-1.42	-0.95	84	
6	19	28	1.41	3.00	1.57	-1.86	3.45	85	
6	19	33	11.36	15.11	2.31	-10.29	-1.55	86	
6	19	38	-44.20	-32.93	2.95	48.29	36.91	87	
6	19	43	3.82	5.28	5.85	0.93	8.27	88	
6	23	3	4.41	2.76	4.24	0.77	0.34	89	
6	23	8	2.39	1.86	1.56	0.78	-0.53	90	
6	23	13	14.31	60.68	-4.21	-37.41	-54.53	91	
6	23	18	27.03	-7.12	42.94	30.83	-25.64	92	
6	23	23	-4.04	11.99	28.83	5.76	-23.31	93	
6	23	28	2.50	3.81	5.79	-1.16	0.86	94	
6	23	33	12.26	17.94	5.38	-69.69	-54.99	95	
6	23	38	41.43	35.45	-11.88	31.01	23.36	96	
6	23	43	8.85	3.88	4.63	3.66	-0.62	97	
6	27	3	3.34	3.11	3.88	1.25	-0.46	98	
6	27	8	10.93	15.55	4.34	-8.03	-5.78	99	
6	27	13	-49.55	-77.90	5.01	-72.22	-47.18	100	
6	27	18	70.78	81.58	-18.56	-1.81	-50.49	101	
6	27	23	-65.49	-43.74	-47.22	101.60	-27.27	102	
6	27	28	14.98	51.26	11.20	-45.62	-77.91	103	
6	27	33	-17.00	-41.12	6.83	62.36	51.98	104	
6	27	38	12.73	11.17	-4.44	-22.78	-7.27	105	
6	27	43	10.60	6.61	9.05	4.38	-2.07	106	
6	31	3	3.69	5.33	4.11	-0.17	-1.06	107	
6	31	8	4.65	16.35	-5.98	-90.48	-100.14	108	
6	31	13	29.39	67.01	6.29	50.05	20.87	109	
6	31	18	-27.18	-73.92	12.34	62.67	62.33	110	
6	31	23	-58.44	-30.94	-68.33	-75.50	34.75	111	
6	31	28	-10.06	-34.72	-13.74	47.32	84.24	112	
6	31	33	3.67	13.18	-2.65	7.45	7.06	113	
6	31	38	6.00	-0.07	8.32	-4.22	5.31	114	
6	31	43	4.78	0.92	-1.17	0.59	2.23	115	
6	35	3	4.97	3.64	1.78	-1.65	1.27	116	
6	35	8	-59.50	-21.42	-48.78	-71.61	23.44	117	
6	35	13	-9.31	-75.72	-4.17	55.31	59.60	118	
6	35	18	16.60	33.30	0.55	16.51	16.57	119	
6	35	23	2.53	10.34	24.49	-7.84	21.91	120	
6	35	28	4.85	6.92	5.35	0.99	3.98	121	
6	35	33	1.15	4.22	6.29	0.84	6.79	122	
6	35	38	4.32	4.56	6.14	-1.38	5.41	123	
6	35	43	6.49	7.50	5.00	-4.46	4.92	124	
6	39	3	3.94	2.80	4.89	-2.16	-0.70	125	
6	39	8	-18.55	-3.94	57.38	-35.72	85.22	126	
6	39	13	10.02	38.15	2.98	16.08	23.87	127	
6	39	18	0.20	3.52	2.98	-0.50	2.01	128	
6	39	23	5.04	3.57	4.12	-2.99	0.26	129	
6	39	28	6.54	3.77	4.27	1.55	1.85	130	
6	39	33	1.89	3.83	2.69	2.05	1.13	131	
6	39	38	3.10	4.44	4.56	1.48	0.52	132	
6	39	43	3.64	2.52	6.02	-4.36	1.62	133	
6	43	3	5.73	6.16	5.71	0.44	-0.74	134	
6	43	8	2.23	4.13	2.09	0.26	0.90	135	
6	43	13	3.64	4.79	4.58	-1.79	0.59	136	
6	43	18	3.37	3.27	3.69	-1.32	0.46	137	
6	43	23	3.12	2.02	5.95	2.08	0.77	138	
6	43	28	4.32	4.94	3.92	1.44	0.93	139	
6	43	33	3.26	5.16	3.96	0.18	1.90	140	
6	43	38	3.65	4.68	4.28	1.95	-0.24	141	
6	43	43	3.17	3.45	5.15	0.62	1.93	142	
