143
diam	c	r	EConv0	EConv1	EConv2	OConv0	OConv1
6	3	3	3.00	4.83	1.66	-1.68	1.26	44	
6	3	8	5.03	2.92	4.85	1.96	0.67	45	
6	3	13	4.66	4.53	3.48	0.09	1.59	46	
6	3	18	2.68	4.47	2.73	1.30	-0.18	47	
6	3	23	0.73	1.64	5.61	-0.80	0.11	48	
6	3	28	-0.08	1.12	-0.01	-2.36	2.06	49	
6	3	33	4.17	5.43	1.83	-0.31	0.04	50	
6	3	38	4.17	5.21	1.04	-0.07	2.73	51	
6	3	43	2.42	4.23	4.11	-1.05	-1.08	52	
6	7	3	2.67	2.25	3.85	-3.40	0.79	53	
6	7	8	3.64	3.77	3.08	2.41	-0.65	54	
6	7	13	1.71	3.28	3.20	-1.20	-2.61	55	
6	7	18	3.86	3.43	2.93	-1.58	1.09	56	
6	7	23	0.70	4.40	-0.09	1.57	-0.63	57	
6	7	28	9.51	16.92	4.07	-5.97	-0.54	58	
6	7	33	-18.67	7.97	8.81	-16.31	-69.80	59	
6	7	38	21.50	2.11	13.75	5.33	-1.44	60	
6	7	43	4.69	1.92	2.87	1.74	-0.66	61	
6	11	3	4.08	2.84	3.02	-0.22	0.99	62	
6	11	8	2.87	3.50	3.73	-0.05	-2.13	63	
6	11	13	1.62	1.97	1.25	-0.28	0.37	64	
6	11	18	4.13	3.65	4.53	-0.96	-1.26	65	
6	11	23	-0.31	-1.32	6.67	2.02	1.94	66	
6	11	28	33.87	38.20	-8.64	-84.30	-37.83	67	
6	11	33	-36.25	-29.43	-14.17	17.26	-36.55	68	
6	11	38	40.17	8.66	12.91	26.85	-0.04	69	
6	11	43	4.19	5.22	4.43	1.50	1.21	70	
6	15	3	3.96	3.01	4.27	0.81	-1.16	71	
6	15	8	2.73	5.86	3.49	-0.94	2.40	72	
6	15	13	4.96	6.63	8.72	-0.17	-1.82	73	
6	15	18	1.40	4.69	3.97	2.51	-1.57	74	
6	15	23	-1.01	3.31	5.08	9.47	0.93	75	
6	15	28	-11.94	-28.59	-7.02	-107.60	-20.09	76	
6	15	33	-23.04	-3.11	-29.72	11.92	18.05	77	
6	15	38	45.41	12.63	33.19	53.24	-17.92	78	
6	15	43	2.70	3.17	2.49	-1.72	-1.23	79	
6	19	3	1.62	3.00	1.26	-1.04	-0.40	80	
6	19	8	1.88	0.19	2.42	-1.57	-0.67	81	
6	19	13	9.09	26.34	-1.13	-19.59	-20.26	82	
6	19	18	8.21	-9.55	21.42	22.32	-20.45	83	
6	19	23	4.49	9.83	-2.58	4.09	-2.23	84	
6	19	28	-15.28	-19.34	26.18	-29.15	59.47	85	
6	19	33	15.26	18.26	-3.48	-62.75	79.48	86	
6	19	38	4.13	-13.69	9.44	106.56	-38.62	87	
6	19	43	-0.33	7.01	1.49	-11.36	5.06	88	
6	23	3	3.98	5.23	5.39	-0.95	0.21	89	
6	23	8	9.10	9.56	6.62	0.63	4.01	90	
6	23	13	-10.97	-0.61	-12.79	-86.93	-64.71	91	
6	23	18	42.80	3.46	8.68	80.90	-1.99	92	
6	23	23	-0.53	-4.30	21.21	8.81	-19.80	93	
6	23	28	-3.09	3.75	-2.21	6.10	-1.82	94	
6	23	33	32.18	27.80	20.63	-88.25	-38.10	95	
6	23	38	2.05	1.80	-18.79	98.36	31.42	96	
6	23	43	5.41	2.31	6.64	-9.65	-1.78	97	
6	27	3	-2.27	-1.39	1.17	-0.65	-2.03	98	
6	27	8	39.34	26.43	-4.72	-37.98	-11.79	99	
6	27	13	-50.16	-58.54	11.39	-7.53	-3.70	100	
6	27	18	68.75	61.31	-19.20	-1.77	7.15	101	
6	27	23	-24.54	-22.20	8.59	86.82	-49.49	102	
6	27	28	20.27	43.74	5.94	-26.87	-7.64	103	
6	27	33	-41.99	-57.95	20.91	-22.91	-29.14	104	
6	27	38	22.81	36.67	-8.85	29.99	25.59	105	
6	27	43	3.57	7.34	4.02	1.77	-1.58	106	
6	31	3	-0.59	4.79	3.08	1.78	0.29	107	
6	31	8	56.51	18.30	14.22	-78.09	-5.83	108	
6	31	13	-24.49	-7.89	11.35	111.86	39.58	109	
6	31	18	5.49	-7.02	16.71	-96.57	-73.07	110	
6	31	23	-19.81	13.90	-51.33	47.49	-22.03	111	
6	31	28	12.69	-28.94	11.23	-47.31	-97.22	112	
6	31	33	-9.56	-8.00	-3.19	98.98	52.14	113	
6	31	38	3.53	2.43	7.11	-7.88	-2.85	114	
6	31	43	17.42	34.66	-1.67	-46.95	-47.39	115	
6	35	3	2.71	1.54	1.15	-0.68	1.53	116	
6	35	8	57.98	17.69	12.86	-84.26	3.22	117	
6	35	13	14.85	28.42	-27.75	45.46	-64.37	118	
6	35	18	-23.80	-57.62	5.91	40.26	33.68	119	
6	35	23	23.78	5.81	16.68	-30.99	90.78	120	
6	35	28	-19.30	-24.90	-10.32	36.80	91.20	121	
6	35	33	14.89	32.98	-6.99	31.20	35.57	122	
6	35	38	16.80	26.51	-2.62	-31.22	-21.63	123	
6	35	43	-31.80	-65.73	15.38	-8.98	-16.22	124	
6	39	3	4.58	3.76	3.94	-4.30	1.19	125	
6	39	8	42.43	-1.70	21.90	-68.05	3.31	126	
6	39	13	-23.58	-33.40	-14.84	23.44	74.57	127	
6	39	18	18.53	42.00	-1.22	42.62	58.49	128	
6	39	23	9.50	6.02	12.90	-1.05	0.04	129	
6	39	28	-0.69	18.10	4.67	12.43	19.86	130	
6	39	33	12.83	22.48	-0.40	-10.96	-17.72	131	
6	39	38	-12.38	-33.08	11.22	-58.38	-59.87	132	
6	39	43	8.65	21.20	-5.96	69.11	57.30	133	
6	43	3	6.54	2.75	5.85	0.86	1.09	134	
6	43	8	8.04	-2.62	15.39	-11.47	3.43	135	
6	43	13	-0.23	29.39	15.04	17.26	31.17	136	
6	43	18	6.28	-0.56	5.45	-1.28	-4.67	137	
6	43	23	3.55	4.10	3.59	0.88	2.87	138	
6	43	28	9.26	14.95	1.73	-0.45	-7.93	139	
6	43	33	6.11	2.83	3.16	-67.20	-67.34	140	
6	43	38	-1.25	-17.38	12.25	68.68	68.05	141	
6	43	43	8.29	14.57	6.21	3.95	1.77	142	
