143
diam	c	r	EConv0	EConv1	EConv2	OConv0	OConv1
6	3	3	20.42	16.73	1.46	-11.30	-4.78	44	
6	3	8	-89.17	-83.11	18.46	42.90	11.50	45	
6	3	13	-21.51	-18.48	4.38	-119.43	-59.39	46	
6	3	18	28.80	43.47	-5.99	92.72	64.55	47	
6	3	23	2.65	3.51	4.23	1.01	3.18	48	
6	3	28	4.73	4.00	2.78	-2.32	1.25	49	
6	3	33	3.99	2.91	3.94	1.87	1.68	50	
6	3	38	3.28	5.43	2.02	-0.50	1.47	51	
6	3	43	-0.45	-5.78	10.33	11.06	-15.01	52	
6	7	3	69.11	33.33	3.84	-71.73	-14.38	53	
6	7	8	27.32	49.98	13.55	116.04	-9.16	54	
6	7	13	-38.47	-74.42	6.31	18.98	81.29	55	
6	7	18	17.78	18.54	2.90	12.85	7.03	56	
6	7	23	2.73	5.85	2.49	1.31	0.30	57	
6	7	28	3.43	2.44	3.63	-2.80	-0.18	58	
6	7	33	19.03	44.34	-2.68	-23.48	-23.63	59	
6	7	38	17.13	-15.81	45.47	35.06	-25.52	60	
6	7	43	-0.18	13.14	5.49	5.85	7.26	61	
6	11	3	44.83	-12.65	37.71	-44.89	20.62	62	
6	11	8	-19.75	-55.52	-67.85	31.01	75.23	63	
6	11	13	34.73	37.91	-1.08	31.33	22.41	64	
6	11	18	5.88	6.02	3.99	2.06	1.50	65	
6	11	23	4.17	2.24	4.62	-0.53	-1.31	66	
6	11	28	3.81	4.21	3.10	0.65	0.16	67	
6	11	33	16.51	-21.40	-28.18	-134.32	-9.92	68	
6	11	38	23.25	32.80	21.39	122.53	-74.81	69	
6	11	43	-3.93	-6.43	-7.86	14.21	4.54	70	
6	15	3	4.94	5.70	2.34	1.47	0.38	71	
6	15	8	0.91	12.00	11.35	-2.98	9.08	72	
6	15	13	4.86	2.58	3.95	1.10	-0.53	73	
6	15	18	4.34	2.97	1.65	1.10	0.69	74	
6	15	23	4.32	4.69	5.25	1.16	0.44	75	
6	15	28	3.33	3.09	3.12	0.08	-0.28	76	
6	15	33	10.12	4.24	48.91	-19.62	25.67	77	
6	15	38	-34.05	29.65	-82.62	-77.06	68.40	78	
6	15	43	45.15	-11.32	52.35	52.71	-27.67	79	
6	19	3	3.89	2.29	1.96	-0.42	-0.44	80	
6	19	8	2.64	1.03	2.39	1.42	-0.95	81	
6	19	13	2.22	6.31	2.51	0.14	-1.48	82	
6	19	18	0.82	2.52	1.90	-0.37	-0.99	83	
6	19	23	4.09	4.27	3.30	-0.28	1.59	84	
6	19	28	4.73	4.76	3.72	-1.71	0.36	85	
6	19	33	2.58	2.10	3.16	1.63	0.41	86	
6	19	38	13.73	10.42	25.83	-132.91	-55.13	87	
6	19	43	62.01	24.05	-9.42	108.70	16.82	88	
6	23	3	3.94	3.47	4.30	-1.94	0.59	89	
6	23	8	6.15	8.89	2.76	-1.12	-2.57	90	
6	23	13	-7.54	16.32	-0.30	-52.30	-84.03	91	
6	23	18	27.18	-9.24	12.70	39.83	-8.63	92	
6	23	23	4.00	3.10	3.55	-0.31	-1.52	93	
6	23	28	3.86	2.45	3.68	-1.11	-0.80	94	
6	23	33	28.53	54.43	-3.46	-41.53	-34.77	95	
6	23	38	-63.75	-93.87	15.51	21.60	13.82	96	
6	23	43	24.35	14.27	1.68	35.99	0.33	97	
6	27	3	4.87	4.01	4.46	-0.13	-0.31	98	
6	27	8	45.48	48.98	-10.95	-72.04	-38.42	99	
6	27	13	-3.71	-25.28	8.83	85.17	62.66	100	
6	27	18	-21.20	51.21	33.49	3.50	-90.56	101	
6	27	23	4.23	2.17	7.42	0.26	-1.42	102	
6	27	28	8.10	18.75	0.82	-5.15	-8.82	103	
6	27	33	-30.56	-60.33	11.27	-80.34	-70.45	104	
6	27	38	34.89	53.92	-3.38	82.58	69.58	105	
6	27	43	4.18	12.25	13.45	5.15	1.40	106	
6	31	3	-0.87	2.33	2.77	1.61	0.30	107	
6	31	8	-32.10	-20.11	1.09	-117.81	-39.11	108	
6	31	13	54.05	76.55	-5.21	-55.29	-67.71	109	
6	31	18	-16.81	-26.01	-34.56	-8.94	-8.77	110	
6	31	23	48.27	44.24	58.57	59.01	-104.93	111	
6	31	28	-1.85	-22.33	7.32	-68.51	-110.98	112	
6	31	33	0.80	-2.84	2.13	85.85	96.21	113	
6	31	38	13.40	6.81	6.95	-0.24	2.26	114	
6	31	43	8.66	12.31	-2.92	10.76	7.85	115	
6	35	3	-1.09	2.31	5.21	6.21	2.56	116	
6	35	8	-77.37	-29.16	-37.89	-88.43	-17.75	117	
6	35	13	-26.51	-99.16	7.41	32.60	42.07	118	
6	35	18	38.59	17.98	41.58	-67.91	106.60	119	
6	35	23	-6.07	-42.10	-71.59	-11.25	69.13	120	
6	35	28	-6.05	-19.03	-10.58	69.60	111.49	121	
6	35	33	12.17	23.05	-1.39	11.27	9.87	122	
6	35	38	3.72	3.62	1.71	0.86	1.46	123	
6	35	43	3.18	3.07	2.72	-0.30	0.02	124	
6	39	3	1.60	2.30	0.79	0.67	-3.41	125	
6	39	8	-6.00	4.39	64.68	-43.11	95.40	126	
6	39	13	17.30	57.45	-2.47	30.10	43.92	127	
6	39	18	4.09	2.88	4.19	1.29	0.01	128	
6	39	23	4.76	15.08	32.89	-9.09	22.35	129	
6	39	28	6.19	13.43	4.80	0.71	2.12	130	
6	39	33	4.30	3.22	5.91	-0.54	0.24	131	
6	39	38	5.28	4.48	3.84	0.84	-0.60	132	
6	39	43	3.96	1.85	4.96	0.19	-0.56	133	
6	43	3	4.06	3.81	3.11	0.11	2.66	134	
6	43	8	5.31	5.46	5.91	-0.61	1.55	135	
6	43	13	3.03	2.61	3.85	-0.84	-0.15	136	
6	43	18	5.28	4.14	3.47	1.30	0.95	137	
6	43	23	4.40	2.75	1.83	1.24	-2.37	138	
6	43	28	3.79	4.48	5.78	0.64	-0.80	139	
6	43	33	5.36	2.75	3.60	1.71	1.03	140	
6	43	38	4.38	3.40	2.85	2.04	0.70	141	
6	43	43	3.68	4.76	3.81	0.25	0.31	142	
