143
diam	c	r	EConv0	EConv1	EConv2	OConv0	OConv1
6	3	3	-0.02	2.25	1.01	-3.46	0.22	44	
6	3	8	5.48	5.99	2.77	0.17	2.84	45	
6	3	13	14.57	24.00	-7.56	-50.78	-27.48	46	
6	3	18	-21.50	-54.12	3.41	13.72	24.97	47	
6	3	23	13.22	28.74	-0.39	32.44	31.76	48	
6	3	28	2.80	4.13	4.30	-0.49	-1.29	49	
6	3	33	4.12	4.20	8.16	-1.47	-1.22	50	
6	3	38	3.20	33.19	3.61	-32.86	-56.32	51	
6	3	43	16.49	-3.79	31.66	36.88	-25.97	52	
6	7	3	2.27	2.42	3.18	-4.01	2.02	53	
6	7	8	10.94	29.51	-5.48	-22.89	-32.48	54	
6	7	13	-17.33	-55.43	16.85	-23.51	-31.22	55	
6	7	18	15.57	23.35	-3.28	46.80	38.66	56	
6	7	23	2.62	5.42	2.51	1.22	-0.32	57	
6	7	28	3.01	3.51	-0.22	-5.35	0.13	58	
6	7	33	16.19	22.91	-1.58	-22.61	-19.37	59	
6	7	38	-19.67	-33.95	-4.25	-23.63	-19.75	60	
6	7	43	30.61	0.55	-3.22	95.92	6.32	61	
6	11	3	5.54	3.69	4.63	-2.22	2.91	62	
6	11	8	-4.92	-19.61	-10.96	-72.29	-4.06	63	
6	11	13	9.35	12.48	3.61	60.07	57.74	64	
6	11	18	5.95	8.14	2.97	-2.74	4.38	65	
6	11	23	3.75	5.94	4.81	0.42	1.07	66	
6	11	28	7.46	4.58	5.12	-8.60	1.41	67	
6	11	33	-6.62	-0.55	-11.27	-67.71	-40.29	68	
6	11	38	-8.39	-5.63	4.19	9.08	4.94	69	
6	11	43	24.47	26.07	-5.11	27.42	19.53	70	
6	15	3	4.69	3.53	3.70	-0.87	-1.62	71	
6	15	8	-4.20	-0.09	25.45	-8.42	37.41	72	
6	15	13	10.61	26.46	-3.54	-1.49	-2.00	73	
6	15	18	0.06	-9.01	25.20	17.04	-25.39	74	
6	15	23	2.08	2.38	1.71	-2.47	1.46	75	
6	15	28	6.50	2.81	4.51	-5.74	1.17	76	
6	15	33	-8.97	-20.49	-1.77	-60.60	52.43	77	
6	15	38	-39.99	-15.80	-3.70	38.42	12.78	78	
6	15	43	9.97	9.50	3.98	1.18	2.31	79	
6	19	3	3.36	3.21	0.49	-3.45	1.71	80	
6	19	8	4.91	2.96	2.44	3.62	-0.21	81	
6	19	13	18.56	19.00	-6.05	-54.78	-30.90	82	
6	19	18	15.33	-4.14	-7.55	73.35	5.99	83	
6	19	23	3.81	1.92	3.10	1.15	-1.25	84	
6	19	28	3.12	3.15	5.35	-2.23	-2.76	85	
6	19	33	20.74	9.32	18.59	-10.29	10.08	86	
6	19	38	-46.95	-19.34	-5.03	66.10	22.07	87	
6	19	43	2.30	2.02	7.07	2.37	-2.63	88	
6	23	3	4.02	3.57	5.12	-2.20	-0.06	89	
6	23	8	4.57	9.49	-2.09	-4.22	-6.39	90	
6	23	13	-21.18	-31.70	14.75	-37.19	-23.08	91	
6	23	18	25.76	47.87	-4.52	9.39	-8.32	92	
6	23	23	10.86	3.42	11.03	7.43	-2.82	93	
6	23	28	1.98	4.59	3.72	-2.97	-0.88	94	
6	23	33	35.71	23.05	6.13	-34.70	-13.07	95	
6	23	38	12.43	11.53	2.80	75.46	22.71	96	
6	23	43	2.02	6.30	2.09	3.40	2.61	97	
6	27	3	0.54	2.42	2.04	-4.06	0.65	98	
6	27	8	2.57	8.04	-8.96	-56.41	-41.68	99	
6	27	13	-35.20	-28.92	-0.26	59.10	26.28	100	
6	27	18	-41.93	-19.36	-8.87	-55.46	-38.81	101	
6	27	23	20.54	9.78	9.33	16.26	0.58	102	
6	27	28	4.99	8.00	6.35	-2.53	-0.40	103	
6	27	33	-8.52	-12.81	5.22	-45.61	-21.53	104	
6	27	38	18.46	25.78	-4.07	20.81	19.77	105	
6	27	43	3.31	2.06	1.78	-0.10	2.46	106	
6	31	3	22.38	19.17	-2.19	-24.49	-10.96	107	
6	31	8	-23.60	-29.45	11.91	9.69	-0.73	108	
6	31	13	5.01	48.50	-7.16	14.26	-42.80	109	
6	31	18	-24.77	-18.98	4.61	0.75	-10.13	110	
6	31	23	11.45	14.94	13.18	29.86	-65.66	111	
6	31	28	16.22	26.40	20.24	-34.64	-63.08	112	
6	31	33	-5.78	-23.37	9.59	50.09	16.59	113	
6	31	38	4.93	1.26	3.16	4.75	1.92	114	
6	31	43	3.10	4.29	4.07	-1.07	1.26	115	
6	35	3	20.19	-7.37	12.99	-34.24	3.77	116	
6	35	8	31.27	37.33	-21.66	-23.39	18.03	117	
6	35	13	-6.07	-47.35	0.02	6.26	27.55	118	
6	35	18	0.23	6.66	-38.39	-8.77	29.59	119	
6	35	23	-0.42	-6.10	-12.40	-1.35	-12.10	120	
6	35	28	-16.14	-49.01	-8.60	30.76	28.35	121	
6	35	33	14.51	26.12	-2.43	22.68	23.26	122	
6	35	38	4.90	3.73	2.98	1.98	-0.80	123	
6	35	43	2.18	2.74	3.75	-0.73	-0.13	124	
6	39	3	1.78	2.73	9.08	5.49	6.30	125	
6	39	8	13.94	-16.20	34.33	-35.65	31.09	126	
6	39	13	8.90	37.05	1.17	32.89	51.70	127	
6	39	18	8.27	8.52	43.22	-24.16	53.84	128	
6	39	23	-2.68	6.23	11.17	-1.53	94.09	129	
6	39	28	8.21	38.79	0.63	26.96	47.46	130	
6	39	33	3.48	5.32	7.68	-2.89	-2.92	131	
6	39	38	4.48	3.34	3.89	0.97	-1.22	132	
6	39	43	1.85	2.77	2.78	-0.35	-0.20	133	
6	43	3	2.51	3.05	1.67	6.05	2.26	134	
6	43	8	2.37	5.26	2.64	-1.27	0.28	135	
6	43	13	0.46	-3.37	1.51	-3.42	-0.40	136	
6	43	18	5.02	3.73	3.26	1.18	-1.67	137	
6	43	23	6.05	8.87	3.18	1.91	-7.33	138	
6	43	28	2.16	0.55	3.17	0.90	-1.52	139	
6	43	33	-0.85	3.20	-1.89	0.76	1.20	140	
6	43	38	4.00	2.99	3.86	2.81	1.55	141	
6	43	43	2.01	3.69	3.43	-0.26	0.55	142	
