143
diam	c	r	EConv0	EConv1	EConv2	OConv0	OConv1
6	3	3	3.96	3.68	3.68	-2.07	-0.95	44	
6	3	8	2.93	2.97	2.87	-1.86	-2.10	45	
6	3	13	2.42	-0.66	2.50	-0.29	-2.73	46	
6	3	18	2.39	4.68	3.61	3.06	1.62	47	
6	3	23	7.77	34.71	9.63	-27.61	-25.14	48	
6	3	28	-3.86	-10.05	29.78	25.26	-54.06	49	
6	3	33	3.89	4.48	1.96	2.72	-1.07	50	
6	3	38	5.57	5.92	3.71	-1.50	5.23	51	
6	3	43	13.48	6.34	5.28	-13.18	0.56	52	
6	7	3	4.24	3.13	3.73	-0.72	-0.91	53	
6	7	8	3.71	2.77	4.27	-0.83	3.03	54	
6	7	13	2.07	-0.76	2.72	-2.36	2.13	55	
6	7	18	19.08	40.49	7.22	-22.92	-29.41	56	
6	7	23	-18.43	-31.90	-2.56	-55.45	-74.55	57	
6	7	28	-13.43	-8.11	-16.99	84.51	-6.39	58	
6	7	33	6.89	6.49	3.49	-3.17	0.51	59	
6	7	38	5.96	12.30	4.74	2.08	-7.52	60	
6	7	43	5.83	16.02	21.46	-12.83	-23.69	61	
6	11	3	2.91	3.14	4.35	-1.34	-0.29	62	
6	11	8	6.94	14.70	5.04	-1.48	-2.22	63	
6	11	13	11.93	44.77	6.87	-32.85	-55.99	64	
6	11	18	-7.31	-42.53	5.86	-54.06	-83.90	65	
6	11	23	1.97	-17.65	3.34	57.04	82.81	66	
6	11	28	-32.82	2.35	-16.12	36.75	25.77	67	
6	11	33	6.25	15.82	2.84	-7.97	-2.91	68	
6	11	38	6.10	30.03	3.25	-59.34	-72.40	69	
6	11	43	-12.59	-54.67	-8.49	42.04	-30.70	70	
6	15	3	0.69	1.15	3.50	2.81	1.73	71	
6	15	8	17.23	14.18	-13.51	-54.53	-21.01	72	
6	15	13	-8.24	-34.54	-9.99	-34.98	-36.14	73	
6	15	18	-21.90	-31.41	0.91	63.70	68.08	74	
6	15	23	27.79	35.67	2.17	2.21	28.55	75	
6	15	28	-16.19	32.31	5.91	13.13	-29.88	76	
6	15	33	14.33	19.09	16.97	-54.74	-85.05	77	
6	15	38	-38.16	-77.17	2.25	18.68	1.48	78	
6	15	43	21.30	44.24	-2.61	35.35	55.62	79	
6	19	3	-0.11	3.96	1.07	1.46	-0.07	80	
6	19	8	18.63	-6.31	11.87	-67.42	6.16	81	
6	19	13	-7.46	-24.84	1.20	31.45	81.64	82	
6	19	18	17.07	64.65	4.32	24.00	23.09	83	
6	19	23	19.48	30.77	17.73	-43.52	-72.08	84	
6	19	28	-16.35	-25.89	-14.45	-24.75	-45.78	85	
6	19	33	-9.60	-54.82	-4.51	10.57	4.95	86	
6	19	38	11.04	39.58	-1.56	69.48	69.67	87	
6	19	43	16.73	5.54	10.56	-14.31	7.25	88	
6	23	3	2.68	2.72	1.84	-0.03	-0.15	89	
6	23	8	3.44	1.56	20.93	-6.75	16.52	90	
6	23	13	23.21	41.02	-4.51	-19.08	5.00	91	
6	23	18	-7.30	-21.76	-10.33	-36.71	-82.77	92	
6	23	23	-2.38	-19.81	-5.69	-16.85	-35.19	93	
6	23	28	-10.67	-38.93	4.90	31.68	44.54	94	
6	23	33	10.10	39.87	9.49	56.63	79.80	95	
6	23	38	7.65	16.79	8.07	0.58	4.73	96	
6	23	43	20.59	7.47	7.53	-13.28	0.35	97	
6	27	3	5.31	5.36	3.07	-1.02	-1.60	98	
6	27	8	1.50	-0.25	2.20	4.08	1.45	99	
6	27	13	29.04	8.04	10.04	-53.80	-2.33	100	
6	27	18	-16.41	-31.49	-13.89	-10.89	42.09	101	
6	27	23	11.07	-11.67	-23.89	-17.24	71.85	102	
6	27	28	23.21	16.93	21.63	102.78	38.98	103	
6	27	33	2.93	8.41	4.31	3.53	5.81	104	
6	27	38	3.90	11.50	6.28	1.59	-1.53	105	
6	27	43	12.60	21.97	23.04	-15.25	-30.19	106	
6	31	3	3.34	4.37	5.48	0.04	-3.46	107	
6	31	8	4.57	5.53	4.56	2.13	-2.37	108	
6	31	13	5.06	-4.06	17.83	-10.00	7.99	109	
6	31	18	3.93	34.72	27.82	4.52	51.53	110	
6	31	23	30.14	31.32	8.07	-76.92	10.28	111	
6	31	28	20.27	16.95	15.31	93.16	-15.59	112	
6	31	33	-3.29	7.50	3.88	-1.21	0.57	113	
6	31	38	18.67	10.54	0.67	-33.91	-0.65	114	
6	31	43	-21.36	-31.24	-33.75	-25.76	-59.02	115	
6	35	3	3.96	3.36	4.56	2.58	1.62	116	
6	35	8	3.75	4.16	2.64	-0.31	0.87	117	
6	35	13	3.86	3.96	4.17	-1.01	-0.59	118	
6	35	18	1.79	0.32	-0.28	1.10	-6.59	119	
6	35	23	40.90	4.58	15.20	-90.97	7.12	120	
6	35	28	-4.28	-14.29	-20.62	99.94	-6.44	121	
6	35	33	-0.02	-1.44	1.26	-7.26	-1.49	122	
6	35	38	25.05	2.70	11.53	-28.95	-1.89	123	
6	35	43	-13.20	-5.06	3.56	15.40	79.30	124	
6	39	3	2.94	1.74	0.38	1.48	-0.27	125	
6	39	8	3.72	0.98	2.70	0.82	0.63	126	
6	39	13	3.58	3.83	2.35	-0.79	2.73	127	
6	39	18	3.41	4.24	4.97	0.33	4.79	128	
6	39	23	16.10	-8.66	24.13	-32.77	20.34	129	
6	39	28	1.18	28.30	-11.00	39.46	48.58	130	
6	39	33	4.51	3.16	6.25	0.33	-1.77	131	
6	39	38	1.30	2.95	9.25	-0.13	4.59	132	
6	39	43	9.87	13.44	9.44	-7.18	8.82	133	
6	43	3	3.45	4.31	4.37	-0.05	0.99	134	
6	43	8	3.73	3.98	2.92	0.49	-0.61	135	
6	43	13	2.51	2.45	3.05	-1.33	-0.80	136	
6	43	18	2.13	2.92	2.69	-0.05	-1.09	137	
6	43	23	2.00	3.60	5.23	-0.63	1.07	138	
6	43	28	3.87	6.42	4.91	0.76	2.59	139	
6	43	33	4.83	6.63	5.51	1.67	3.72	140	
6	43	38	3.47	3.45	4.29	-0.16	1.73	141	
6	43	43	10.39	5.10	6.33	1.21	-1.17	142	
