143
diam	c	r	EConv0	EConv1	EConv2	OConv0	OConv1
6	3	3	3.75	3.53	3.53	-0.85	-2.29	44	
6	3	8	2.67	2.45	4.76	1.69	-0.72	45	
6	3	13	3.46	4.17	3.20	0.43	0.26	46	
6	3	18	3.14	2.59	2.53	-1.54	-1.61	47	
6	3	23	4.49	3.76	3.96	0.86	-1.29	48	
6	3	28	4.23	4.74	4.15	-1.61	-1.13	49	
6	3	33	4.61	1.16	4.73	1.67	0.29	50	
6	3	38	9.30	4.99	3.63	-21.62	3.90	51	
6	3	43	12.73	4.89	4.65	22.07	2.42	52	
6	7	3	4.34	2.85	2.28	-1.48	1.26	53	
6	7	8	2.45	1.69	2.46	4.75	1.60	54	
6	7	13	3.48	3.16	2.81	-0.19	0.94	55	
6	7	18	2.36	3.05	4.13	-0.76	0.73	56	
6	7	23	3.34	2.40	3.36	-0.06	-0.20	57	
6	7	28	1.90	9.21	6.48	-1.93	-8.01	58	
6	7	33	2.79	4.05	1.99	2.30	-3.28	59	
6	7	38	10.44	5.81	4.63	-24.00	-5.68	60	
6	7	43	15.67	5.27	6.28	23.21	1.23	61	
6	11	3	5.19	6.35	5.75	-2.55	-0.49	62	
6	11	8	3.50	5.39	3.85	2.29	-2.68	63	
6	11	13	4.06	3.29	5.42	1.26	-1.02	64	
6	11	18	4.11	5.13	3.72	-1.34	1.31	65	
6	11	23	12.57	21.71	3.86	-8.53	-11.53	66	
6	11	28	-16.63	-23.93	-3.82	6.74	-22.86	67	
6	11	33	5.53	0.93	-0.24	1.61	-0.79	68	
6	11	38	13.25	5.36	4.02	-27.84	0.13	69	
6	11	43	19.18	7.37	6.59	24.22	-3.79	70	
6	15	3	5.00	4.10	4.31	-3.57	-0.59	71	
6	15	8	2.99	1.69	1.73	2.57	0.12	72	
6	15	13	3.87	2.69	1.52	1.36	-0.65	73	
6	15	18	7.93	12.23	2.36	-6.59	-7.53	74	
6	15	23	2.13	-5.88	1.87	-35.48	-29.61	75	
6	15	28	14.67	8.96	8.81	40.48	22.55	76	
6	15	33	2.59	1.96	5.23	3.09	0.80	77	
6	15	38	10.52	3.44	5.78	-27.31	3.27	78	
6	15	43	15.21	6.91	3.43	20.00	0.28	79	
6	19	3	5.16	5.87	7.39	-1.42	-1.38	80	
6	19	8	3.00	2.84	0.67	-0.08	-0.78	81	
6	19	13	11.46	25.57	5.25	-13.43	-22.36	82	
6	19	18	-2.87	-27.09	6.21	-10.08	-35.22	83	
6	19	23	-2.20	-2.91	3.70	1.97	28.37	84	
6	19	28	13.53	15.93	0.07	13.00	7.89	85	
6	19	33	4.93	6.43	1.51	-0.70	3.19	86	
6	19	38	7.47	2.16	4.96	-22.19	0.81	87	
6	19	43	12.15	7.51	7.26	15.76	-0.27	88	
6	23	3	11.07	24.37	-1.66	-13.13	-6.47	89	
6	23	8	4.72	13.28	16.31	-14.74	-66.00	90	
6	23	13	1.08	-45.74	2.97	2.88	-0.12	91	
6	23	18	5.72	23.59	-0.65	26.62	27.97	92	
6	23	23	-10.68	-4.92	4.55	2.45	1.30	93	
6	23	28	8.45	15.20	3.13	-0.10	-4.08	94	
6	23	33	4.93	19.66	6.51	-17.85	-44.76	95	
6	23	38	2.86	-5.54	23.30	8.66	-41.21	96	
6	23	43	8.64	9.69	4.62	10.88	-3.00	97	
6	27	3	18.43	-9.99	13.23	-36.58	8.17	98	
6	27	8	0.41	1.58	-5.96	19.02	64.65	99	
6	27	13	10.27	22.85	-0.81	15.14	25.53	100	
6	27	18	14.00	18.34	5.36	-9.88	6.18	101	
6	27	23	-10.07	7.70	0.06	5.82	-42.61	102	
6	27	28	1.70	-12.55	-0.64	-20.92	-55.73	103	
6	27	33	-0.72	-38.52	-9.36	3.54	9.94	104	
6	27	38	7.25	4.86	-20.46	18.59	40.35	105	
6	27	43	11.44	1.30	9.17	9.61	-1.56	106	
6	31	3	1.97	2.62	7.37	-1.77	4.14	107	
6	31	8	2.73	9.43	4.33	-5.01	3.13	108	
6	31	13	7.51	24.82	9.14	-10.84	-27.63	109	
6	31	18	9.62	-1.75	8.21	-33.41	-51.26	110	
6	31	23	-4.43	-24.27	-4.39	6.76	5.86	111	
6	31	28	2.13	-9.18	3.08	30.52	55.03	112	
6	31	33	6.83	27.71	8.36	12.28	33.55	113	
6	31	38	19.00	12.95	10.52	-20.18	-1.99	114	
6	31	43	10.69	3.74	7.80	27.52	4.64	115	
6	35	3	1.65	0.87	1.58	1.53	0.68	116	
6	35	8	22.88	19.99	-0.17	-36.10	-13.94	117	
6	35	13	-5.99	-40.84	-7.00	-6.66	-36.75	118	
6	35	18	18.94	-19.69	-14.54	7.74	47.23	119	
6	35	23	5.28	4.03	13.42	61.64	25.23	120	
6	35	28	5.58	12.62	5.00	4.70	2.47	121	
6	35	33	4.68	3.23	3.51	0.51	-1.31	122	
6	35	38	12.37	4.59	4.37	-18.91	-0.36	123	
6	35	43	13.23	8.47	6.41	23.90	-2.98	124	
6	39	3	4.02	3.19	3.89	2.49	-2.83	125	
6	39	8	9.70	-5.10	20.46	-18.02	14.34	126	
6	39	13	-5.59	25.42	7.46	16.75	63.04	127	
6	39	18	26.86	21.90	16.28	-13.55	3.84	128	
6	39	23	-0.50	12.53	2.38	49.95	-6.03	129	
6	39	28	2.99	2.59	3.34	2.42	0.77	130	
6	39	33	2.65	1.03	2.45	-1.92	0.40	131	
6	39	38	14.88	9.39	3.89	-22.73	-4.43	132	
6	39	43	15.13	2.80	8.63	27.98	-0.73	133	
6	43	3	3.74	5.06	4.93	1.28	-3.88	134	
6	43	8	3.04	4.81	4.76	-0.05	-3.09	135	
6	43	13	4.86	3.60	5.21	0.88	-3.58	136	
6	43	18	14.80	6.82	10.15	-6.64	-0.87	137	
6	43	23	-21.87	-10.54	-23.69	31.75	7.02	138	
6	43	28	4.92	3.45	2.92	3.96	-4.34	139	
6	43	33	4.77	3.54	2.70	2.18	-3.00	140	
6	43	38	11.37	7.27	7.86	-19.99	-6.95	141	
6	43	43	13.04	10.35	6.59	20.64	-7.54	142	
