143
diam	c	r	EConv0	EConv1	EConv2	OConv0	OConv1
6	3	3	7.46	5.94	1.30	3.26	-3.56	44	
6	3	8	-27.08	-36.54	5.76	-61.89	37.85	45	
6	3	13	3.44	14.53	2.35	61.13	83.32	46	
6	3	18	12.73	45.64	-1.40	-14.84	-13.55	47	
6	3	23	9.39	-3.90	16.62	13.84	-11.88	48	
6	3	28	3.46	2.92	4.24	0.90	-0.57	49	
6	3	33	2.55	1.44	4.65	5.62	1.58	50	
6	3	38	-0.22	4.70	6.96	-2.48	-6.24	51	
6	3	43	5.48	4.85	3.28	-4.94	2.65	52	
6	7	3	6.91	5.32	5.19	2.01	0.98	53	
6	7	8	-8.05	3.05	17.05	7.34	42.56	54	
6	7	13	16.39	40.92	3.42	-3.39	-3.98	55	
6	7	18	-2.80	-7.73	3.64	-62.53	-58.36	56	
6	7	23	30.68	-7.18	17.79	73.28	-16.14	57	
6	7	28	6.84	-0.04	3.60	1.52	4.29	58	
6	7	33	12.96	26.82	-2.48	-13.11	-17.34	59	
6	7	38	-17.75	-7.25	12.11	13.52	-49.46	60	
6	7	43	8.10	1.90	7.13	-1.96	-3.21	61	
6	11	3	4.46	4.81	3.17	-2.73	0.07	62	
6	11	8	8.75	17.66	-1.58	-1.20	-12.99	63	
6	11	13	4.72	1.24	-0.16	-58.49	-67.42	64	
6	11	18	10.90	-22.19	1.57	1.21	20.44	65	
6	11	23	30.79	14.33	10.97	91.22	3.89	66	
6	11	28	7.13	23.54	0.65	-10.53	-17.57	67	
6	11	33	6.33	3.69	7.50	-67.13	-65.79	68	
6	11	38	-13.62	-28.98	-7.01	75.08	14.44	69	
6	11	43	7.29	7.17	2.99	-3.78	3.99	70	
6	15	3	7.22	5.51	6.65	-3.01	-1.59	71	
6	15	8	19.29	25.65	-4.76	-57.40	-34.65	72	
6	15	13	-21.33	-50.26	11.52	21.50	10.58	73	
6	15	18	44.84	47.85	2.77	-29.70	31.72	74	
6	15	23	36.57	23.20	11.61	78.57	-11.64	75	
6	15	28	-0.10	1.42	-1.52	-64.52	-66.09	76	
6	15	33	-12.59	-52.20	3.62	29.12	39.27	77	
6	15	38	9.35	29.68	-13.50	40.65	43.79	78	
6	15	43	5.22	2.29	7.50	-0.82	-1.52	79	
6	19	3	1.91	2.59	1.01	-1.14	3.48	80	
6	19	8	-18.30	-28.65	-3.28	-69.17	-4.84	81	
6	19	13	8.82	18.29	-2.97	71.00	55.02	82	
6	19	18	22.52	16.07	4.05	-99.23	-25.77	83	
6	19	23	37.65	26.56	-2.62	27.21	-52.68	84	
6	19	28	-23.56	-51.99	3.27	30.29	31.74	85	
6	19	33	5.45	28.40	-4.49	26.90	41.62	86	
6	19	38	5.40	2.98	8.49	-0.60	-4.81	87	
6	19	43	20.72	22.86	-0.99	-11.56	-6.81	88	
6	23	3	4.63	4.16	7.63	-1.26	-1.84	89	
6	23	8	-16.92	-8.73	9.32	-10.25	49.62	90	
6	23	13	19.42	33.02	1.64	7.03	5.12	91	
6	23	18	-9.31	-5.11	6.78	-98.20	-35.60	92	
6	23	23	-3.18	-35.35	-3.01	31.17	27.81	93	
6	23	28	16.64	31.60	1.38	49.12	46.83	94	
6	23	33	5.30	9.73	10.28	-4.63	-0.74	95	
6	23	38	2.36	6.57	1.79	4.49	-1.85	96	
6	23	43	6.47	6.62	1.82	-60.56	-44.64	97	
6	27	3	5.65	4.73	1.56	0.59	2.76	98	
6	27	8	10.61	20.85	10.48	-5.43	-9.25	99	
6	27	13	7.19	13.37	1.51	-51.75	-60.72	100	
6	27	18	-33.02	-42.80	8.10	-22.01	-9.19	101	
6	27	23	16.82	25.31	8.76	59.46	48.33	102	
6	27	28	10.56	9.48	6.05	2.25	0.85	103	
6	27	33	3.98	0.58	4.67	-0.89	2.09	104	
6	27	38	18.49	29.62	-2.57	-24.97	-11.75	105	
6	27	43	-34.62	-46.95	14.61	6.96	0.54	106	
6	31	3	16.51	10.55	5.36	-7.69	-1.00	107	
6	31	8	2.14	11.28	-10.59	-47.06	-61.31	108	
6	31	13	-15.97	-47.32	5.01	3.41	-12.01	109	
6	31	18	-37.74	-5.21	-10.94	23.48	45.34	110	
6	31	23	14.90	17.90	-1.70	15.19	17.65	111	
6	31	28	3.88	2.53	2.69	2.94	-1.01	112	
6	31	33	4.85	5.21	2.56	-2.97	-4.12	113	
6	31	38	-4.76	-10.63	1.25	-63.03	-41.77	114	
6	31	43	12.34	19.27	5.86	61.59	40.39	115	
6	35	3	25.12	9.74	6.57	-18.23	-1.22	116	
6	35	8	-29.17	-35.57	-12.22	-49.73	-6.80	117	
6	35	13	8.11	3.68	-0.81	68.89	57.07	118	
6	35	18	-35.88	5.35	-2.37	1.84	23.12	119	
6	35	23	9.17	4.51	5.17	-4.91	-3.72	120	
6	35	28	7.12	7.26	6.24	5.33	1.45	121	
6	35	33	22.04	29.65	-1.25	-31.49	-14.41	122	
6	35	38	-31.50	-45.45	9.02	19.64	19.26	123	
6	35	43	10.14	19.92	-1.09	14.73	7.00	124	
6	39	3	20.64	5.11	11.29	-13.35	-1.59	125	
6	39	8	-28.81	-13.15	5.70	9.84	61.51	126	
6	39	13	12.11	25.90	3.84	18.85	18.62	127	
6	39	18	-40.56	-7.48	-9.35	-6.02	-6.10	128	
6	39	23	10.15	8.49	9.47	-4.16	-1.07	129	
6	39	28	12.06	8.35	2.87	-2.52	0.45	130	
6	39	33	-7.12	-17.24	5.86	-55.51	-42.71	131	
6	39	38	16.90	25.35	0.02	53.76	33.52	132	
6	39	43	3.93	2.64	4.33	-3.37	2.03	133	
6	43	3	1.14	0.77	5.01	-2.54	-2.71	134	
6	43	8	0.41	12.33	5.61	13.29	17.67	135	
6	43	13	1.51	2.48	1.38	3.60	-2.90	136	
6	43	18	-42.55	-11.58	-7.96	-4.27	2.51	137	
6	43	23	4.60	1.96	4.87	1.19	-2.60	138	
6	43	28	22.28	31.41	0.28	-45.27	-35.97	139	
6	43	33	-21.83	-33.12	12.73	40.43	22.72	140	
6	43	38	7.90	14.71	4.49	5.96	-1.56	141	
6	43	43	6.83	6.62	7.75	0.43	-7.46	142	
