143
diam	c	r	EConv0	EConv1	EConv2	OConv0	OConv1
6	3	3	2.46	3.45	2.33	-1.19	1.11	44	
6	3	8	4.49	2.65	3.74	-3.04	0.23	45	
6	3	13	3.20	2.87	2.90	5.10	1.43	46	
6	3	18	5.70	4.43	4.49	-1.03	1.21	47	
6	3	23	2.70	4.32	4.38	3.89	3.13	48	
6	3	28	-2.95	1.37	10.96	-77.99	-28.56	49	
6	3	33	38.17	19.89	8.56	32.39	9.72	50	
6	3	38	0.68	2.71	2.72	-0.50	5.21	51	
6	3	43	-12.91	-1.84	-1.94	-29.26	-1.54	52	
6	7	3	2.50	2.73	3.90	-0.20	0.22	53	
6	7	8	4.65	4.37	4.39	-1.82	2.47	54	
6	7	13	3.39	4.65	3.20	4.29	1.22	55	
6	7	18	3.50	2.43	4.93	2.21	0.50	56	
6	7	23	21.03	40.52	2.30	-28.16	-30.11	57	
6	7	28	-32.43	-56.00	15.79	34.21	11.19	58	
6	7	33	6.24	6.97	-0.82	6.07	0.46	59	
6	7	38	3.22	1.88	3.60	0.69	2.84	60	
6	7	43	-12.48	0.25	-0.34	-26.47	4.75	61	
6	11	3	3.90	5.25	3.60	-1.46	2.00	62	
6	11	8	4.83	2.23	4.77	-0.45	-1.05	63	
6	11	13	5.84	5.19	6.06	0.88	-2.12	64	
6	11	18	9.67	22.82	0.28	-9.51	-16.08	65	
6	11	23	-13.01	-45.66	3.74	-56.71	-50.30	66	
6	11	28	39.12	20.56	5.64	93.12	25.61	67	
6	11	33	3.64	7.83	1.84	0.24	-0.28	68	
6	11	38	4.62	29.38	3.29	-12.45	-28.84	69	
6	11	43	-8.96	-6.72	10.59	-20.75	-8.39	70	
6	15	3	3.49	2.32	4.33	-1.10	-3.24	71	
6	15	8	3.72	4.67	2.44	2.11	0.70	72	
6	15	13	11.45	28.67	2.32	-14.06	-20.45	73	
6	15	18	-8.06	-35.81	4.52	-47.24	-61.96	74	
6	15	23	33.71	27.14	-0.93	17.78	64.14	75	
6	15	28	33.54	22.21	3.66	39.56	9.26	76	
6	15	33	14.13	32.10	0.80	-19.43	-13.68	77	
6	15	38	-28.72	-45.15	-1.87	-42.99	-69.90	78	
6	15	43	13.64	-1.64	1.42	24.07	-1.52	79	
6	19	3	2.61	2.04	3.47	0.75	2.69	80	
6	19	8	15.15	38.80	5.52	-24.05	-26.91	81	
6	19	13	-2.41	-26.71	2.03	-50.40	-66.98	82	
6	19	18	-2.88	-11.04	2.59	75.78	60.40	83	
6	19	23	2.33	14.65	1.36	-41.90	-3.91	84	
6	19	28	20.78	26.02	1.88	5.71	-5.17	85	
6	19	33	-6.71	-24.36	3.51	-76.94	-77.66	86	
6	19	38	0.53	-1.99	4.90	83.10	75.30	87	
6	19	43	-21.91	1.55	-6.32	-9.57	7.25	88	
6	23	3	7.12	7.04	3.54	3.42	1.17	89	
6	23	8	-29.22	-41.99	-23.72	-73.33	-47.62	90	
6	23	13	-1.32	-18.54	2.37	56.50	72.70	91	
6	23	18	12.29	27.58	-2.82	14.73	11.28	92	
6	23	23	-11.57	19.03	-10.37	-67.95	-10.47	93	
6	23	28	10.20	-5.14	11.95	-60.72	-91.65	94	
6	23	33	-11.86	-34.48	2.88	68.61	76.69	95	
6	23	38	13.39	28.65	3.36	8.79	15.14	96	
6	23	43	-16.65	1.29	1.16	-8.36	-1.93	97	
6	27	3	9.69	4.82	5.11	-7.57	-4.49	98	
6	27	8	-22.64	3.05	13.07	1.35	83.85	99	
6	27	13	6.60	23.31	1.47	9.54	13.34	100	
6	27	18	6.71	24.78	2.48	-9.33	-17.84	101	
6	27	23	-7.24	-27.14	22.97	-90.78	-63.45	102	
6	27	28	-1.52	-20.75	7.02	70.81	72.93	103	
6	27	33	11.45	31.37	1.65	16.13	17.51	104	
6	27	38	9.79	36.64	5.84	-12.37	-22.04	105	
6	27	43	-21.97	-11.21	18.30	4.49	-16.02	106	
6	31	3	4.90	4.70	7.94	-0.69	3.70	107	
6	31	8	3.69	0.68	-1.03	-0.60	-3.87	108	
6	31	13	10.24	22.58	2.86	-10.09	-7.86	109	
6	31	18	-3.63	-9.64	2.77	-66.72	-81.55	110	
6	31	23	-5.75	-30.44	4.93	66.31	77.91	111	
6	31	28	10.28	30.05	2.10	20.06	25.33	112	
6	31	33	10.27	37.79	1.51	-21.58	-21.52	113	
6	31	38	-16.73	-30.54	-4.77	-73.05	-89.47	114	
6	31	43	8.45	-12.09	4.69	95.75	-2.77	115	
6	35	3	3.51	4.29	5.87	1.92	4.43	116	
6	35	8	11.38	41.34	2.69	-27.86	-31.47	117	
6	35	13	-2.34	-23.84	1.25	-55.35	-90.83	118	
6	35	18	-6.96	-33.84	7.09	61.56	70.93	119	
6	35	23	14.72	31.36	4.95	15.57	16.90	120	
6	35	28	9.11	8.26	-0.55	-2.46	-1.72	121	
6	35	33	-18.40	-25.77	-12.71	-77.56	-78.10	122	
6	35	38	-21.58	-59.13	3.72	51.95	60.18	123	
6	35	43	-13.00	23.31	-19.49	44.33	18.94	124	
6	39	3	3.61	2.20	6.28	11.12	2.72	125	
6	39	8	-24.09	-23.71	-27.82	-86.23	-33.53	126	
6	39	13	-13.45	-36.54	8.84	57.41	77.26	127	
6	39	18	10.55	31.41	-1.73	22.32	25.83	128	
6	39	23	-4.36	7.96	17.88	0.76	-16.95	129	
6	39	28	25.58	9.06	8.26	-10.38	-2.07	130	
6	39	33	-45.57	-58.14	-11.97	4.97	92.05	131	
6	39	38	13.04	88.64	5.01	22.84	23.37	132	
6	39	43	-31.53	-10.09	-1.36	3.16	-4.50	133	
6	43	3	3.11	5.13	-0.29	0.23	-3.12	134	
6	43	8	-20.06	-14.74	23.42	-19.94	74.91	135	
6	43	13	7.67	33.34	1.73	17.39	21.98	136	
6	43	18	25.00	45.08	-1.20	-46.81	-43.45	137	
6	43	23	5.31	-17.52	-1.36	61.66	3.40	138	
6	43	28	3.96	5.83	3.55	-1.85	-7.09	139	
6	43	33	18.34	72.56	18.50	-35.82	-39.37	140	
6	43	38	-29.37	-74.15	-1.69	34.61	-6.31	141	
6	43	43	-10.95	4.21	-0.52	11.79	8.65	142	
