143
diam	c	r	EConv0	EConv1	EConv2	OConv0	OConv1
6	3	3	3.15	4.39	-5.69	3.92	-1.04	44	
6	3	8	10.06	18.04	-0.93	-17.25	-8.57	45	
6	3	13	-8.24	10.33	1.81	-19.49	-100.02	46	
6	3	18	-5.51	-3.36	1.26	4.34	-82.49	47	
6	3	23	12.16	-8.52	17.35	24.87	-21.13	48	
6	3	28	4.56	2.12	2.48	4.67	1.17	49	
6	3	33	3.51	4.10	3.32	-2.33	-2.44	50	
6	3	38	4.05	3.25	3.77	3.49	-0.32	51	
6	3	43	2.17	2.68	0.91	0.19	-2.90	52	
6	7	3	5.30	4.74	4.76	-4.97	-8.16	53	
6	7	8	25.76	1.86	18.92	-29.40	6.13	54	
6	7	13	-21.52	-35.09	-21.45	-23.69	67.64	55	
6	7	18	-1.64	-13.75	-14.60	20.22	77.64	56	
6	7	23	16.49	26.91	-2.67	26.56	18.52	57	
6	7	28	5.91	10.35	11.83	2.96	-10.38	58	
6	7	33	4.07	2.96	4.78	-2.51	0.16	59	
6	7	38	3.58	4.93	2.52	4.19	-3.47	60	
6	7	43	2.82	2.41	3.96	-4.49	-2.96	61	
6	11	3	3.96	3.03	7.96	0.01	0.37	62	
6	11	8	1.92	-0.02	8.13	1.14	-3.27	63	
6	11	13	9.79	37.14	23.41	-10.29	20.44	64	
6	11	18	0.89	36.09	10.86	-21.50	-56.20	65	
6	11	23	-5.98	-14.79	-8.63	-11.99	-85.48	66	
6	11	28	-5.81	-16.31	3.74	35.07	-55.85	67	
6	11	33	8.23	-4.41	7.35	15.53	-5.96	68	
6	11	38	2.18	4.82	3.81	-0.32	2.27	69	
6	11	43	2.97	3.66	3.22	-0.44	3.20	70	
6	15	3	4.50	4.72	3.73	2.79	-1.72	71	
6	15	8	-1.16	3.89	0.60	8.73	3.04	72	
6	15	13	6.12	3.98	-16.89	-59.47	-32.95	73	
6	15	18	-7.55	-43.33	-3.67	-0.43	21.34	74	
6	15	23	8.37	1.76	0.07	16.16	74.65	75	
6	15	28	-27.66	5.27	-17.58	10.29	3.93	76	
6	15	33	15.96	3.82	0.93	26.76	5.17	77	
6	15	38	3.26	8.21	8.34	0.55	7.39	78	
6	15	43	-4.05	-0.44	-1.12	-1.91	-5.27	79	
6	19	3	2.70	2.79	2.44	2.02	1.79	80	
6	19	8	4.10	5.68	3.17	0.92	-1.15	81	
6	19	13	-5.14	-19.68	13.84	-34.48	30.84	82	
6	19	18	4.45	15.62	4.68	30.31	51.41	83	
6	19	23	21.05	33.19	9.61	-19.48	8.01	84	
6	19	28	-43.98	-12.30	-2.66	12.04	4.92	85	
6	19	33	15.17	36.35	5.62	-15.07	-60.52	86	
6	19	38	-8.89	-6.77	6.28	7.16	-86.89	87	
6	19	43	11.81	-3.28	13.80	18.00	-4.28	88	
6	23	3	3.87	4.81	3.89	0.33	-0.60	89	
6	23	8	2.31	2.16	2.40	-0.86	0.57	90	
6	23	13	-0.55	3.12	7.07	2.88	9.01	91	
6	23	18	6.85	11.62	-5.47	-0.37	-0.87	92	
6	23	23	7.92	8.32	5.44	-48.74	-41.81	93	
6	23	28	-8.45	12.45	-5.61	-0.93	-30.26	94	
6	23	33	-7.19	-36.05	-9.94	-22.74	-35.72	95	
6	23	38	-19.81	-25.67	-10.88	48.42	11.94	96	
6	23	43	18.51	9.06	0.14	22.73	2.04	97	
6	27	3	0.68	0.42	1.81	1.70	2.07	98	
6	27	8	1.89	4.20	3.92	-2.32	1.48	99	
6	27	13	7.15	23.75	4.96	-1.24	-7.68	100	
6	27	18	4.23	26.06	8.84	-46.15	-82.55	101	
6	27	23	-5.10	-27.94	4.40	-33.65	-49.23	102	
6	27	28	1.06	-35.11	1.55	28.28	47.86	103	
6	27	33	5.15	0.62	5.54	22.14	101.46	104	
6	27	38	-5.57	22.33	-10.32	24.78	77.08	105	
6	27	43	6.56	8.12	0.95	3.98	7.83	106	
6	31	3	5.90	6.17	5.35	-2.09	-1.01	107	
6	31	8	7.73	2.55	4.86	3.52	5.53	108	
6	31	13	7.34	17.98	-11.05	-60.57	-53.86	109	
6	31	18	-19.91	-57.72	-3.23	-10.24	-17.42	110	
6	31	23	-0.86	-17.53	-2.87	47.67	83.20	111	
6	31	28	11.33	38.76	2.25	25.25	54.62	112	
6	31	33	6.84	18.75	6.20	1.53	-5.16	113	
6	31	38	1.31	-1.23	4.28	-1.78	-10.29	114	
6	31	43	3.73	0.46	2.78	-2.26	-1.76	115	
6	35	3	4.44	3.72	3.06	-2.64	0.79	116	
6	35	8	18.27	11.91	5.97	-2.03	-2.93	117	
6	35	13	-18.54	-36.36	-3.43	-57.82	21.14	118	
6	35	18	-4.91	7.21	-4.25	57.96	81.61	119	
6	35	23	8.04	28.46	4.77	14.01	16.85	120	
6	35	28	4.67	-3.86	4.02	-7.87	-9.92	121	
6	35	33	3.36	3.08	1.77	-0.25	-3.12	122	
6	35	38	4.29	7.63	8.32	4.25	-3.28	123	
6	35	43	2.84	1.98	1.52	-2.58	-1.01	124	
6	39	3	1.64	1.35	1.76	-2.49	0.10	125	
6	39	8	6.79	2.28	4.28	-2.56	-2.13	126	
6	39	13	-9.38	6.40	15.70	-4.66	39.41	127	
6	39	18	10.22	23.09	8.63	3.27	11.86	128	
6	39	23	5.66	1.70	1.80	0.24	-1.59	129	
6	39	28	3.65	3.98	0.79	0.83	-2.66	130	
6	39	33	4.52	1.77	6.08	-0.15	2.28	131	
6	39	38	3.49	7.32	3.51	2.82	3.76	132	
6	39	43	3.35	1.79	5.66	-1.35	-1.95	133	
6	43	3	3.75	3.65	4.68	-0.85	-1.59	134	
6	43	8	3.84	3.29	4.15	-0.99	0.56	135	
6	43	13	2.73	4.02	3.00	1.87	2.02	136	
6	43	18	1.98	2.42	2.79	1.05	-0.68	137	
6	43	23	5.18	4.30	4.27	-3.04	0.09	138	
6	43	28	2.83	3.22	3.78	1.85	0.53	139	
6	43	33	4.55	3.45	3.20	-1.33	0.11	140	
6	43	38	3.56	3.13	3.28	1.87	-0.27	141	
6	43	43	3.41	3.38	2.08	-2.50	-0.76	142	
