143
diam	c	r	EConv0	EConv1	EConv2	OConv0	OConv1
6	3	3	-21.96	-61.14	7.89	26.36	22.89	44	
6	3	8	15.16	42.92	-1.03	40.57	42.19	45	
6	3	13	17.70	17.98	4.08	-28.00	-23.40	46	
6	3	18	-14.27	-12.96	2.80	30.49	18.00	47	
6	3	23	8.61	10.56	5.42	-3.03	3.42	48	
6	3	28	5.89	5.59	2.34	-24.82	-2.41	49	
6	3	33	7.04	1.34	6.68	18.30	5.90	50	
6	3	38	5.41	18.45	3.24	-9.72	-12.61	51	
6	3	43	7.09	1.75	7.18	3.12	1.28	52	
6	7	3	17.29	36.79	-2.28	36.08	44.14	53	
6	7	8	12.94	12.47	4.42	-3.45	-3.47	54	
6	7	13	-11.55	-21.55	5.23	-13.95	-1.73	55	
6	7	18	12.10	18.86	2.85	17.86	16.38	56	
6	7	23	-7.98	12.66	14.50	-1.64	-37.30	57	
6	7	28	4.53	0.86	2.01	-33.74	-0.54	58	
6	7	33	21.05	25.10	2.77	14.44	-9.04	59	
6	7	38	-30.22	-13.66	-1.22	-36.17	-83.47	60	
6	7	43	27.56	4.13	8.44	27.09	-0.29	61	
6	11	3	3.27	2.76	4.70	0.55	1.71	62	
6	11	8	5.93	6.79	1.08	-33.56	-24.60	63	
6	11	13	9.77	1.63	6.32	33.24	18.75	64	
6	11	18	22.95	40.27	2.89	-38.36	-31.85	65	
6	11	23	-58.04	-44.40	-9.39	30.63	-62.09	66	
6	11	28	15.86	9.03	12.68	-25.02	5.10	67	
6	11	33	18.97	19.18	-1.68	-54.35	-61.48	68	
6	11	38	-27.68	-44.88	-2.83	64.17	53.77	69	
6	11	43	15.33	11.93	1.42	11.28	1.51	70	
6	15	3	12.77	18.06	1.87	-11.10	-9.50	71	
6	15	8	-16.97	-27.80	9.96	11.23	3.82	72	
6	15	13	22.48	37.11	-4.56	-15.93	-14.04	73	
6	15	18	-3.69	-16.94	4.01	-66.41	-73.14	74	
6	15	23	-51.32	-29.98	-5.66	101.87	9.86	75	
6	15	28	29.27	40.25	6.97	-57.43	-41.81	76	
6	15	33	-30.45	-61.84	15.45	26.91	15.50	77	
6	15	38	14.86	41.13	2.32	30.93	40.62	78	
6	15	43	2.20	3.82	2.36	-0.57	0.37	79	
6	19	3	-1.40	-3.07	2.55	-27.92	-22.80	80	
6	19	8	13.60	22.06	0.08	31.29	20.83	81	
6	19	13	10.13	2.50	-2.50	-77.95	-44.08	82	
6	19	18	6.83	-28.88	8.81	16.82	58.51	83	
6	19	23	-39.86	26.92	-22.63	86.99	-18.00	84	
6	19	28	-23.09	-57.69	2.58	-36.95	-35.84	85	
6	19	33	21.54	34.84	2.78	65.40	58.78	86	
6	19	38	7.89	5.47	3.17	-0.93	6.62	87	
6	19	43	4.91	2.85	3.75	0.34	-0.60	88	
6	23	3	-5.46	-18.03	12.95	20.27	15.51	89	
6	23	8	21.16	9.21	5.26	-7.41	3.49	90	
6	23	13	-22.54	-25.99	4.39	-37.24	14.88	91	
6	23	18	51.77	54.46	7.00	-2.80	23.75	92	
6	23	23	-47.13	-29.54	-14.18	23.47	-1.26	93	
6	23	28	3.00	10.77	0.92	41.10	59.03	94	
6	23	33	22.57	13.49	6.73	15.29	-1.97	95	
6	23	38	3.53	-2.09	2.04	-1.52	-7.52	96	
6	23	43	2.87	5.27	4.24	0.41	0.14	97	
6	27	3	12.58	20.17	-3.83	15.57	16.58	98	
6	27	8	13.08	11.07	9.87	-0.17	1.37	99	
6	27	13	-18.81	28.80	11.41	-14.58	0.77	100	
6	27	18	13.89	0.25	12.20	-69.56	-80.57	101	
6	27	23	-29.03	-31.63	17.34	111.27	43.98	102	
6	27	28	3.86	18.88	0.03	-20.31	20.92	103	
6	27	33	14.00	7.44	3.91	13.42	1.40	104	
6	27	38	2.06	4.18	1.91	-0.31	0.63	105	
6	27	43	4.59	3.70	4.58	-0.08	0.76	106	
6	31	3	6.88	1.70	7.05	-7.05	-1.01	107	
6	31	8	27.39	40.97	-7.43	-59.57	-44.73	108	
6	31	13	-13.81	-43.74	-13.25	-26.56	-69.84	109	
6	31	18	20.81	-23.57	-11.83	-1.15	54.82	110	
6	31	23	0.66	12.18	-2.03	146.39	12.55	111	
6	31	28	-5.82	-2.91	2.10	-18.12	1.86	112	
6	31	33	8.12	4.89	3.47	8.89	-0.12	113	
6	31	38	2.56	2.66	3.19	-1.49	1.31	114	
6	31	43	4.23	4.71	4.29	0.70	-1.32	115	
6	35	3	6.53	11.50	1.95	-4.73	1.62	116	
6	35	8	-19.02	-19.48	-0.76	-105.18	-62.09	117	
6	35	13	-0.70	-19.64	13.80	79.90	83.14	118	
6	35	18	56.31	45.34	22.18	-51.38	48.44	119	
6	35	23	1.66	8.87	-13.43	112.91	21.60	120	
6	35	28	-2.66	2.88	1.13	-24.41	-3.64	121	
6	35	33	7.49	3.77	5.53	7.71	-0.92	122	
6	35	38	3.98	4.26	3.72	-2.69	-0.05	123	
6	35	43	4.26	3.24	4.75	1.00	0.15	124	
6	39	3	33.96	24.61	20.38	-24.40	-18.24	125	
6	39	8	-57.79	-57.89	3.96	-7.46	35.89	126	
6	39	13	19.93	47.97	1.38	40.46	15.21	127	
6	39	18	24.91	10.32	35.83	-34.42	-19.06	128	
6	39	23	14.90	38.29	6.47	46.48	23.12	129	
6	39	28	0.69	11.09	12.27	-15.90	-7.94	130	
6	39	33	6.82	5.76	10.09	12.43	-2.21	131	
6	39	38	1.15	1.52	2.41	-1.59	-3.13	132	
6	39	43	8.24	17.73	16.22	2.94	-3.90	133	
6	43	3	16.98	-23.94	-9.76	-8.83	-56.76	134	
6	43	8	-7.53	12.24	-20.94	30.26	-9.24	135	
6	43	13	-0.72	-22.18	-16.43	-2.76	-72.92	136	
6	43	18	-13.25	-35.69	-34.06	-6.91	-68.47	137	
6	43	23	10.88	-7.68	-9.88	28.26	-66.32	138	
6	43	28	-5.67	-13.79	-15.54	-19.44	-64.77	139	
6	43	33	11.30	-1.36	0.33	23.46	-66.03	140	
6	43	38	15.57	1.07	8.21	6.39	-40.50	141	
6	43	43	-3.97	-7.67	-18.82	-15.31	-71.44	142	
