143
diam	c	r	EConv0	EConv1	EConv2	OConv0	OConv1
6	3	3	2.78	2.45	4.35	0.78	-0.62	44	
6	3	8	3.19	2.38	3.78	0.29	-0.50	45	
6	3	13	-14.52	-58.93	-8.72	-52.84	31.26	46	
6	3	18	11.03	64.25	12.47	29.61	60.33	47	
6	3	23	3.49	4.03	1.50	1.15	0.67	48	
6	3	28	5.22	27.21	3.76	-9.48	-14.19	49	
6	3	33	3.99	2.41	5.15	2.31	-3.10	50	
6	3	38	3.68	2.74	4.08	-0.71	-0.91	51	
6	3	43	22.17	8.60	8.13	-20.74	-3.00	52	
6	7	3	3.61	4.76	3.66	2.00	0.63	53	
6	7	8	2.97	2.73	2.84	1.80	2.27	54	
6	7	13	1.30	3.81	2.81	-1.64	0.83	55	
6	7	18	3.32	2.16	3.55	-0.41	1.82	56	
6	7	23	7.40	11.11	3.79	-3.17	-1.74	57	
6	7	28	-54.79	-86.41	9.22	-24.56	-37.33	58	
6	7	33	12.02	8.64	3.75	5.81	2.79	59	
6	7	38	3.88	5.41	2.35	-0.36	0.27	60	
6	7	43	25.09	11.82	8.33	-22.95	-2.90	61	
6	11	3	2.36	2.83	2.50	0.03	0.75	62	
6	11	8	2.69	3.62	3.58	1.80	-1.71	63	
6	11	13	2.58	4.92	2.64	-2.40	1.66	64	
6	11	18	3.66	4.32	0.87	-0.82	-0.20	65	
6	11	23	12.85	19.77	-0.46	-90.59	-93.83	66	
6	11	28	42.24	41.99	0.29	85.62	50.96	67	
6	11	33	5.56	4.49	2.26	-1.10	0.16	68	
6	11	38	5.63	5.61	5.78	-0.35	1.22	69	
6	11	43	14.58	34.28	29.56	-28.60	-24.75	70	
6	15	3	3.53	2.36	2.76	-0.08	0.07	71	
6	15	8	2.03	3.86	3.62	0.75	-0.31	72	
6	15	13	3.10	4.96	4.65	-2.41	-3.21	73	
6	15	18	6.89	16.08	5.15	-67.63	-82.36	74	
6	15	23	5.91	18.38	11.72	1.86	66.44	75	
6	15	28	13.13	16.49	2.45	8.17	6.25	76	
6	15	33	3.79	9.87	0.51	-2.93	-3.99	77	
6	15	38	8.33	37.72	7.64	-62.87	-109.32	78	
6	15	43	-15.09	-94.48	-45.27	36.78	43.50	79	
6	19	3	3.92	3.17	1.87	-0.03	-0.84	80	
6	19	8	7.34	15.61	4.19	-2.22	-4.37	81	
6	19	13	-3.26	-15.30	-0.21	-52.34	-80.38	82	
6	19	18	3.15	25.98	1.69	60.42	85.08	83	
6	19	23	-51.55	-36.92	10.87	31.82	12.51	84	
6	19	28	5.37	8.68	2.96	-3.56	-3.08	85	
6	19	33	-3.81	-13.26	1.29	-75.63	-91.32	86	
6	19	38	-0.38	5.89	4.86	61.62	108.04	87	
6	19	43	20.25	24.08	7.29	-15.03	7.11	88	
6	23	3	3.20	2.32	3.71	-1.64	-1.30	89	
6	23	8	23.55	-23.41	14.44	-41.66	16.55	90	
6	23	13	6.74	52.71	7.03	37.87	66.68	91	
6	23	18	10.02	8.97	0.11	-4.44	-0.48	92	
6	23	23	31.19	10.80	9.11	79.28	4.55	93	
6	23	28	1.77	12.14	1.52	-73.71	-91.34	94	
6	23	33	7.62	26.85	-0.68	75.42	90.85	95	
6	23	38	3.59	6.01	3.48	0.20	2.02	96	
6	23	43	15.27	4.61	9.36	-20.45	1.78	97	
6	27	3	3.43	3.00	3.25	1.91	1.16	98	
6	27	8	4.05	3.68	3.65	1.03	-0.28	99	
6	27	13	4.03	2.13	3.06	-0.06	1.64	100	
6	27	18	13.48	5.59	6.95	-6.98	-0.75	101	
6	27	23	38.12	30.81	-8.86	-1.24	-92.09	102	
6	27	28	0.70	2.21	-0.08	77.22	92.91	103	
6	27	33	2.79	3.39	2.10	1.24	1.62	104	
6	27	38	1.87	1.33	1.85	-0.31	1.61	105	
6	27	43	16.02	8.75	6.71	-23.02	-0.23	106	
6	31	3	4.82	4.41	4.37	-0.08	1.14	107	
6	31	8	4.79	4.11	4.57	2.20	0.67	108	
6	31	13	5.79	5.43	4.49	-0.18	-1.85	109	
6	31	18	5.93	15.06	-4.64	-76.36	-82.74	110	
6	31	23	-7.48	-2.49	6.94	93.91	88.66	111	
6	31	28	5.63	9.70	2.71	4.32	3.58	112	
6	31	33	2.75	1.71	2.36	0.75	-0.16	113	
6	31	38	3.33	4.78	2.54	0.20	-1.34	114	
6	31	43	13.46	6.28	4.27	-26.99	-0.60	115	
6	35	3	3.13	3.88	3.25	-0.76	0.08	116	
6	35	8	2.04	4.04	2.85	1.76	-1.35	117	
6	35	13	20.37	47.76	-5.58	-64.53	-64.49	118	
6	35	18	-3.73	-1.23	4.14	69.85	79.87	119	
6	35	23	4.89	16.19	4.80	5.97	8.46	120	
6	35	28	3.69	2.71	3.79	0.49	0.85	121	
6	35	33	4.36	4.55	3.35	0.27	0.37	122	
6	35	38	2.66	1.63	2.26	-1.56	0.21	123	
6	35	43	5.53	1.52	11.57	-4.25	5.00	124	
6	39	3	4.00	3.86	3.12	-0.87	0.30	125	
6	39	8	22.44	48.69	-8.19	-44.03	-41.34	126	
6	39	13	-18.16	-47.22	3.66	51.36	64.93	127	
6	39	18	5.81	8.44	3.60	4.62	4.03	128	
6	39	23	3.91	5.42	3.48	1.26	0.28	129	
6	39	28	3.75	4.22	4.40	-1.20	-1.97	130	
6	39	33	3.90	3.41	4.44	-0.04	-0.52	131	
6	39	38	1.02	1.71	3.11	0.03	-0.89	132	
6	39	43	3.30	4.37	4.11	0.73	0.54	133	
6	43	3	4.39	2.72	3.18	-1.15	0.46	134	
6	43	8	-37.35	-37.06	9.52	-32.55	48.26	135	
6	43	13	8.84	13.49	2.45	2.95	7.67	136	
6	43	18	3.79	4.88	2.54	2.40	0.01	137	
6	43	23	3.75	2.98	3.08	-1.43	-0.07	138	
6	43	28	4.62	4.42	4.08	1.17	2.63	139	
6	43	33	3.91	4.12	2.57	1.19	1.30	140	
6	43	38	1.86	3.70	3.60	0.36	2.22	141	
6	43	43	3.02	3.21	3.17	-1.11	-0.09	142	
