143
diam	c	r	EConv0	EConv1	EConv2	OConv0	OConv1
6	3	3	3.36	4.12	4.24	-2.22	0.61	44	
6	3	8	3.27	4.77	3.07	1.19	-1.19	45	
6	3	13	3.16	3.12	4.84	1.57	-0.69	46	
6	3	18	4.15	-0.96	-0.01	-1.89	-5.21	47	
6	3	23	2.88	2.36	1.78	1.74	0.75	48	
6	3	28	2.22	3.09	2.54	0.16	-2.36	49	
6	3	33	3.46	5.90	5.70	3.42	-0.36	50	
6	3	38	3.05	4.01	3.69	0.24	-0.81	51	
6	3	43	4.47	4.74	4.58	-0.22	-1.65	52	
6	7	3	3.46	4.22	3.88	0.11	-0.65	53	
6	7	8	2.26	3.91	2.97	-2.45	0.15	54	
6	7	13	3.06	3.48	3.17	1.86	1.54	55	
6	7	18	3.03	2.84	4.18	2.09	3.92	56	
6	7	23	4.20	9.21	5.46	-1.85	1.88	57	
6	7	28	2.95	4.21	4.12	0.11	0.12	58	
6	7	33	1.84	0.71	2.12	1.78	2.52	59	
6	7	38	3.83	7.08	3.25	1.26	-0.85	60	
6	7	43	7.18	8.13	12.94	2.79	-6.40	61	
6	11	3	3.63	1.52	4.51	0.96	0.78	62	
6	11	8	3.83	5.36	4.09	1.59	1.33	63	
6	11	13	11.56	23.71	4.59	-6.36	-5.47	64	
6	11	18	4.80	39.56	8.91	-50.17	-115.75	65	
6	11	23	-25.63	-33.81	-21.63	29.38	-115.00	66	
6	11	28	15.94	-5.06	25.46	18.75	-13.56	67	
6	11	33	4.21	2.47	3.78	2.82	1.66	68	
6	11	38	21.44	45.09	-4.20	-83.74	-72.82	69	
6	11	43	-16.90	-36.24	-3.16	77.36	-92.53	70	
6	15	3	5.32	4.98	3.04	3.34	1.61	71	
6	15	8	5.77	10.72	0.68	-0.33	-1.72	72	
6	15	13	-9.73	-20.67	-1.11	-85.26	-104.65	73	
6	15	18	-5.99	-56.68	-8.32	14.32	35.00	74	
6	15	23	26.27	0.33	-42.98	-22.47	92.16	75	
6	15	28	49.84	2.49	23.25	96.15	-15.78	76	
6	15	33	21.45	59.04	0.61	-55.97	-71.83	77	
6	15	38	-28.33	-77.82	7.48	-15.71	-16.71	78	
6	15	43	14.92	30.35	-8.66	30.80	105.74	79	
6	19	3	4.96	3.48	3.90	0.63	-1.58	80	
6	19	8	56.26	25.54	8.00	-46.60	-5.29	81	
6	19	13	-32.23	-29.29	-5.22	8.79	6.42	82	
6	19	18	31.63	57.34	18.95	48.48	57.76	83	
6	19	23	63.08	17.35	34.36	-58.82	14.41	84	
6	19	28	49.17	61.24	-2.50	39.17	-81.15	85	
6	19	33	-23.89	-98.77	4.34	1.10	1.85	86	
6	19	38	7.88	44.39	-5.23	68.10	100.92	87	
6	19	43	4.36	1.65	6.04	-1.90	2.95	88	
6	23	3	4.51	3.65	4.21	1.30	-2.99	89	
6	23	8	23.22	-2.23	29.16	-18.13	9.59	90	
6	23	13	-13.72	37.94	22.00	4.24	107.60	91	
6	23	18	10.72	15.75	3.74	4.73	1.92	92	
6	23	23	23.50	38.12	10.90	-86.71	-91.14	93	
6	23	28	-17.91	-68.55	0.97	43.68	59.82	94	
6	23	33	19.72	72.51	3.45	41.35	68.98	95	
6	23	38	5.66	0.72	4.39	0.56	-1.07	96	
6	23	43	4.97	4.41	3.05	2.48	-0.08	97	
6	27	3	2.54	3.21	1.72	-0.49	0.48	98	
6	27	8	3.54	1.31	3.43	0.61	-0.98	99	
6	27	13	5.28	6.71	5.14	0.28	0.00	100	
6	27	18	17.48	47.77	4.23	-69.68	-93.05	101	
6	27	23	-25.89	-89.41	1.84	32.17	58.78	102	
6	27	28	20.28	57.99	-0.40	36.40	44.91	103	
6	27	33	1.87	1.64	3.18	-0.61	-0.34	104	
6	27	38	5.62	4.45	1.97	2.46	-1.27	105	
6	27	43	4.66	3.41	3.12	0.94	-0.83	106	
6	31	3	3.68	5.85	5.68	-0.28	1.02	107	
6	31	8	1.04	4.01	0.29	-1.88	-0.81	108	
6	31	13	21.85	50.64	-3.69	-67.16	-73.67	109	
6	31	18	-26.38	-83.11	15.40	55.97	60.07	110	
6	31	23	16.19	46.22	5.71	21.08	33.46	111	
6	31	28	4.09	4.00	4.79	2.07	1.53	112	
6	31	33	2.68	4.03	3.67	-0.70	0.91	113	
6	31	38	3.81	4.29	4.26	-0.67	2.12	114	
6	31	43	2.70	2.96	2.54	-0.96	0.87	115	
6	35	3	3.32	3.99	3.48	-0.65	-0.26	116	
6	35	8	34.42	33.46	1.24	-28.06	-12.30	117	
6	35	13	-24.08	-46.45	4.81	-35.96	-35.69	118	
6	35	18	26.75	13.37	16.93	106.31	-41.96	119	
6	35	23	3.50	5.93	3.22	-0.61	3.03	120	
6	35	28	5.17	6.08	6.31	1.02	-0.97	121	
6	35	33	2.73	3.09	4.07	0.34	-1.31	122	
6	35	38	3.46	3.38	2.64	-0.04	-0.85	123	
6	35	43	2.10	4.20	2.55	-1.65	0.65	124	
6	39	3	3.33	3.95	4.89	0.83	-1.63	125	
6	39	8	47.24	-5.82	22.21	-60.58	12.07	126	
6	39	13	-21.15	-43.13	-21.18	30.92	106.06	127	
6	39	18	19.58	64.51	-0.64	41.02	57.99	128	
6	39	23	4.02	1.70	1.28	-0.34	-0.40	129	
6	39	28	2.41	2.39	2.37	-1.28	-0.72	130	
6	39	33	10.73	22.78	-3.61	-10.71	-8.67	131	
6	39	38	9.58	0.41	30.37	13.76	-21.30	132	
6	39	43	3.89	1.55	1.42	0.44	-0.21	133	
6	43	3	3.61	1.57	1.75	-0.18	3.00	134	
6	43	8	4.85	1.82	8.15	-0.86	3.17	135	
6	43	13	3.60	16.71	6.83	2.07	9.56	136	
6	43	18	3.86	1.06	2.23	-0.81	-1.55	137	
6	43	23	4.17	3.00	5.02	-1.09	-0.08	138	
6	43	28	2.90	2.18	4.11	0.66	2.72	139	
6	43	33	52.46	28.17	-5.22	-103.91	-18.78	140	
6	43	38	44.50	7.77	27.43	100.98	-10.35	141	
6	43	43	3.60	4.29	4.41	-1.68	-2.06	142	
