143
diam	c	r	EConv0	EConv1	EConv2	OConv0	OConv1
6	3	3	2.97	3.08	4.38	2.11	1.70	44	
6	3	8	2.55	3.55	3.92	-0.89	2.72	45	
6	3	13	3.48	2.70	3.28	0.80	-1.04	46	
6	3	18	3.91	3.80	3.66	-1.95	0.24	47	
6	3	23	3.65	3.25	4.26	0.33	0.54	48	
6	3	28	5.01	4.13	4.65	2.47	-0.58	49	
6	3	33	13.25	22.66	-1.68	-22.17	-18.73	50	
6	3	38	18.55	-2.20	11.01	18.50	-6.53	51	
6	3	43	4.08	3.47	3.37	2.58	1.46	52	
6	7	3	3.38	6.01	2.41	-0.54	0.58	53	
6	7	8	3.15	2.67	7.02	0.59	-1.93	54	
6	7	13	3.02	5.18	4.12	0.25	-1.37	55	
6	7	18	3.73	3.66	5.03	-1.81	-2.14	56	
6	7	23	5.28	4.04	3.13	1.67	1.13	57	
6	7	28	3.82	4.90	1.52	1.39	-0.03	58	
6	7	33	-22.38	-29.62	11.89	-13.92	4.31	59	
6	7	38	8.74	13.21	1.88	2.81	3.93	60	
6	7	43	4.45	4.32	2.81	1.65	-1.72	61	
6	11	3	5.12	3.63	6.91	-1.55	1.09	62	
6	11	8	1.57	4.61	0.32	1.10	3.59	63	
6	11	13	3.30	3.71	2.96	-3.18	0.02	64	
6	11	18	4.19	3.89	3.50	0.86	1.55	65	
6	11	23	4.82	4.69	2.57	-2.32	-1.79	66	
6	11	28	9.66	1.19	3.58	-15.40	-14.44	67	
6	11	33	11.20	12.73	0.98	25.64	13.11	68	
6	11	38	3.40	2.76	3.68	1.09	-0.68	69	
6	11	43	4.38	4.04	3.22	-2.59	-0.79	70	
6	15	3	4.72	4.33	2.77	-1.07	-2.66	71	
6	15	8	3.75	2.44	3.70	0.58	-2.50	72	
6	15	13	3.54	3.42	4.44	1.35	1.72	73	
6	15	18	5.44	3.72	3.09	-3.24	-0.01	74	
6	15	23	4.72	-4.47	5.15	-6.27	-9.36	75	
6	15	28	11.05	12.27	5.97	2.01	10.21	76	
6	15	33	9.20	4.49	1.80	9.59	1.67	77	
6	15	38	4.43	4.60	2.63	-2.45	-0.92	78	
6	15	43	5.74	4.53	6.34	-2.06	-1.52	79	
6	19	3	4.25	2.16	5.22	1.55	-0.98	80	
6	19	8	3.11	4.74	3.41	1.01	0.95	81	
6	19	13	5.21	4.92	1.51	-1.81	-1.74	82	
6	19	18	3.80	-3.17	4.39	-13.36	-12.39	83	
6	19	23	7.80	9.87	1.68	10.37	9.52	84	
6	19	28	4.87	1.97	1.82	-4.43	-0.02	85	
6	19	33	5.76	3.92	2.30	4.80	1.71	86	
6	19	38	5.81	17.50	7.24	-5.58	-11.53	87	
6	19	43	0.25	7.81	25.69	7.26	-23.58	88	
6	23	3	3.80	4.90	2.01	3.96	2.92	89	
6	23	8	1.85	6.12	2.53	-2.89	-2.36	90	
6	23	13	-3.58	-10.99	0.74	-16.59	-21.01	91	
6	23	18	11.64	13.26	3.70	12.89	12.24	92	
6	23	23	5.51	3.74	1.94	0.61	-1.36	93	
6	23	28	7.35	20.41	8.85	-9.66	-11.18	94	
6	23	33	3.84	2.20	2.41	-10.52	-32.77	95	
6	23	38	-0.42	-40.92	-12.04	5.52	25.42	96	
6	23	43	6.40	26.70	1.05	15.06	30.16	97	
6	27	3	5.30	8.97	5.13	0.72	-1.72	98	
6	27	8	-6.29	-20.43	4.34	-10.15	-14.40	99	
6	27	13	6.84	14.77	2.80	11.02	15.74	100	
6	27	18	7.74	17.44	6.73	-2.99	-7.21	101	
6	27	23	1.65	-10.67	1.71	-6.26	-26.85	102	
6	27	28	-4.98	-20.31	-5.75	-3.29	22.33	103	
6	27	33	2.20	20.17	12.56	5.10	23.73	104	
6	27	38	4.88	8.42	2.74	-0.54	2.40	105	
6	27	43	4.33	4.30	3.42	-1.31	0.95	106	
6	31	3	-0.91	-14.62	-5.68	-22.82	-10.43	107	
6	31	8	11.08	28.86	2.47	14.37	14.02	108	
6	31	13	2.85	9.79	7.44	-13.86	-31.97	109	
6	31	18	1.29	-26.23	-0.55	7.79	12.90	110	
6	31	23	7.29	20.11	5.90	7.95	17.12	111	
6	31	28	-3.42	0.37	1.49	-0.35	0.17	112	
6	31	33	3.11	5.15	3.94	0.33	-0.59	113	
6	31	38	2.32	1.25	4.87	-2.29	0.96	114	
6	31	43	3.53	3.49	4.20	-0.27	1.12	115	
6	35	3	2.80	9.12	7.36	-5.51	5.44	116	
6	35	8	-6.10	-36.52	-17.40	-0.74	19.76	117	
6	35	13	4.77	17.07	2.99	13.56	30.55	118	
6	35	18	4.67	6.62	3.56	1.77	0.61	119	
6	35	23	3.63	3.61	2.47	-0.79	-0.84	120	
6	35	28	-7.04	-3.50	0.87	5.66	-1.87	121	
6	35	33	2.69	2.67	4.28	0.42	-2.14	122	
6	35	38	2.44	4.05	1.85	-0.35	-1.07	123	
6	35	43	3.67	3.35	4.08	0.07	-0.22	124	
6	39	3	4.24	2.37	4.79	2.11	0.02	125	
6	39	8	3.10	3.26	1.88	0.82	0.22	126	
6	39	13	4.07	4.51	3.41	-2.04	0.50	127	
6	39	18	3.49	3.43	2.05	1.74	0.99	128	
6	39	23	9.36	5.69	5.35	-5.25	-2.01	129	
6	39	28	5.82	4.62	1.03	11.10	4.41	130	
6	39	33	2.79	3.99	2.82	2.09	1.31	131	
6	39	38	1.49	3.05	4.38	-1.20	-1.07	132	
6	39	43	3.17	3.97	3.06	0.89	-1.24	133	
6	43	3	3.37	4.37	3.91	3.89	1.38	134	
6	43	8	4.27	3.96	3.45	-1.64	-1.20	135	
6	43	13	3.29	0.49	4.32	0.30	-1.34	136	
6	43	18	4.07	4.49	3.64	0.65	-0.65	137	
6	43	23	1.96	2.22	4.27	-0.57	1.00	138	
6	43	28	4.72	5.22	3.12	2.16	1.94	139	
6	43	33	2.24	3.63	3.81	2.10	-1.33	140	
6	43	38	1.44	1.94	4.64	-0.94	-0.13	141	
6	43	43	3.29	3.77	3.62	1.43	-0.05	142	
