143
diam	c	r	EConv0	EConv1	EConv2	OConv0	OConv1
6	3	3	25.07	17.42	2.08	-12.82	-3.50	44	
6	3	8	-46.71	-6.42	-3.62	0.88	-43.06	45	
6	3	13	24.28	29.94	23.96	-11.02	-79.07	46	
6	3	18	-23.09	-55.90	3.74	15.03	22.69	47	
6	3	23	14.46	28.21	9.02	21.52	6.54	48	
6	3	28	-1.15	7.73	4.79	-2.50	-3.88	49	
6	3	33	10.29	13.78	2.63	-15.87	-6.35	50	
6	3	38	-15.01	5.54	11.87	8.98	-45.36	51	
6	3	43	6.69	0.03	9.88	0.91	-4.41	52	
6	7	3	42.76	13.82	11.57	-48.08	-2.04	53	
6	7	8	-21.07	-34.46	-20.85	-2.78	34.16	54	
6	7	13	-1.76	-30.37	-15.98	29.10	50.80	55	
6	7	18	22.87	39.16	0.95	30.74	29.78	56	
6	7	23	6.60	5.76	5.44	5.05	3.14	57	
6	7	28	6.20	8.80	4.90	1.53	6.79	58	
6	7	33	17.13	25.47	-0.67	-69.26	-54.41	59	
6	7	38	-32.67	-50.69	-11.84	60.71	-11.70	60	
6	7	43	17.56	13.47	4.90	6.50	9.08	61	
6	11	3	13.85	-3.00	13.92	-10.95	1.13	62	
6	11	8	0.17	23.58	19.76	11.33	64.54	63	
6	11	13	6.62	28.55	7.38	11.95	37.29	64	
6	11	18	4.54	12.93	-0.41	-12.13	-11.24	65	
6	11	23	2.28	-6.02	14.47	21.41	-8.10	66	
6	11	28	20.41	26.39	-2.52	-40.41	-20.96	67	
6	11	33	-24.65	-46.47	8.93	-35.93	-27.82	68	
6	11	38	13.28	24.71	-1.27	81.15	60.00	69	
6	11	43	-1.11	-2.64	-0.68	-1.76	-0.16	70	
6	15	3	1.52	3.11	3.62	-1.53	2.05	71	
6	15	8	4.19	6.34	3.44	-2.14	-5.94	72	
6	15	13	6.31	-0.21	1.43	2.53	-12.95	73	
6	15	18	3.50	18.95	-2.05	-66.93	-45.87	74	
6	15	23	20.11	-5.50	6.98	76.26	-10.25	75	
6	15	28	0.11	4.35	7.05	-87.98	-51.86	76	
6	15	33	-17.18	-21.92	-1.58	62.10	50.83	77	
6	15	38	18.30	20.35	2.35	13.38	1.84	78	
6	15	43	6.84	3.58	2.31	1.39	-1.37	79	
6	19	3	4.88	2.25	3.72	-1.25	0.53	80	
6	19	8	2.16	0.19	-0.29	1.20	8.38	81	
6	19	13	12.18	26.99	-0.99	-45.64	-43.20	82	
6	19	18	-11.85	-49.67	-3.96	-25.25	1.19	83	
6	19	23	48.82	47.51	5.43	35.26	-43.94	84	
6	19	28	-38.89	-61.89	9.45	0.01	0.16	85	
6	19	33	22.49	31.49	-2.42	42.93	37.75	86	
6	19	38	-0.92	1.00	0.57	10.13	0.41	87	
6	19	43	-0.51	-0.92	-0.07	-3.91	-1.90	88	
6	23	3	1.52	2.67	4.46	0.41	2.90	89	
6	23	8	15.35	24.48	-5.80	-31.18	-20.28	90	
6	23	13	-23.24	-51.60	11.14	-4.14	-5.71	91	
6	23	18	34.33	46.61	11.20	-4.22	49.49	92	
6	23	23	-11.99	-21.58	-7.10	-13.35	-26.58	93	
6	23	28	3.03	14.33	-0.35	76.36	61.57	94	
6	23	33	2.93	8.34	3.94	-8.14	-3.57	95	
6	23	38	3.23	5.34	5.05	6.04	2.23	96	
6	23	43	3.95	4.81	4.74	-0.70	1.27	97	
6	27	3	0.80	4.37	1.10	2.95	-1.40	98	
6	27	8	9.49	-14.28	7.79	-50.39	11.99	99	
6	27	13	8.83	29.31	-2.20	43.35	57.26	100	
6	27	18	20.49	22.48	10.63	-73.29	-49.66	101	
6	27	23	-27.58	-31.52	11.67	63.59	27.19	102	
6	27	28	15.52	24.42	-0.03	15.14	12.98	103	
6	27	33	-0.35	0.57	1.48	-5.26	2.82	104	
6	27	38	3.51	4.37	3.18	3.89	-1.07	105	
6	27	43	4.45	3.54	4.41	-0.73	-1.63	106	
6	31	3	3.90	1.61	3.94	-2.45	0.22	107	
6	31	8	7.56	9.13	13.66	-3.49	6.35	108	
6	31	13	21.32	36.05	-1.92	-52.79	-58.92	109	
6	31	18	-10.82	-55.49	6.52	-8.41	-11.72	110	
6	31	23	-6.27	17.04	-5.76	81.76	35.99	111	
6	31	28	-2.00	15.64	0.09	-16.25	-15.19	112	
6	31	33	7.24	0.10	12.14	3.58	-4.82	113	
6	31	38	3.22	4.07	2.92	2.02	-0.41	114	
6	31	43	3.94	3.25	3.81	1.36	-0.46	115	
6	35	3	3.09	0.23	8.18	1.58	-1.53	116	
6	35	8	16.39	26.65	-7.55	-37.77	-20.84	117	
6	35	13	-18.78	-48.85	6.87	-31.90	-16.87	118	
6	35	18	21.33	18.36	6.19	53.04	72.74	119	
6	35	23	-19.49	6.85	-5.04	45.40	9.16	120	
6	35	28	-19.20	4.37	-13.25	-63.01	-37.78	121	
6	35	33	26.09	6.83	8.61	29.55	-1.48	122	
6	35	38	2.15	1.99	3.46	4.91	-2.54	123	
6	35	43	3.95	2.90	2.37	1.42	-0.54	124	
6	39	3	-1.77	4.93	1.58	17.39	1.49	125	
6	39	8	0.96	-16.99	1.89	-75.03	-8.81	126	
6	39	13	-3.41	-2.69	1.85	64.78	65.34	127	
6	39	18	12.27	18.11	0.52	1.04	-3.88	128	
6	39	23	1.22	17.28	-0.86	22.00	9.98	129	
6	39	28	-51.52	-27.80	8.27	-40.89	-23.94	130	
6	39	33	27.62	13.22	4.06	7.27	11.21	131	
6	39	38	4.32	1.82	3.97	5.82	3.27	132	
6	39	43	5.24	3.68	4.69	2.36	0.51	133	
6	43	3	4.57	5.38	-1.19	4.16	-1.96	134	
6	43	8	-4.17	-4.98	16.31	-9.34	30.00	135	
6	43	13	6.40	22.85	-1.86	10.93	8.25	136	
6	43	18	5.67	6.82	8.86	-7.25	0.49	137	
6	43	23	16.53	15.22	-0.74	-19.54	-11.58	138	
6	43	28	-43.51	-14.82	-14.55	12.93	21.17	139	
6	43	33	29.60	30.40	16.70	-8.82	-28.32	140	
6	43	38	-13.16	-6.02	18.12	31.31	-47.20	141	
6	43	43	2.26	4.89	0.67	-5.25	2.02	142	
