143
diam	c	r	EConv0	EConv1	EConv2	OConv0	OConv1
6	3	3	4.95	3.90	3.63	0.06	2.13	44	
6	3	8	22.44	-1.62	10.92	-21.54	10.92	45	
6	3	13	-33.04	-27.84	-10.57	7.53	94.71	46	
6	3	18	16.60	34.12	-0.97	27.32	18.58	47	
6	3	23	32.32	19.53	24.72	-41.11	-6.82	48	
6	3	28	-0.58	16.00	11.86	73.14	-16.83	49	
6	3	33	-1.42	2.00	-4.03	-4.26	5.89	50	
6	3	38	16.49	37.91	3.05	-31.96	-26.27	51	
6	3	43	-17.43	-22.40	24.83	49.47	-63.22	52	
6	7	3	6.13	2.74	4.86	-2.42	-0.04	53	
6	7	8	5.71	6.51	0.95	0.85	-3.28	54	
6	7	13	3.52	15.16	13.18	-4.30	3.91	55	
6	7	18	8.05	13.56	4.85	-1.37	-4.64	56	
6	7	23	-6.15	-6.04	-5.37	-85.35	-79.16	57	
6	7	28	-18.69	-23.43	-4.86	119.02	-17.53	58	
6	7	33	7.41	23.69	-3.89	-23.98	-13.18	59	
6	7	38	-15.12	-32.16	0.83	-75.49	-67.98	60	
6	7	43	3.49	2.57	-19.64	99.54	46.82	61	
6	11	3	3.94	3.06	3.21	0.93	-1.73	62	
6	11	8	3.42	0.87	3.22	-0.53	-0.17	63	
6	11	13	2.38	4.37	0.04	-1.75	-3.64	64	
6	11	18	18.41	41.08	-4.59	-68.43	-69.34	65	
6	11	23	-4.31	-50.38	-7.89	-5.59	19.12	66	
6	11	28	-3.89	11.27	0.57	125.16	10.17	67	
6	11	33	-4.00	0.15	3.67	-89.71	-91.69	68	
6	11	38	-12.56	-32.72	12.48	62.66	62.74	69	
6	11	43	13.43	27.24	0.07	22.09	18.26	70	
6	15	3	2.69	3.82	2.37	0.08	0.21	71	
6	15	8	4.94	6.13	3.33	-1.09	0.28	72	
6	15	13	19.82	49.55	-1.44	-49.37	-49.71	73	
6	15	18	-31.55	-67.05	10.15	-17.90	-27.75	74	
6	15	23	73.78	53.25	22.47	3.37	59.06	75	
6	15	28	11.51	27.48	-24.84	30.49	-51.17	76	
6	15	33	-33.37	-59.35	7.73	34.30	22.88	77	
6	15	38	17.90	30.91	-5.90	26.08	34.00	78	
6	15	43	9.45	6.63	8.45	6.49	-0.63	79	
6	19	3	4.95	5.25	4.24	-2.27	-0.64	80	
6	19	8	21.49	24.61	-4.58	-25.92	-11.35	81	
6	19	13	-24.76	-51.58	2.80	-57.26	-44.54	82	
6	19	18	0.83	-2.35	2.20	88.05	85.15	83	
6	19	23	41.37	38.86	7.30	-70.86	-29.00	84	
6	19	28	-14.27	-20.04	5.51	5.58	8.11	85	
6	19	33	24.73	28.69	0.50	80.36	67.26	86	
6	19	38	0.17	4.75	1.29	-8.09	-2.26	87	
6	19	43	6.70	5.30	2.34	3.22	0.39	88	
6	23	3	5.39	4.20	5.54	1.10	-0.37	89	
6	23	8	29.81	-6.15	18.37	-47.81	9.99	90	
6	23	13	-27.28	-9.69	-5.78	37.71	87.69	91	
6	23	18	27.33	60.20	2.07	-7.68	-9.76	92	
6	23	23	-12.05	-22.97	9.31	-73.15	-70.35	93	
6	23	28	-15.41	-22.83	22.49	100.43	57.92	94	
6	23	33	10.92	22.63	-1.32	-1.90	2.37	95	
6	23	38	-1.73	-2.89	2.05	-3.64	0.26	96	
6	23	43	5.64	6.35	5.31	5.70	-1.47	97	
6	27	3	6.30	2.48	4.03	1.31	-1.79	98	
6	27	8	11.20	4.16	13.07	7.97	3.27	99	
6	27	13	0.33	20.12	0.39	0.95	4.64	100	
6	27	18	0.43	2.56	5.13	-84.30	-70.29	101	
6	27	23	22.65	-27.42	-1.23	16.06	74.32	102	
6	27	28	-8.10	-1.11	-6.99	132.02	-10.13	103	
6	27	33	-8.37	-1.90	0.16	-13.71	-0.28	104	
6	27	38	2.95	6.16	2.64	-2.91	1.77	105	
6	27	43	4.79	4.13	2.76	4.71	2.04	106	
6	31	3	3.41	3.96	2.51	4.59	1.66	107	
6	31	8	6.71	7.97	-1.20	2.54	-4.10	108	
6	31	13	11.13	30.25	-3.99	-71.34	-73.60	109	
6	31	18	-33.78	-71.34	12.59	44.45	39.76	110	
6	31	23	65.69	58.80	15.32	-22.74	26.53	111	
6	31	28	-16.72	0.71	-5.53	117.05	4.41	112	
6	31	33	-0.94	3.43	3.13	-8.25	1.55	113	
6	31	38	3.38	2.74	2.65	-4.55	-1.00	114	
6	31	43	5.28	1.61	4.33	4.49	-3.31	115	
6	35	3	-0.84	-2.20	2.15	1.42	1.09	116	
6	35	8	25.39	42.67	-6.61	-59.74	-40.34	117	
6	35	13	-30.96	-70.00	7.47	-11.04	-11.59	118	
6	35	18	24.95	37.00	-2.96	76.95	55.38	119	
6	35	23	43.89	13.20	8.42	-63.64	3.36	120	
6	35	28	-5.97	-0.67	3.66	109.40	0.43	121	
6	35	33	-0.78	-1.50	1.70	-4.29	-1.90	122	
6	35	38	5.27	4.95	3.37	-7.26	0.44	123	
6	35	43	5.02	2.55	3.80	10.47	1.24	124	
6	39	3	3.54	6.33	3.75	6.93	-0.23	125	
6	39	8	0.11	-33.20	0.34	-94.67	13.57	126	
6	39	13	7.65	22.33	-0.56	73.66	88.04	127	
6	39	18	5.34	15.42	0.13	2.48	-4.07	128	
6	39	23	39.27	2.52	16.73	-65.19	-7.11	129	
6	39	28	7.94	15.11	-20.20	92.10	28.16	130	
6	39	33	2.52	0.57	4.34	1.82	-0.10	131	
6	39	38	2.79	1.91	2.03	-8.67	0.12	132	
6	39	43	6.15	5.40	3.74	8.11	1.04	133	
6	43	3	2.80	2.05	-2.29	-3.34	1.69	134	
6	43	8	0.23	4.44	25.29	-6.29	27.89	135	
6	43	13	10.48	16.08	3.83	0.85	0.04	136	
6	43	18	4.39	0.45	-0.48	0.08	4.34	137	
6	43	23	9.31	-2.73	17.48	-8.53	16.65	138	
6	43	28	5.49	20.92	1.78	11.71	19.62	139	
6	43	33	6.76	4.92	2.19	1.63	2.09	140	
6	43	38	2.17	3.62	3.33	-8.35	-1.65	141	
6	43	43	6.21	4.93	2.60	4.44	-1.88	142	
