143
diam	c	r	EConv0	EConv1	EConv2	OConv0	OConv1
6	3	3	3.39	4.04	4.17	0.62	0.83	44	
6	3	8	4.14	4.45	4.37	0.31	0.76	45	
6	3	13	3.68	2.36	3.56	-0.12	1.10	46	
6	3	18	2.77	2.54	1.06	-0.30	2.14	47	
6	3	23	1.98	4.34	5.04	0.18	2.08	48	
6	3	28	2.47	3.02	3.42	-4.24	-1.91	49	
6	3	33	1.16	1.12	2.97	-2.29	2.93	50	
6	3	38	6.21	4.48	3.88	-7.19	3.87	51	
6	3	43	-9.09	0.81	-1.13	11.31	2.52	52	
6	7	3	3.70	4.15	3.99	0.45	-2.71	53	
6	7	8	3.57	3.50	3.05	1.00	-1.36	54	
6	7	13	3.36	4.41	3.44	-1.44	-2.33	55	
6	7	18	10.15	10.55	7.70	-5.47	-2.74	56	
6	7	23	-4.00	5.18	-2.15	-14.88	-34.43	57	
6	7	28	12.56	-1.10	7.76	16.33	-1.08	58	
6	7	33	3.93	5.73	4.64	0.30	2.89	59	
6	7	38	6.68	2.52	4.83	-7.16	4.24	60	
6	7	43	-9.88	0.39	0.64	10.45	1.08	61	
6	11	3	2.44	3.63	4.55	-3.99	-0.75	62	
6	11	8	3.30	9.77	7.61	2.18	-9.81	63	
6	11	13	6.60	22.18	7.59	-7.26	-17.49	64	
6	11	18	4.66	3.15	4.01	-21.77	-43.18	65	
6	11	23	-13.72	-22.93	1.14	19.78	11.76	66	
6	11	28	8.71	10.17	0.19	3.23	2.42	67	
6	11	33	4.80	11.61	4.59	-7.36	-7.27	68	
6	11	38	3.25	29.03	11.50	-16.51	-48.01	69	
6	11	43	-5.28	-7.53	13.19	23.08	-7.28	70	
6	15	3	10.51	8.33	4.26	-8.76	-2.79	71	
6	15	8	-7.85	-11.06	-23.45	-26.75	-37.15	72	
6	15	13	-1.72	-47.07	-14.49	0.75	-15.36	73	
6	15	18	13.12	5.41	5.69	15.14	48.24	74	
6	15	23	-7.22	15.53	12.38	24.60	11.84	75	
6	15	28	3.25	29.12	8.97	-19.94	-33.63	76	
6	15	33	1.19	-18.41	-0.31	-23.31	-49.29	77	
6	15	38	-5.41	-41.46	-12.48	-0.19	29.33	78	
6	15	43	6.59	9.28	-10.24	37.31	9.55	79	
6	19	3	7.05	5.10	8.23	0.05	1.50	80	
6	19	8	-1.63	7.73	20.53	-7.77	47.07	81	
6	19	13	4.70	46.07	18.65	6.17	9.22	82	
6	19	18	8.47	17.35	3.26	-37.89	-58.11	83	
6	19	23	-1.22	-8.52	-15.77	6.55	-54.04	84	
6	19	28	-3.05	-46.93	-8.61	5.06	10.00	85	
6	19	33	7.09	9.74	10.03	24.08	57.44	86	
6	19	38	8.91	24.81	4.28	-3.19	19.23	87	
6	19	43	-7.13	-0.09	2.08	12.74	-3.54	88	
6	23	3	5.60	3.78	4.36	-3.04	0.84	89	
6	23	8	17.41	7.35	1.19	-12.80	-5.86	90	
6	23	13	-13.53	-39.59	-32.52	-27.81	-25.88	91	
6	23	18	2.91	-26.22	-11.05	-6.04	26.57	92	
6	23	23	2.85	1.32	8.87	31.82	68.79	93	
6	23	28	7.74	29.00	10.30	10.78	25.55	94	
6	23	33	4.23	5.87	-1.10	-1.41	0.51	95	
6	23	38	7.18	3.06	6.48	-7.29	-0.98	96	
6	23	43	-12.07	0.56	-0.16	11.19	-0.31	97	
6	27	3	4.82	3.17	2.88	-0.56	1.30	98	
6	27	8	5.27	0.61	3.89	-3.76	1.73	99	
6	27	13	-4.81	19.77	23.47	-0.92	36.71	100	
6	27	18	-5.83	17.20	9.37	-29.10	6.27	101	
6	27	23	20.89	13.98	9.44	15.12	3.00	102	
6	27	28	4.56	4.09	4.81	5.30	-1.73	103	
6	27	33	1.77	1.31	-0.11	-2.93	-1.87	104	
6	27	38	7.60	5.12	5.43	-2.84	-1.51	105	
6	27	43	-13.07	0.43	0.91	12.80	1.33	106	
6	31	3	3.55	4.66	4.57	0.00	-2.51	107	
6	31	8	3.90	3.27	5.06	-1.37	-0.66	108	
6	31	13	8.10	5.48	5.50	-0.57	-0.51	109	
6	31	18	-20.68	-7.69	-0.41	-18.05	-10.81	110	
6	31	23	10.09	5.45	1.75	10.51	-0.68	111	
6	31	28	4.44	6.18	3.45	0.15	1.63	112	
6	31	33	3.21	4.64	5.29	-0.45	0.53	113	
6	31	38	4.90	4.71	4.16	-5.43	-3.14	114	
6	31	43	-12.00	1.69	-0.46	8.54	-4.88	115	
6	35	3	3.15	3.64	3.85	-0.92	0.73	116	
6	35	8	4.30	4.46	4.47	0.98	1.55	117	
6	35	13	2.36	1.87	1.01	-1.64	0.04	118	
6	35	18	-32.26	-3.65	-6.25	-15.14	-2.39	119	
6	35	23	9.17	9.04	7.35	1.12	3.05	120	
6	35	28	4.26	3.03	4.35	-1.10	-0.23	121	
6	35	33	3.53	2.97	2.53	-1.81	-0.76	122	
6	35	38	7.48	3.66	3.24	-5.85	2.53	123	
6	35	43	-12.01	-1.18	2.26	11.42	-0.67	124	
6	39	3	3.36	4.03	6.33	0.52	-2.53	125	
6	39	8	3.76	1.64	2.51	0.56	1.49	126	
6	39	13	4.61	3.99	3.42	-2.62	-0.93	127	
6	39	18	-15.57	-6.74	-2.35	-14.79	24.04	128	
6	39	23	9.06	4.45	3.94	5.03	-4.81	129	
6	39	28	4.58	4.84	5.17	0.41	-3.73	130	
6	39	33	3.08	3.55	5.69	-0.16	-1.17	131	
6	39	38	9.47	7.55	4.87	-8.89	-2.18	132	
6	39	43	-16.24	-1.93	-2.35	15.67	-2.00	133	
6	43	3	3.51	6.14	3.70	0.87	-1.22	134	
6	43	8	3.51	2.81	0.81	0.36	-6.65	135	
6	43	13	4.27	3.54	5.84	-2.01	-5.05	136	
6	43	18	3.04	5.75	11.03	-3.13	0.22	137	
6	43	23	2.83	3.50	2.99	1.19	-0.94	138	
6	43	28	4.10	4.60	2.55	-0.97	-4.23	139	
6	43	33	1.81	3.32	1.04	0.11	-8.03	140	
6	43	38	8.05	2.99	6.20	-8.77	-4.63	141	
6	43	43	-11.43	1.07	-2.71	9.13	-1.98	142	
