143
diam	c	r	EConv0	EConv1	EConv2	OConv0	OConv1
6	3	3	4.52	14.55	9.72	5.54	-1.98	44	
6	3	8	-0.46	6.96	11.80	1.40	-0.79	45	
6	3	13	2.14	23.53	26.65	-8.22	10.66	46	
6	3	18	4.42	21.38	23.02	-9.83	9.90	47	
6	3	23	15.43	17.35	30.44	0.43	8.33	48	
6	3	28	31.40	35.43	25.06	-16.70	25.61	49	
6	3	33	-37.07	-16.94	3.00	-20.44	0.31	50	
6	3	38	50.12	52.79	33.39	55.14	52.57	51	
6	3	43	-6.01	30.14	30.99	-16.10	33.79	52	
6	7	3	2.99	4.78	1.14	0.45	-0.09	53	
6	7	8	2.59	4.48	5.64	-0.52	0.22	54	
6	7	13	1.06	2.06	2.74	-4.67	-1.18	55	
6	7	18	5.12	2.93	3.19	1.32	-3.74	56	
6	7	23	4.73	3.23	4.47	3.56	-1.36	57	
6	7	28	62.78	37.40	2.79	-60.06	-12.91	58	
6	7	33	-42.07	-39.72	7.21	59.62	31.82	59	
6	7	38	17.94	12.37	2.51	7.18	4.34	60	
6	7	43	-8.22	1.85	-4.76	-11.24	1.28	61	
6	11	3	4.43	3.92	3.44	-2.21	1.18	62	
6	11	8	1.06	2.55	2.86	1.54	-0.34	63	
6	11	13	0.15	2.40	2.24	-3.59	0.53	64	
6	11	18	2.44	3.06	3.29	-1.04	0.73	65	
6	11	23	4.92	2.98	4.16	5.70	-0.34	66	
6	11	28	43.87	26.95	8.74	-121.12	-37.79	67	
6	11	33	22.74	26.78	-0.10	96.43	61.35	68	
6	11	38	19.55	36.99	-5.26	-24.90	-20.31	69	
6	11	43	-19.84	-31.14	32.10	26.94	-61.22	70	
6	15	3	4.41	3.03	3.88	-2.11	1.91	71	
6	15	8	-0.23	1.85	2.00	1.15	1.51	72	
6	15	13	0.93	2.51	0.73	-6.32	-0.78	73	
6	15	18	3.19	1.27	3.58	0.92	-1.66	74	
6	15	23	12.67	20.68	-3.88	-10.70	-12.23	75	
6	15	28	-54.40	-62.40	17.45	-58.73	-46.89	76	
6	15	33	27.74	30.98	-4.65	15.34	17.43	77	
6	15	38	-10.07	-20.56	7.84	-92.13	-78.79	78	
6	15	43	-5.66	-11.46	-24.44	99.35	35.24	79	
6	19	3	4.31	3.71	2.90	-2.56	-0.29	80	
6	19	8	2.01	2.19	4.12	2.00	2.83	81	
6	19	13	2.35	5.10	2.28	-8.21	5.93	82	
6	19	18	5.24	7.55	1.56	-2.24	1.96	83	
6	19	23	8.76	11.18	-0.45	-88.60	-69.49	84	
6	19	28	-36.23	-20.93	-18.74	57.26	70.23	85	
6	19	33	14.60	27.74	-3.40	-82.82	-90.45	86	
6	19	38	-25.38	-57.29	15.06	70.21	60.04	87	
6	19	43	-1.17	30.45	-6.35	10.02	25.33	88	
6	23	3	5.14	4.47	5.96	-1.08	0.37	89	
6	23	8	1.52	4.69	1.85	2.47	1.53	90	
6	23	13	2.90	1.41	6.44	-6.85	1.49	91	
6	23	18	21.01	45.83	-6.91	-61.11	-59.15	92	
6	23	23	-37.91	-85.08	13.89	49.99	43.63	93	
6	23	28	-1.40	54.47	-16.72	-58.81	-47.37	94	
6	23	33	-28.89	-76.17	3.99	6.71	10.38	95	
6	23	38	30.26	53.88	-1.78	50.29	37.89	96	
6	23	43	-14.64	-1.11	0.27	-12.19	-4.46	97	
6	27	3	4.37	4.09	1.81	-2.42	1.93	98	
6	27	8	-0.00	-0.69	-1.04	1.51	0.28	99	
6	27	13	18.01	45.37	0.47	-34.81	-36.84	100	
6	27	18	-45.83	-88.74	13.01	-22.62	-24.45	101	
6	27	23	62.24	113.56	-11.36	1.99	2.89	102	
6	27	28	-33.11	-59.67	7.65	-25.03	-24.21	103	
6	27	33	26.23	42.96	9.98	75.76	73.11	104	
6	27	38	1.83	4.64	1.71	1.77	1.71	105	
6	27	43	-15.38	-2.45	-0.29	-12.54	2.12	106	
6	31	3	4.49	16.35	6.06	-2.34	-10.17	107	
6	31	8	15.41	56.05	17.50	-25.03	-49.48	108	
6	31	13	-24.47	-60.31	10.54	-56.61	-66.45	109	
6	31	18	31.50	67.57	-10.82	60.21	71.95	110	
6	31	23	-16.10	-54.07	7.70	-62.89	-73.39	111	
6	31	28	-38.90	-31.09	4.59	94.57	41.42	112	
6	31	33	6.48	12.36	0.65	9.76	2.38	113	
6	31	38	5.04	3.92	3.57	-2.47	2.02	114	
6	31	43	-17.38	-0.34	-2.48	-6.57	-2.44	115	
6	35	3	18.80	24.79	-32.75	-108.19	-43.90	116	
6	35	8	-0.57	-53.99	-5.78	-20.05	-60.15	117	
6	35	13	-1.84	-8.12	-3.91	88.45	92.54	118	
6	35	18	66.00	18.42	14.87	-74.40	-0.13	119	
6	35	23	-26.34	-49.37	5.53	62.98	64.26	120	
6	35	28	-21.94	36.81	-22.31	39.44	57.13	121	
6	35	33	-0.55	-0.56	0.14	4.22	5.10	122	
6	35	38	0.62	27.74	14.54	-3.98	-23.96	123	
6	35	43	-16.07	-6.18	4.49	-1.88	0.85	124	
6	39	3	19.65	-31.39	33.72	-96.05	50.92	125	
6	39	8	-6.76	8.03	-5.66	47.50	121.47	126	
6	39	13	13.89	22.37	1.69	11.69	9.22	127	
6	39	18	18.61	-5.22	25.34	-21.88	16.36	128	
6	39	23	7.70	49.31	-3.37	24.52	46.45	129	
6	39	28	-2.55	0.31	5.20	3.93	3.98	130	
6	39	33	19.51	57.91	-7.74	-56.74	-57.92	131	
6	39	38	-21.82	-43.22	-27.93	-14.90	-84.45	132	
6	39	43	23.65	-10.23	21.06	50.84	-19.07	133	
6	43	3	4.82	5.33	10.52	-1.49	2.67	134	
6	43	8	6.86	4.24	8.45	-3.53	-4.91	135	
6	43	13	6.10	4.87	5.69	1.31	0.39	136	
6	43	18	2.57	3.89	2.15	-2.06	0.49	137	
6	43	23	2.63	1.41	4.96	-3.34	-2.39	138	
6	43	28	18.81	33.47	-1.03	-14.33	-13.11	139	
6	43	33	-30.62	-59.02	9.97	-62.68	-48.91	140	
6	43	38	17.75	-29.54	-13.79	19.18	94.11	141	
6	43	43	24.00	4.97	14.94	88.00	-6.36	142	
