143
diam	c	r	EConv0	EConv1	EConv2	OConv0	OConv1
6	3	3	4.20	3.59	3.59	0.50	-0.00	44	
6	3	8	2.56	1.82	3.95	-1.37	2.18	45	
6	3	13	6.11	5.07	6.09	1.86	-2.13	46	
6	3	18	-11.69	-17.35	-1.02	-18.97	-9.27	47	
6	3	23	17.27	32.26	2.67	-1.97	-3.53	48	
6	3	28	-7.84	-28.46	6.80	-78.17	-107.04	49	
6	3	33	-35.60	-54.44	-4.20	41.56	39.80	50	
6	3	38	23.38	66.29	16.15	23.10	29.84	51	
6	3	43	2.37	1.69	5.80	-1.40	-3.96	52	
6	7	3	3.66	4.37	3.19	-0.28	0.10	53	
6	7	8	3.77	5.38	2.52	-0.62	-0.34	54	
6	7	13	1.31	5.72	1.23	-10.81	-11.96	55	
6	7	18	1.41	15.43	12.94	12.94	13.19	56	
6	7	23	-4.44	-15.43	-8.25	-88.57	-86.91	57	
6	7	28	-2.75	-44.64	16.40	72.44	86.00	58	
6	7	33	6.56	62.61	13.17	32.30	41.02	59	
6	7	38	-3.42	-0.29	3.14	-0.03	-0.97	60	
6	7	43	-12.31	8.07	18.73	4.36	-33.22	61	
6	11	3	2.63	3.31	2.98	-1.80	-3.11	62	
6	11	8	11.91	11.34	2.32	-7.27	-6.47	63	
6	11	13	-1.60	-8.37	6.74	16.09	5.26	64	
6	11	18	1.84	1.91	-1.48	-62.21	-63.24	65	
6	11	23	-16.83	-37.22	6.54	50.20	82.56	66	
6	11	28	13.84	38.47	2.17	11.76	8.64	67	
6	11	33	1.50	-3.03	0.16	-4.60	5.55	68	
6	11	38	26.08	63.00	9.43	-46.14	-60.05	69	
6	11	43	-33.54	-44.64	-4.35	79.70	-24.07	70	
6	15	3	-0.19	-0.21	3.21	-0.74	1.69	71	
6	15	8	6.08	21.18	9.38	-17.76	-6.64	72	
6	15	13	17.50	15.77	9.49	-39.02	-44.44	73	
6	15	18	-18.43	-9.26	-8.94	28.51	40.19	74	
6	15	23	14.51	19.31	17.26	7.71	-0.77	75	
6	15	28	2.20	3.17	4.21	4.73	-0.10	76	
6	15	33	22.82	52.62	1.73	-36.57	-48.93	77	
6	15	38	-29.47	-85.09	7.06	-10.75	1.74	78	
6	15	43	21.21	50.60	-11.26	62.64	64.61	79	
6	19	3	12.91	38.62	-4.14	-13.45	-12.87	80	
6	19	8	-24.03	-53.12	-8.75	-43.27	-59.34	81	
6	19	13	15.22	-6.38	-1.19	50.55	53.79	82	
6	19	18	-19.33	-9.96	-3.58	-65.81	-54.44	83	
6	19	23	36.25	-3.57	16.52	72.29	-17.56	84	
6	19	28	14.97	32.29	-0.22	-3.57	-2.69	85	
6	19	33	-44.45	-64.40	5.61	-43.06	-43.42	86	
6	19	38	20.74	45.78	1.88	57.17	61.53	87	
6	19	43	3.65	-3.55	-0.31	-1.35	-2.77	88	
6	23	3	-10.60	-61.76	-16.45	-46.54	-10.18	89	
6	23	8	13.44	31.68	14.60	45.99	86.59	90	
6	23	13	29.17	51.10	6.97	-62.88	-54.25	91	
6	23	18	-2.66	-24.98	13.73	51.96	88.00	92	
6	23	23	11.38	45.16	-13.21	21.75	23.68	93	
6	23	28	-8.02	-34.46	13.01	-62.14	-77.75	94	
6	23	33	1.21	14.18	4.08	81.78	90.15	95	
6	23	38	6.40	3.93	5.66	-4.08	-2.03	96	
6	23	43	13.52	43.10	-18.24	-69.51	-75.05	97	
6	27	3	-0.62	12.03	8.74	7.97	17.63	98	
6	27	8	27.39	54.78	-1.17	-46.66	-53.68	99	
6	27	13	-35.90	-84.63	11.28	36.44	22.24	100	
6	27	18	19.83	33.77	-5.30	12.44	5.51	101	
6	27	23	-10.80	-23.47	4.25	-56.71	-86.28	102	
6	27	28	-7.70	-4.92	-6.58	65.95	87.07	103	
6	27	33	6.43	12.90	1.17	-2.73	-2.79	104	
6	27	38	1.95	4.43	2.86	4.95	-0.38	105	
6	27	43	-31.26	-41.41	-9.90	-92.55	21.87	106	
6	31	3	18.30	34.21	-17.92	-53.64	-45.02	107	
6	31	8	-20.64	-79.87	10.51	-6.78	-19.13	108	
6	31	13	28.31	60.17	-10.40	49.13	41.53	109	
6	31	18	-6.87	-4.61	-4.45	-73.78	-89.87	110	
6	31	23	-12.96	-22.08	-2.28	71.49	80.52	111	
6	31	28	5.81	11.82	2.47	-9.72	-0.04	112	
6	31	33	4.73	2.15	1.04	-1.47	-1.59	113	
6	31	38	4.47	3.82	2.32	1.45	-0.91	114	
6	31	43	-5.74	9.71	28.70	-10.70	29.49	115	
6	35	3	8.36	-15.23	41.69	-38.82	38.10	116	
6	35	8	3.53	59.36	3.87	36.26	70.52	117	
6	35	13	17.80	27.11	3.29	-59.54	-64.40	118	
6	35	18	-13.44	-35.58	13.24	50.51	78.01	119	
6	35	23	10.42	23.07	-1.17	4.63	7.64	120	
6	35	28	2.95	1.47	5.48	-3.03	-3.43	121	
6	35	33	4.62	2.08	3.99	0.50	-1.53	122	
6	35	38	4.16	2.54	4.07	-0.44	-1.84	123	
6	35	43	2.94	3.66	2.22	0.23	-0.44	124	
6	39	3	3.31	7.14	6.37	-0.97	-1.53	125	
6	39	8	21.94	5.72	1.07	-24.32	-11.79	126	
6	39	13	-10.40	-30.12	13.13	22.20	49.01	127	
6	39	18	11.67	27.54	3.17	10.51	4.63	128	
6	39	23	0.48	-0.19	0.85	-0.30	-2.96	129	
6	39	28	4.60	5.47	2.34	1.62	2.01	130	
6	39	33	3.27	5.51	2.00	-0.46	-5.03	131	
6	39	38	3.14	2.53	4.55	0.48	-3.70	132	
6	39	43	2.93	6.77	4.49	-0.66	-4.00	133	
6	43	3	2.84	2.15	4.25	-1.26	-0.79	134	
6	43	8	3.67	5.72	8.40	1.31	1.87	135	
6	43	13	6.11	12.81	7.89	1.17	-3.87	136	
6	43	18	3.40	3.40	4.47	2.12	-3.97	137	
6	43	23	2.49	4.67	2.80	0.09	-1.80	138	
6	43	28	1.98	1.76	3.12	1.28	-5.76	139	
6	43	33	3.83	4.66	5.98	-2.48	0.85	140	
6	43	38	3.85	4.14	3.03	-1.69	-1.85	141	
6	43	43	2.36	-2.92	0.50	-0.57	1.09	142	
