143
diam	c	r	EConv0	EConv1	EConv2	OConv0	OConv1
6	3	3	9.36	11.26	3.57	-8.51	-2.41	44	
6	3	8	-19.73	-28.17	24.47	7.06	30.73	45	
6	3	13	9.18	27.81	2.40	13.76	17.53	46	
6	3	18	-3.82	-4.59	2.45	2.53	2.09	47	
6	3	23	4.42	5.65	-8.16	-113.78	-35.26	48	
6	3	28	-11.83	-27.55	-22.21	20.62	13.90	49	
6	3	33	0.46	-10.29	-14.52	58.73	76.76	50	
6	3	38	5.74	6.55	-3.77	8.61	-0.32	51	
6	3	43	11.16	7.05	7.78	-36.50	2.53	52	
6	7	3	11.15	-0.68	6.15	-14.58	7.03	53	
6	7	8	7.85	17.10	-2.81	25.34	15.92	54	
6	7	13	2.38	-2.57	-0.80	-0.60	0.66	55	
6	7	18	2.58	3.85	1.26	-0.59	-3.64	56	
6	7	23	-21.12	-40.20	18.17	-61.17	66.14	57	
6	7	28	2.98	45.91	7.87	32.77	83.77	58	
6	7	33	3.07	14.94	22.62	-0.10	-13.14	59	
6	7	38	0.23	4.14	0.36	-5.29	1.38	60	
6	7	43	7.11	4.62	0.82	-40.06	-5.36	61	
6	11	3	6.75	2.01	5.46	-4.74	-0.04	62	
6	11	8	2.38	4.09	2.26	1.09	0.58	63	
6	11	13	2.44	2.66	1.08	-1.76	-3.84	64	
6	11	18	3.66	2.64	5.79	0.73	0.45	65	
6	11	23	6.25	9.58	3.04	0.68	-4.25	66	
6	11	28	25.55	38.66	-8.20	-58.82	-47.71	67	
6	11	33	4.48	-34.24	-2.76	80.61	-12.51	68	
6	11	38	2.32	-0.08	6.40	0.28	0.93	69	
6	11	43	4.56	3.96	-1.12	-46.80	1.82	70	
6	15	3	5.06	3.15	3.53	-0.22	-0.75	71	
6	15	8	2.50	2.84	1.91	-1.13	1.63	72	
6	15	13	2.61	3.69	3.41	-0.69	0.63	73	
6	15	18	2.30	0.74	2.71	2.34	0.38	74	
6	15	23	10.76	15.12	-3.79	-12.02	-1.15	75	
6	15	28	-44.15	-65.39	9.36	-49.01	-35.81	76	
6	15	33	25.69	35.14	-4.30	40.92	23.94	77	
6	15	38	13.73	36.18	-4.62	-27.26	-24.24	78	
6	15	43	9.93	-15.34	28.69	-13.47	-20.27	79	
6	19	3	4.03	4.36	2.62	-4.39	-0.38	80	
6	19	8	3.21	1.60	3.18	0.48	-1.63	81	
6	19	13	3.32	-0.25	2.40	-0.50	3.60	82	
6	19	18	4.59	16.70	-5.56	-4.41	-1.33	83	
6	19	23	5.90	14.92	7.56	-69.63	-90.11	84	
6	19	28	-1.51	-4.24	13.22	81.49	51.21	85	
6	19	33	11.19	4.57	-2.88	-0.16	1.62	86	
6	19	38	-5.69	-10.59	4.83	-94.57	-51.08	87	
6	19	43	45.24	18.46	-3.66	22.05	21.65	88	
6	23	3	2.14	2.39	3.04	-1.43	-1.53	89	
6	23	8	3.44	13.18	12.85	2.73	-0.66	90	
6	23	13	8.31	54.27	10.97	-27.37	-50.43	91	
6	23	18	3.13	-16.35	8.07	-44.08	-102.04	92	
6	23	23	20.11	-20.78	-17.98	-24.21	53.40	93	
6	23	28	58.95	31.47	34.91	75.17	12.05	94	
6	23	33	10.98	33.08	1.70	-60.34	-83.91	95	
6	23	38	-26.13	-56.58	7.75	49.52	47.75	96	
6	23	43	23.85	20.88	3.01	-33.54	-2.45	97	
6	27	3	0.16	0.82	5.17	2.62	0.71	98	
6	27	8	-17.05	-4.73	-38.00	-84.35	-71.66	99	
6	27	13	-5.35	-77.28	-14.03	-5.40	-20.49	100	
6	27	18	-0.40	-10.51	-0.59	56.69	102.11	101	
6	27	23	77.37	46.76	33.17	-73.52	25.39	102	
6	27	28	23.93	5.44	-39.81	33.24	-93.67	103	
6	27	33	-22.98	-72.75	4.73	32.95	42.25	104	
6	27	38	20.62	38.88	1.57	27.39	29.45	105	
6	27	43	4.30	0.95	1.09	-48.31	-3.12	106	
6	31	3	-1.68	3.74	0.52	4.91	-2.07	107	
6	31	8	-23.03	-28.26	20.36	-35.82	89.88	108	
6	31	13	5.94	48.37	11.88	33.19	81.60	109	
6	31	18	14.63	55.11	-1.02	-20.96	-34.75	110	
6	31	23	2.85	-30.37	10.37	-65.85	-95.66	111	
6	31	28	-16.61	-42.22	3.70	49.17	62.38	112	
6	31	33	17.39	47.80	0.35	27.14	43.57	113	
6	31	38	2.65	2.43	2.28	-0.43	2.97	114	
6	31	43	1.74	3.12	3.53	-46.26	3.48	115	
6	35	3	1.47	3.36	1.20	-1.29	0.78	116	
6	35	8	6.52	2.33	-1.68	1.73	-0.89	117	
6	35	13	4.69	1.82	-1.19	-0.79	-6.46	118	
6	35	18	-23.43	-40.01	-10.13	-81.44	-41.85	119	
6	35	23	-1.81	-29.22	0.98	48.23	94.07	120	
6	35	28	9.45	44.22	-2.18	27.12	42.41	121	
6	35	33	3.58	-0.08	3.09	-0.30	0.68	122	
6	35	38	4.37	3.78	3.94	0.46	-1.88	123	
6	35	43	-2.09	4.22	-0.58	-50.67	-2.37	124	
6	39	3	3.26	3.49	2.60	-1.80	-0.17	125	
6	39	8	3.82	1.78	2.63	-1.97	-1.75	126	
6	39	13	15.70	5.59	9.53	-4.79	-0.71	127	
6	39	18	-17.08	9.76	16.26	13.20	70.71	128	
6	39	23	3.74	23.01	-0.22	10.37	9.42	129	
6	39	28	-1.64	-0.13	1.76	-2.39	-2.23	130	
6	39	33	3.59	4.17	2.01	3.71	0.60	131	
6	39	38	0.23	0.82	1.10	1.36	-0.41	132	
6	39	43	-0.62	0.94	3.10	-53.75	-1.10	133	
6	43	3	1.97	2.96	3.25	-3.68	-0.54	134	
6	43	8	4.14	1.68	3.31	0.50	2.09	135	
6	43	13	4.25	5.49	1.46	-0.30	-0.84	136	
6	43	18	3.20	5.15	1.42	0.64	0.41	137	
6	43	23	5.48	2.60	4.52	-0.76	1.34	138	
6	43	28	1.81	2.80	2.54	-1.68	1.21	139	
6	43	33	3.33	3.25	2.73	0.95	-0.81	140	
6	43	38	5.87	4.41	4.20	0.34	0.90	141	
6	43	43	-3.06	0.16	0.34	-51.21	-0.96	142	
