143
diam	c	r	EConv0	EConv1	EConv2	OConv0	OConv1
6	3	3	1.74	2.18	2.10	-0.19	-1.37	44	
6	3	8	1.54	2.15	3.14	-0.01	-1.06	45	
6	3	13	1.10	3.02	1.26	0.87	0.43	46	
6	3	18	2.61	2.48	3.36	-1.11	1.46	47	
6	3	23	7.33	32.28	5.22	-20.05	-30.61	48	
6	3	28	-38.55	-40.57	1.49	24.41	-16.87	49	
6	3	33	3.25	3.12	1.80	3.30	0.71	50	
6	3	38	0.88	2.29	3.06	-0.51	0.86	51	
6	3	43	2.47	2.47	2.47	-1.31	1.12	52	
6	7	3	2.92	1.90	2.68	0.12	-0.95	53	
6	7	8	2.40	1.53	2.01	3.03	0.78	54	
6	7	13	0.57	2.11	3.14	-0.94	-0.32	55	
6	7	18	10.86	13.16	2.30	-7.08	-5.01	56	
6	7	23	-11.23	-50.05	2.23	-3.49	1.93	57	
6	7	28	14.22	9.08	-0.64	66.70	19.94	58	
6	7	33	4.89	5.22	1.79	-1.68	-1.12	59	
6	7	38	1.45	1.34	2.48	0.19	-2.91	60	
6	7	43	2.86	3.47	3.41	0.58	-1.45	61	
6	11	3	3.25	2.03	3.29	1.93	-0.27	62	
6	11	8	3.05	3.66	3.10	3.47	-0.80	63	
6	11	13	1.47	6.37	3.17	-0.02	1.30	64	
6	11	18	21.00	16.30	3.16	-47.49	-21.88	65	
6	11	23	32.63	32.59	7.55	32.45	30.74	66	
6	11	28	32.59	10.81	13.40	51.09	0.15	67	
6	11	33	6.47	1.24	3.51	-2.92	0.30	68	
6	11	38	2.58	2.32	3.38	2.23	2.48	69	
6	11	43	3.12	3.98	2.04	-2.73	2.25	70	
6	15	3	7.08	5.24	2.83	2.03	1.57	71	
6	15	8	6.77	22.60	9.89	-5.15	-19.43	72	
6	15	13	-2.35	0.32	-3.56	-24.15	-63.48	73	
6	15	18	-20.22	-50.65	4.95	22.96	1.65	74	
6	15	23	17.67	8.12	5.84	-1.96	3.56	75	
6	15	28	12.74	-0.53	4.43	64.63	-11.03	76	
6	15	33	6.63	4.45	5.28	0.86	1.28	77	
6	15	38	0.75	0.93	2.04	2.47	-0.14	78	
6	15	43	3.24	1.84	3.62	-2.84	0.67	79	
6	19	3	15.08	11.98	0.84	-10.48	-4.80	80	
6	19	8	-10.58	-39.55	-11.68	-4.66	-29.13	81	
6	19	13	1.26	-11.04	-1.04	27.82	50.87	82	
6	19	18	5.71	25.01	0.86	14.98	24.04	83	
6	19	23	8.10	4.19	3.50	-0.67	0.14	84	
6	19	28	-13.23	-2.87	-2.59	66.27	-3.50	85	
6	19	33	4.76	4.10	2.62	2.31	0.92	86	
6	19	38	1.32	4.52	2.30	0.18	0.72	87	
6	19	43	1.35	1.25	4.65	1.42	-1.00	88	
6	23	3	19.59	-0.98	10.48	-18.15	2.43	89	
6	23	8	6.84	15.84	0.38	35.96	52.78	90	
6	23	13	6.22	10.45	3.11	3.47	4.88	91	
6	23	18	1.76	0.77	0.41	0.36	-0.90	92	
6	23	23	6.25	-0.43	2.96	-2.30	1.29	93	
6	23	28	-22.33	-3.88	-5.12	66.51	-3.09	94	
6	23	33	3.63	19.79	12.49	-4.00	-17.70	95	
6	23	38	5.69	21.57	15.48	-4.29	-23.25	96	
6	23	43	-12.89	6.75	26.37	8.41	-49.09	97	
6	27	3	3.65	2.92	4.03	-2.80	2.56	98	
6	27	8	8.46	26.67	-4.91	-16.31	-16.62	99	
6	27	13	-5.74	18.16	17.13	0.65	-59.74	100	
6	27	18	1.84	24.83	27.56	5.21	-51.57	101	
6	27	23	12.18	30.47	23.39	-12.94	-51.84	102	
6	27	28	-5.78	15.03	-18.61	24.91	-41.63	103	
6	27	33	-6.05	-28.28	-15.75	-13.93	-51.71	104	
6	27	38	6.46	-21.07	-13.99	-3.23	-40.96	105	
6	27	43	-44.69	-27.43	-16.62	57.16	-1.17	106	
6	31	3	3.06	1.66	2.48	-2.61	0.32	107	
6	31	8	9.05	5.98	-9.96	-85.64	-18.92	108	
6	31	13	-0.03	-8.24	-7.02	-0.81	-8.49	109	
6	31	18	1.24	-8.30	-10.67	1.38	-11.70	110	
6	31	23	1.55	-14.89	-11.59	1.15	-12.49	111	
6	31	28	0.83	-16.12	-3.19	7.20	9.08	112	
6	31	33	-0.74	-12.24	-18.06	-4.06	19.85	113	
6	31	38	-5.03	-26.77	0.59	30.82	50.72	114	
6	31	43	-8.37	24.22	-10.04	33.31	55.58	115	
6	35	3	1.58	1.26	1.76	-1.69	0.52	116	
6	35	8	3.60	-20.99	26.85	-52.08	36.86	117	
6	35	13	-1.27	-4.94	-3.69	6.61	76.99	118	
6	35	18	-2.72	-0.46	-4.58	-5.51	74.77	119	
6	35	23	21.79	18.39	2.85	-5.46	68.31	120	
6	35	28	22.94	10.56	20.86	58.47	42.93	121	
6	35	33	-0.89	15.54	23.38	-4.06	43.32	122	
6	35	38	5.88	27.30	4.94	11.62	22.73	123	
6	35	43	4.36	3.51	2.16	-0.00	0.38	124	
6	39	3	2.17	1.16	3.43	1.86	-0.51	125	
6	39	8	-0.63	2.33	2.15	-4.44	2.52	126	
6	39	13	5.35	7.01	4.34	-2.77	-0.49	127	
6	39	18	2.49	1.99	4.66	-1.80	3.33	128	
6	39	23	28.74	5.64	10.58	-16.36	3.35	129	
6	39	28	30.85	20.84	-0.62	33.83	11.13	130	
6	39	33	3.93	1.95	3.01	0.90	2.79	131	
6	39	38	3.57	1.76	1.16	-0.85	2.26	132	
6	39	43	3.97	3.21	1.65	2.02	1.01	133	
6	43	3	2.19	3.64	1.00	2.09	0.70	134	
6	43	8	0.47	0.34	3.39	-1.32	-0.71	135	
6	43	13	4.81	0.66	2.86	-2.45	-0.02	136	
6	43	18	6.32	4.78	3.51	1.34	1.81	137	
6	43	23	3.65	2.64	6.26	-4.41	3.89	138	
6	43	28	3.54	5.81	0.67	1.58	3.95	139	
6	43	33	3.43	3.18	1.97	1.14	-0.83	140	
6	43	38	1.97	2.12	3.05	-0.45	-2.08	141	
6	43	43	1.57	2.95	2.71	-1.95	-1.05	142	
