143
diam	c	r	EConv0	EConv1	EConv2	OConv0	OConv1
6	3	3	1.44	5.52	3.31	-1.93	0.45	44	
6	3	8	0.99	3.32	5.95	-2.12	3.14	45	
6	3	13	0.82	8.00	5.58	2.75	5.70	46	
6	3	18	3.06	4.36	4.10	-1.31	0.65	47	
6	3	23	2.50	3.37	6.66	-2.36	0.14	48	
6	3	28	3.85	7.80	5.00	2.21	5.98	49	
6	3	33	4.26	7.72	8.09	1.31	2.24	50	
6	3	38	-2.41	7.09	11.00	-1.06	-5.81	51	
6	3	43	2.88	5.55	4.80	-1.27	4.49	52	
6	7	3	2.79	1.87	2.12	-1.56	-1.03	53	
6	7	8	2.61	1.35	2.10	-0.27	1.14	54	
6	7	13	2.53	1.94	2.57	0.69	0.74	55	
6	7	18	3.01	0.94	1.12	0.23	0.22	56	
6	7	23	2.69	3.34	4.09	0.80	0.57	57	
6	7	28	3.38	3.38	2.93	-0.24	-0.70	58	
6	7	33	11.88	11.19	3.52	-1.31	-2.16	59	
6	7	38	-21.43	-24.17	-4.61	23.77	-8.65	60	
6	7	43	1.92	1.36	1.03	-1.62	0.98	61	
6	11	3	2.17	1.60	2.83	0.48	0.55	62	
6	11	8	3.75	2.77	3.24	0.22	2.54	63	
6	11	13	1.69	3.56	1.57	1.87	-0.50	64	
6	11	18	2.61	3.37	4.14	-0.38	-1.76	65	
6	11	23	1.25	1.37	1.54	0.44	0.78	66	
6	11	28	3.02	2.32	1.60	-1.83	0.59	67	
6	11	33	13.97	11.86	2.91	-31.25	-21.63	68	
6	11	38	16.84	19.41	0.25	25.17	19.30	69	
6	11	43	2.15	-0.37	1.28	-0.14	-2.13	70	
6	15	3	1.97	2.74	2.09	1.68	-0.35	71	
6	15	8	2.89	3.38	2.72	-0.70	-2.13	72	
6	15	13	2.16	1.79	3.01	0.59	0.43	73	
6	15	18	2.26	3.74	2.34	0.08	-0.65	74	
6	15	23	3.55	4.38	2.57	-1.14	-1.62	75	
6	15	28	7.43	17.68	3.64	-7.15	-9.10	76	
6	15	33	-27.39	-22.61	-1.36	-2.41	-8.73	77	
6	15	38	6.57	7.82	3.20	4.49	-1.59	78	
6	15	43	2.20	3.11	3.09	0.36	-1.35	79	
6	19	3	1.93	2.96	1.75	-0.42	-0.94	80	
6	19	8	2.20	0.95	2.44	0.70	-0.02	81	
6	19	13	2.45	2.50	1.51	0.93	0.21	82	
6	19	18	1.82	2.59	3.26	-0.14	0.87	83	
6	19	23	6.36	9.74	3.54	-5.21	-2.68	84	
6	19	28	-6.75	-26.44	5.96	-10.14	-5.81	85	
6	19	33	-12.84	-5.33	4.52	28.59	16.19	86	
6	19	38	9.34	24.60	-2.52	-20.77	-25.19	87	
6	19	43	14.78	-5.00	16.68	17.85	-10.16	88	
6	23	3	1.64	1.98	1.72	-1.62	-0.32	89	
6	23	8	2.44	3.13	3.37	2.21	-1.21	90	
6	23	13	1.55	2.18	1.88	0.18	-0.86	91	
6	23	18	4.06	13.09	6.07	-1.65	-4.95	92	
6	23	23	-0.63	-10.47	6.14	-22.39	-24.20	93	
6	23	28	26.00	26.56	-2.73	8.70	14.06	94	
6	23	33	22.46	30.04	4.95	24.34	-21.59	95	
6	23	38	2.09	-40.15	14.69	-0.27	7.96	96	
6	23	43	22.33	18.83	-2.15	21.86	10.96	97	
6	27	3	2.94	2.56	2.88	-1.03	0.00	98	
6	27	8	2.17	1.58	1.30	0.56	-1.15	99	
6	27	13	6.54	14.45	1.69	-3.20	-7.61	100	
6	27	18	-6.49	-21.27	-0.24	-32.53	-49.62	101	
6	27	23	12.67	8.16	-0.99	35.84	21.75	102	
6	27	28	31.76	20.63	4.42	-32.63	-10.77	103	
6	27	33	-5.50	-36.84	1.76	14.27	-1.37	104	
6	27	38	14.47	26.31	1.81	16.27	13.93	105	
6	27	43	1.10	11.25	6.11	-0.04	-4.18	106	
6	31	3	1.86	1.92	2.60	0.85	-0.18	107	
6	31	8	9.54	30.76	1.42	-15.57	-22.70	108	
6	31	13	-6.92	-42.17	-8.71	-14.38	-43.17	109	
6	31	18	12.23	20.03	4.44	36.70	54.55	110	
6	31	23	7.13	17.72	-4.68	-7.04	-3.96	111	
6	31	28	-3.74	-24.83	14.07	-39.84	-41.69	112	
6	31	33	13.97	27.94	-3.58	36.57	31.91	113	
6	31	38	10.22	35.14	2.69	-19.92	-34.33	114	
6	31	43	-37.14	-40.28	-15.55	10.06	-43.11	115	
6	35	3	12.71	28.64	-4.78	-33.87	-34.87	116	
6	35	8	-7.92	-42.78	-4.80	-10.43	-20.34	117	
6	35	13	1.44	15.21	1.78	42.57	46.40	118	
6	35	18	-5.15	16.95	-10.53	-37.11	-52.33	119	
6	35	23	0.64	-39.48	5.55	-1.76	-43.81	120	
6	35	28	13.60	24.12	14.70	24.50	47.88	121	
6	35	33	11.16	31.19	2.08	-21.55	-27.51	122	
6	35	38	-14.99	-51.50	8.13	-2.06	7.81	123	
6	35	43	-24.70	0.54	-10.11	22.27	37.84	124	
6	39	3	-22.42	-33.81	-15.98	-50.14	10.46	125	
6	39	8	5.33	19.09	-0.02	34.90	41.47	126	
6	39	13	13.91	11.00	-0.14	-10.38	-2.78	127	
6	39	18	-12.80	-38.11	-8.58	0.02	28.05	128	
6	39	23	4.73	31.35	3.06	24.52	37.66	129	
6	39	28	14.38	30.63	1.76	-19.27	-27.46	130	
6	39	33	-16.24	-49.17	4.19	0.46	-0.40	131	
6	39	38	19.07	43.71	-1.30	7.41	11.41	132	
6	39	43	4.78	0.12	3.83	16.76	5.70	133	
6	43	3	0.59	7.14	15.57	-5.99	11.36	134	
6	43	8	3.25	4.99	2.04	1.80	2.47	135	
6	43	13	4.26	2.41	7.38	-2.23	0.01	136	
6	43	18	0.57	15.97	10.69	-1.69	5.28	137	
6	43	23	15.30	24.08	1.08	-14.22	-10.66	138	
6	43	28	-10.29	-45.52	10.25	2.20	-2.68	139	
6	43	33	15.48	36.48	-2.05	18.90	24.87	140	
6	43	38	-10.72	-31.39	11.05	-5.83	-12.14	141	
6	43	43	10.90	9.00	2.59	8.08	-1.90	142	
