143
diam	c	r	EConv0	EConv1	EConv2	OConv0	OConv1
6	3	3	-29.24	-11.49	-11.21	-105.93	13.36	44	
6	3	8	-13.71	-50.55	5.66	32.53	45.28	45	
6	3	13	23.68	52.79	-4.27	35.66	30.82	46	
6	3	18	1.15	1.83	5.97	-0.49	-2.53	47	
6	3	23	-22.22	3.25	-8.18	-79.10	-52.12	48	
6	3	28	18.59	7.54	6.59	5.53	4.36	49	
6	3	33	15.03	35.30	-0.47	-15.17	-22.12	50	
6	3	38	14.67	1.10	16.33	4.74	-5.60	51	
6	3	43	4.29	2.32	3.62	0.81	0.65	52	
6	7	3	4.14	-9.96	46.37	-36.55	50.82	53	
6	7	8	14.26	52.02	3.34	25.35	37.45	54	
6	7	13	1.03	0.90	5.46	0.73	-0.74	55	
6	7	18	9.62	13.55	4.75	-3.95	-0.29	56	
6	7	23	-97.10	-62.85	8.16	-3.23	-2.82	57	
6	7	28	0.52	4.26	3.58	2.96	-2.34	58	
6	7	33	-18.63	-14.49	-3.22	-100.17	-54.67	59	
6	7	38	43.68	11.37	6.51	39.29	2.48	60	
6	7	43	5.64	4.73	5.19	-0.00	0.58	61	
6	11	3	3.55	4.84	1.36	-2.92	-0.22	62	
6	11	8	3.09	1.77	4.63	0.73	0.37	63	
6	11	13	7.60	7.44	4.71	2.44	1.34	64	
6	11	18	43.55	35.27	-0.88	-54.48	-27.54	65	
6	11	23	-43.06	2.07	-6.87	93.04	-9.09	66	
6	11	28	27.40	40.37	3.16	-28.82	-18.96	67	
6	11	33	-67.57	-58.57	17.79	42.09	3.04	68	
6	11	38	8.84	13.88	3.75	2.33	4.93	69	
6	11	43	3.93	4.90	4.58	-0.06	-0.00	70	
6	15	3	5.64	4.04	5.11	-2.69	0.14	71	
6	15	8	3.74	3.72	4.11	1.81	-0.28	72	
6	15	13	3.91	-3.19	0.88	1.02	2.41	73	
6	15	18	-29.89	-43.11	13.92	-67.42	-28.42	74	
6	15	23	-21.64	13.18	-51.96	-12.53	10.65	75	
6	15	28	29.22	-16.64	18.90	-52.63	-72.35	76	
6	15	33	7.10	16.67	-6.69	92.06	57.52	77	
6	15	38	4.72	2.34	5.87	1.26	0.22	78	
6	15	43	3.80	4.43	3.84	1.10	2.07	79	
6	19	3	5.53	5.14	4.89	-0.71	-0.60	80	
6	19	8	3.25	3.01	4.04	0.63	-0.13	81	
6	19	13	28.10	36.24	-2.49	-25.86	-24.33	82	
6	19	18	-33.53	-29.05	3.31	64.61	29.69	83	
6	19	23	20.49	44.69	38.22	-71.82	32.08	84	
6	19	28	-23.65	-16.16	-1.67	-6.20	1.88	85	
6	19	33	31.64	29.23	-2.06	21.73	14.54	86	
6	19	38	6.71	4.87	4.55	4.95	-2.00	87	
6	19	43	3.50	3.68	4.88	1.74	-0.68	88	
6	23	3	3.46	5.40	4.15	-1.57	0.36	89	
6	23	8	8.50	16.46	1.34	-3.20	-0.76	90	
6	23	13	-37.57	-51.10	8.83	-42.26	-56.30	91	
6	23	18	34.80	39.85	2.84	32.87	27.91	92	
6	23	23	-25.52	-30.61	-3.17	-73.06	-56.16	93	
6	23	28	4.64	-0.14	9.79	53.66	77.42	94	
6	23	33	7.39	16.05	8.50	-6.45	-6.14	95	
6	23	38	6.18	5.37	6.47	1.31	0.04	96	
6	23	43	3.05	3.61	3.65	2.19	0.41	97	
6	27	3	2.24	6.06	8.84	2.00	1.02	98	
6	27	8	10.96	21.98	0.21	-83.12	-73.30	99	
6	27	13	-12.19	-20.97	9.43	101.83	53.22	100	
6	27	18	26.61	45.16	-12.95	-77.02	-64.05	101	
6	27	23	-13.20	-19.87	6.03	-1.76	-5.54	102	
6	27	28	35.68	25.06	6.51	20.57	3.39	103	
6	27	33	-25.52	-15.75	-6.80	-36.16	-76.14	104	
6	27	38	23.49	3.64	11.00	19.29	-2.54	105	
6	27	43	3.77	4.31	3.94	2.17	0.80	106	
6	31	3	25.55	32.73	-15.03	-70.34	-39.26	107	
6	31	8	-23.76	-63.01	14.09	21.71	16.00	108	
6	31	13	36.62	58.78	-13.81	45.64	23.90	109	
6	31	18	-31.51	-43.24	15.66	-63.16	-35.08	110	
6	31	23	-21.75	-30.42	3.49	77.58	56.07	111	
6	31	28	17.09	10.41	5.26	-5.59	-2.50	112	
6	31	33	-44.63	-38.01	14.03	63.86	47.38	113	
6	31	38	7.06	11.65	0.98	6.56	2.95	114	
6	31	43	4.80	4.89	4.29	1.18	-0.54	115	
6	35	3	2.55	-33.66	0.26	-95.27	25.56	116	
6	35	8	26.90	33.75	1.21	71.59	55.55	117	
6	35	13	58.36	29.41	4.57	-63.45	-14.12	118	
6	35	18	-19.74	-34.83	9.81	27.31	19.51	119	
6	35	23	17.81	45.31	-2.58	26.24	26.32	120	
6	35	28	12.48	2.59	7.50	-10.95	6.48	121	
6	35	33	2.46	26.10	-20.61	51.33	35.72	122	
6	35	38	4.04	3.04	2.71	0.37	-0.97	123	
6	35	43	6.36	4.69	6.46	3.06	-0.40	124	
6	39	3	9.81	7.89	23.38	-6.37	10.41	125	
6	39	8	10.18	11.50	3.15	1.83	2.21	126	
6	39	13	50.61	-6.24	21.51	-73.15	10.21	127	
6	39	18	2.71	13.50	-16.19	90.51	54.85	128	
6	39	23	0.35	1.86	4.69	-2.45	2.93	129	
6	39	28	2.41	4.87	3.21	0.42	0.56	130	
6	39	33	3.80	6.80	4.28	1.89	1.28	131	
6	39	38	3.24	3.26	3.94	-1.99	0.65	132	
6	39	43	5.45	4.55	3.71	2.89	-1.25	133	
6	43	3	4.48	4.41	6.28	-0.45	0.84	134	
6	43	8	4.97	4.35	5.37	0.88	3.00	135	
6	43	13	2.44	2.45	9.63	-7.03	5.66	136	
6	43	18	6.38	19.77	9.06	6.20	6.73	137	
6	43	23	4.01	3.97	4.53	0.92	1.17	138	
6	43	28	4.25	2.95	4.84	-0.68	2.52	139	
6	43	33	6.17	6.25	4.92	-0.02	0.06	140	
6	43	38	5.36	4.06	6.68	-0.18	0.69	141	
6	43	43	1.65	3.96	1.79	0.60	-3.19	142	
