143
diam	c	r	EConv0	EConv1	EConv2	OConv0	OConv1
6	3	3	-20.77	-23.01	6.71	-5.36	-15.70	44	
6	3	8	6.40	3.84	-2.83	-32.50	-37.92	45	
6	3	13	0.99	-2.93	7.90	59.37	43.53	46	
6	3	18	8.11	8.68	1.86	1.60	3.18	47	
6	3	23	3.58	0.48	9.69	1.25	6.15	48	
6	3	28	3.95	13.28	3.10	1.31	9.41	49	
6	3	33	2.18	3.78	5.09	1.17	3.53	50	
6	3	38	2.18	2.39	1.19	-0.03	-0.84	51	
6	3	43	2.13	1.66	1.94	3.01	-0.16	52	
6	7	3	6.83	9.80	3.89	11.23	-22.40	53	
6	7	8	-17.17	-35.24	2.34	23.22	24.39	54	
6	7	13	15.40	20.54	-4.83	28.91	19.88	55	
6	7	18	-1.08	5.41	2.62	0.07	-1.19	56	
6	7	23	1.26	7.85	0.62	-0.78	-0.45	57	
6	7	28	0.97	2.02	4.47	-3.11	-6.06	58	
6	7	33	1.72	1.10	2.09	-0.25	1.13	59	
6	7	38	2.95	1.92	1.73	0.53	4.83	60	
6	7	43	2.40	2.04	1.43	-0.15	1.84	61	
6	11	3	-9.52	-28.84	-0.24	28.26	22.16	62	
6	11	8	6.86	24.43	3.10	36.57	36.37	63	
6	11	13	4.08	5.66	5.56	-2.03	-3.64	64	
6	11	18	3.52	11.14	-4.74	-15.39	-6.29	65	
6	11	23	-10.94	-4.46	16.88	9.46	-55.81	66	
6	11	28	3.49	0.96	4.91	3.14	0.99	67	
6	11	33	2.18	4.83	2.59	4.14	2.88	68	
6	11	38	3.02	4.74	5.24	-1.66	-2.46	69	
6	11	43	1.06	3.48	2.15	0.16	-3.66	70	
6	15	3	5.58	26.98	-3.30	39.97	49.11	71	
6	15	8	3.85	12.95	0.05	0.78	8.84	72	
6	15	13	5.91	5.27	6.18	-6.58	-5.68	73	
6	15	18	15.79	12.62	1.72	-55.78	-42.36	74	
6	15	23	-31.12	-19.93	-12.66	45.19	-14.41	75	
6	15	28	9.80	7.15	4.67	3.96	0.99	76	
6	15	33	2.08	0.20	2.14	0.92	-3.61	77	
6	15	38	4.12	16.98	6.85	-4.52	-9.93	78	
6	15	43	1.05	0.11	8.70	2.91	-3.14	79	
6	19	3	0.12	6.28	-1.33	-1.48	-4.72	80	
6	19	8	0.57	-2.35	2.24	1.77	-8.71	81	
6	19	13	9.53	28.55	1.84	-28.28	-31.50	82	
6	19	18	-15.25	-32.58	3.70	-26.47	-21.92	83	
6	19	23	-31.10	-11.92	-12.17	47.42	5.84	84	
6	19	28	8.86	2.65	0.52	5.55	-0.86	85	
6	19	33	11.23	26.43	3.66	-17.63	-37.07	86	
6	19	38	-11.82	-12.45	-4.79	-23.95	-68.96	87	
6	19	43	13.39	-8.19	13.05	45.77	-12.70	88	
6	23	3	8.39	6.07	-1.43	-16.74	0.35	89	
6	23	8	-5.24	3.28	-7.10	-16.06	-71.37	90	
6	23	13	-6.12	-36.02	1.34	-21.75	-39.32	91	
6	23	18	7.69	0.59	0.42	31.40	41.49	92	
6	23	23	-42.68	3.41	-12.99	32.31	-2.64	93	
6	23	28	13.59	29.47	10.19	-26.04	-41.49	94	
6	23	33	-7.46	-19.01	0.83	-30.68	-44.72	95	
6	23	38	-9.44	-27.85	-8.52	12.85	25.78	96	
6	23	43	17.04	11.32	-4.97	47.93	4.91	97	
6	27	3	25.06	9.15	7.31	-40.94	-1.44	98	
6	27	8	-15.31	-20.82	-13.64	-11.64	10.10	99	
6	27	13	-2.96	-12.59	2.37	48.03	60.61	100	
6	27	18	28.03	43.08	9.48	-20.56	18.31	101	
6	27	23	-20.82	2.92	-12.98	-5.72	-14.30	102	
6	27	28	-4.79	-38.37	-1.88	-5.00	-27.16	103	
6	27	33	-6.17	-18.52	-0.60	30.16	62.07	104	
6	27	38	9.46	30.03	12.32	15.32	55.07	105	
6	27	43	4.62	15.44	2.04	6.39	13.74	106	
6	31	3	8.51	-4.45	12.34	-12.94	10.94	107	
6	31	8	-3.42	19.52	20.69	-0.43	66.94	108	
6	31	13	10.66	45.93	3.49	2.76	-8.62	109	
6	31	18	5.32	-0.98	12.18	-42.68	-59.31	110	
6	31	23	-8.46	-18.55	3.69	0.57	6.58	111	
6	31	28	-2.13	0.73	-2.80	45.74	54.32	112	
6	31	33	8.75	20.90	8.79	9.22	19.96	113	
6	31	38	5.36	3.99	3.14	2.38	-2.77	114	
6	31	43	-0.23	-1.10	0.56	3.07	-1.50	115	
6	35	3	4.10	2.18	5.91	-0.43	-3.86	116	
6	35	8	15.38	24.03	-13.50	-45.22	-28.24	117	
6	35	13	-0.40	-20.45	-3.45	-22.14	-57.77	118	
6	35	18	-2.65	-28.53	-1.52	3.92	13.59	119	
6	35	23	-3.89	-4.35	-4.12	48.36	58.46	120	
6	35	28	6.59	19.76	5.74	9.85	17.59	121	
6	35	33	2.08	3.77	1.99	0.01	0.50	122	
6	35	38	2.49	1.66	3.72	-1.26	1.11	123	
6	35	43	2.13	5.22	0.74	1.00	1.69	124	
6	39	3	0.69	3.44	0.70	-3.94	3.64	125	
6	39	8	12.83	-13.93	0.66	-75.36	10.60	126	
6	39	13	-7.01	-22.86	-7.32	19.60	46.17	127	
6	39	18	7.62	18.90	7.58	31.46	52.71	128	
6	39	23	6.69	19.30	4.37	6.95	13.17	129	
6	39	28	1.60	0.49	2.75	2.35	0.07	130	
6	39	33	1.77	2.11	1.40	-0.38	-0.29	131	
6	39	38	2.63	2.13	3.24	1.70	1.27	132	
6	39	43	2.23	1.58	2.44	-3.09	2.50	133	
6	43	3	0.07	-0.43	3.42	1.31	0.60	134	
6	43	8	3.63	-2.52	23.44	-12.54	21.94	135	
6	43	13	0.66	26.11	8.41	5.83	40.08	136	
6	43	18	4.08	7.07	2.99	-0.72	7.11	137	
6	43	23	5.48	3.45	4.33	1.01	-0.82	138	
6	43	28	2.78	3.14	2.59	2.10	0.06	139	
6	43	33	2.79	2.79	3.19	1.32	1.72	140	
6	43	38	2.59	3.53	2.24	0.62	-0.01	141	
6	43	43	2.70	2.51	4.14	1.43	-0.53	142	
