143
diam	c	r	EConv0	EConv1	EConv2	OConv0	OConv1
6	3	3	4.22	3.56	3.22	-0.55	1.24	44	
6	3	8	6.69	5.93	7.07	-2.17	-1.16	45	
6	3	13	4.30	3.99	2.15	0.25	-0.02	46	
6	3	18	4.51	4.05	3.48	0.47	1.54	47	
6	3	23	2.96	3.73	2.70	-0.55	0.02	48	
6	3	28	2.70	2.71	3.24	0.08	0.87	49	
6	3	33	3.40	3.27	3.72	0.83	1.20	50	
6	3	38	13.26	4.59	2.99	-8.10	-1.37	51	
6	3	43	10.43	2.12	0.91	15.25	1.71	52	
6	7	3	4.17	3.10	3.88	-0.57	-0.11	53	
6	7	8	5.29	4.82	6.80	-0.42	-0.03	54	
6	7	13	2.13	1.43	1.19	-0.56	3.48	55	
6	7	18	4.01	4.75	2.61	-2.77	0.25	56	
6	7	23	2.59	2.52	3.64	-0.51	-0.88	57	
6	7	28	3.48	3.05	3.40	0.87	0.66	58	
6	7	33	3.49	3.25	4.74	0.81	-0.10	59	
6	7	38	3.62	3.66	4.36	2.06	-0.42	60	
6	7	43	4.48	7.42	3.21	-0.59	1.75	61	
6	11	3	3.17	2.82	2.66	-0.22	0.71	62	
6	11	8	8.50	40.64	4.88	-21.39	-32.17	63	
6	11	13	3.48	30.50	31.39	0.92	-79.36	64	
6	11	18	11.02	2.03	34.28	10.67	-20.87	65	
6	11	23	2.62	3.61	2.05	0.97	1.92	66	
6	11	28	3.42	2.91	2.70	0.77	0.56	67	
6	11	33	3.93	3.58	0.28	-0.65	1.89	68	
6	11	38	5.44	18.55	22.64	-12.87	-29.98	69	
6	11	43	12.16	1.77	5.08	8.20	-1.43	70	
6	15	3	4.32	4.28	4.92	-1.22	-0.02	71	
6	15	8	-35.94	-50.49	-36.06	-65.66	-17.22	72	
6	15	13	9.67	-31.66	-48.33	-14.29	54.21	73	
6	15	18	-19.75	-8.90	-25.49	69.76	-57.51	74	
6	15	23	3.73	3.43	3.24	-1.01	1.75	75	
6	15	28	5.02	8.63	3.47	-0.88	-2.64	76	
6	15	33	8.22	30.89	-4.12	-51.71	-74.48	77	
6	15	38	-43.00	-47.38	-13.10	53.15	-39.33	78	
6	15	43	5.65	5.95	3.17	-0.95	1.95	79	
6	19	3	1.67	3.70	1.28	1.45	-0.57	80	
6	19	8	-12.89	11.56	30.07	-11.39	49.84	81	
6	19	13	10.30	12.14	31.53	-7.66	21.28	82	
6	19	18	-59.81	14.32	-44.08	-39.31	19.85	83	
6	19	23	24.77	8.48	15.16	5.73	-2.26	84	
6	19	28	8.28	26.39	2.65	-54.46	-66.74	85	
6	19	33	-7.11	-65.13	7.84	33.33	61.30	86	
6	19	38	2.25	36.26	-17.30	32.86	74.87	87	
6	19	43	11.01	-0.39	5.15	8.02	-1.20	88	
6	23	3	3.80	1.84	3.90	-0.70	-1.11	89	
6	23	8	3.29	1.12	1.52	-0.98	-0.44	90	
6	23	13	3.68	6.13	3.00	1.12	-1.58	91	
6	23	18	-41.82	-4.12	-11.66	-99.15	9.18	92	
6	23	23	38.69	28.86	12.43	-21.58	-78.50	93	
6	23	28	-13.89	-59.55	7.25	40.77	48.61	94	
6	23	33	15.19	33.85	0.98	22.07	15.89	95	
6	23	38	2.19	-0.59	7.90	-5.68	0.21	96	
6	23	43	4.28	6.05	0.28	3.01	0.49	97	
6	27	3	1.78	1.92	2.19	-0.42	1.26	98	
6	27	8	4.94	3.21	3.15	-1.16	0.45	99	
6	27	13	2.78	4.19	2.72	1.45	-0.43	100	
6	27	18	-26.48	-7.13	13.47	-99.34	-14.78	101	
6	27	23	-10.95	-46.56	4.98	53.21	64.22	102	
6	27	28	13.26	36.88	-1.63	22.36	23.93	103	
6	27	33	1.93	1.95	2.80	-0.00	0.79	104	
6	27	38	13.03	7.98	0.72	-16.89	-4.16	105	
6	27	43	10.22	1.94	7.89	5.40	-1.23	106	
6	31	3	1.74	3.59	2.00	1.23	-0.45	107	
6	31	8	7.29	11.04	0.91	-4.64	-4.78	108	
6	31	13	6.63	13.77	-0.01	-50.59	-70.58	109	
6	31	18	-21.76	-56.87	2.42	34.44	50.03	110	
6	31	23	12.79	35.49	-0.44	16.59	19.37	111	
6	31	28	3.56	3.33	6.19	-1.45	0.99	112	
6	31	33	3.46	3.46	3.28	0.05	1.22	113	
6	31	38	3.55	1.48	8.29	-4.95	3.75	114	
6	31	43	5.21	7.18	1.72	0.91	0.78	115	
6	35	3	1.26	2.72	3.29	-1.16	0.24	116	
6	35	8	11.42	18.40	-20.09	-76.38	-49.64	117	
6	35	13	-6.27	-37.79	8.91	53.52	54.95	118	
6	35	18	11.65	31.82	6.99	8.42	16.22	119	
6	35	23	2.40	1.04	2.84	3.86	0.89	120	
6	35	28	2.27	3.96	2.67	1.20	0.09	121	
6	35	33	3.58	3.21	4.37	-0.64	0.36	122	
6	35	38	10.15	12.77	-2.26	-14.08	-7.92	123	
6	35	43	9.33	2.37	7.41	5.69	-0.59	124	
6	39	3	2.49	2.34	2.80	0.39	0.21	125	
6	39	8	-13.73	-24.89	23.60	-44.30	53.63	126	
6	39	13	18.02	30.08	-0.10	16.22	15.35	127	
6	39	18	3.72	3.64	3.37	-1.38	2.66	128	
6	39	23	4.59	3.79	4.02	1.45	-0.42	129	
6	39	28	2.77	1.95	2.82	0.02	1.10	130	
6	39	33	2.65	2.06	1.37	-0.20	1.39	131	
6	39	38	5.32	-0.26	13.05	-8.07	8.95	132	
6	39	43	3.87	4.87	1.24	2.60	0.35	133	
6	43	3	3.44	4.16	3.67	0.83	0.79	134	
6	43	8	3.29	5.21	4.72	0.07	0.17	135	
6	43	13	2.85	2.58	2.90	-0.15	0.04	136	
6	43	18	3.14	3.97	2.16	0.13	-0.73	137	
6	43	23	3.32	2.86	3.38	1.73	0.47	138	
6	43	28	3.07	2.97	2.42	0.79	0.09	139	
6	43	33	3.02	2.94	3.07	0.47	-1.06	140	
6	43	38	0.39	0.97	1.21	1.47	1.43	141	
6	43	43	2.45	3.08	3.50	-0.30	0.74	142	
