143
diam	c	r	EConv0	EConv1	EConv2	OConv0	OConv1
6	3	3	4.63	4.63	4.63	-0.00	-0.00	44	
6	3	8	4.63	4.63	4.63	-0.00	-0.00	45	
6	3	13	4.72	4.47	4.81	-0.06	0.11	46	
6	3	18	4.39	4.48	3.01	-0.77	-0.24	47	
6	3	23	3.00	7.86	6.08	7.51	4.32	48	
6	3	28	-10.35	15.67	36.56	3.63	-42.63	49	
6	3	33	4.82	4.22	3.85	0.96	-2.35	50	
6	3	38	-6.59	-9.28	-3.19	7.72	-2.52	51	
6	3	43	4.99	5.83	4.35	0.44	0.58	52	
6	7	3	4.75	4.24	4.04	-0.08	0.87	53	
6	7	8	4.91	3.92	4.66	0.37	1.34	54	
6	7	13	4.26	4.15	3.14	-0.41	1.79	55	
6	7	18	0.75	3.36	6.22	1.28	-0.67	56	
6	7	23	32.57	41.24	-10.60	-96.50	-56.44	57	
6	7	28	14.88	-10.30	-17.52	91.84	52.16	58	
6	7	33	1.79	-0.83	6.23	4.56	3.68	59	
6	7	38	-5.32	46.24	27.02	-5.46	-27.29	60	
6	7	43	1.98	6.15	2.02	-2.86	2.58	61	
6	11	3	5.88	5.11	5.36	-0.41	-0.25	62	
6	11	8	4.39	4.23	4.33	2.00	-0.48	63	
6	11	13	2.85	0.23	2.13	-2.00	-0.63	64	
6	11	18	21.41	37.27	4.09	-3.31	-5.73	65	
6	11	23	-54.78	-86.80	35.16	18.70	22.72	66	
6	11	28	7.50	15.33	7.79	2.81	1.57	67	
6	11	33	30.13	67.05	2.99	-47.79	-50.43	68	
6	11	38	-65.99	-85.33	-29.01	10.90	-56.57	69	
6	11	43	11.75	7.06	1.33	-0.43	-5.30	70	
6	15	3	5.99	5.38	5.66	-0.38	-0.23	71	
6	15	8	4.70	4.29	4.48	0.45	1.96	72	
6	15	13	16.00	41.42	5.33	-11.76	-12.77	73	
6	15	18	10.95	-84.43	3.45	-34.90	-18.73	74	
6	15	23	44.49	32.00	1.58	93.78	26.07	75	
6	15	28	36.77	68.37	5.09	-63.19	-56.55	76	
6	15	33	-9.01	-93.18	6.16	1.90	-13.31	77	
6	15	38	-3.87	38.70	-0.57	52.97	120.21	78	
6	15	43	0.52	3.61	8.22	-6.02	3.99	79	
6	19	3	1.74	1.84	3.04	0.34	0.51	80	
6	19	8	13.80	36.25	1.31	-10.09	-12.21	81	
6	19	13	-29.36	-97.27	2.83	-15.93	-33.28	82	
6	19	18	44.65	55.81	5.89	25.61	31.68	83	
6	19	23	37.07	61.32	12.19	10.88	-51.87	84	
6	19	28	-45.00	-108.62	-4.58	-10.64	-2.88	85	
6	19	33	26.81	72.76	2.58	49.26	61.83	86	
6	19	38	2.37	-2.57	3.16	-2.58	-6.48	87	
6	19	43	4.95	2.43	2.58	-0.69	1.48	88	
6	23	3	8.09	14.16	2.39	2.15	-5.26	89	
6	23	8	-39.33	-89.39	-1.50	-28.33	-42.91	90	
6	23	13	23.32	59.77	1.85	37.50	42.45	91	
6	23	18	21.62	39.24	12.01	-50.05	-56.95	92	
6	23	23	-9.30	-23.36	0.38	-22.81	-22.12	93	
6	23	28	31.19	69.86	14.10	48.68	55.53	94	
6	23	33	1.72	-2.53	4.73	-4.94	-3.19	95	
6	23	38	8.37	15.60	5.33	0.39	-1.60	96	
6	23	43	4.64	7.01	4.04	-2.60	-0.27	97	
6	27	3	16.64	2.63	14.60	-8.72	5.52	98	
6	27	8	5.25	46.43	3.16	41.16	51.60	99	
6	27	13	21.04	58.80	3.98	-48.41	-59.79	100	
6	27	18	-18.63	-61.79	-0.05	-7.15	-19.43	101	
6	27	23	-15.70	7.40	-12.79	46.85	109.70	102	
6	27	28	5.30	4.38	8.45	-4.88	-0.73	103	
6	27	33	2.59	6.39	3.60	1.14	-1.55	104	
6	27	38	-32.17	-21.81	-34.01	-91.22	-74.49	105	
6	27	43	40.94	0.43	14.55	30.15	-5.12	106	
6	31	3	4.46	3.53	5.92	-0.48	1.61	107	
6	31	8	28.24	67.97	-13.16	-62.11	-61.55	108	
6	31	13	-17.70	-85.41	3.15	-20.53	-17.33	109	
6	31	18	30.77	56.16	1.20	69.40	73.02	110	
6	31	23	4.54	-0.82	3.04	-3.93	-7.64	111	
6	31	28	3.17	2.28	3.49	0.07	-2.80	112	
6	31	33	7.80	4.16	4.47	-6.39	0.59	113	
6	31	38	-17.68	19.04	36.06	0.71	79.18	114	
6	31	43	7.51	13.45	6.53	-1.12	3.37	115	
6	35	3	3.50	6.05	4.43	3.02	-2.53	116	
6	35	8	-53.42	-109.51	-11.22	-60.75	17.19	117	
6	35	13	23.38	70.85	3.57	58.17	78.04	118	
6	35	18	4.27	0.77	5.70	-3.82	-7.92	119	
6	35	23	5.65	5.79	6.64	0.11	-2.89	120	
6	35	28	4.41	6.22	6.08	-0.88	-2.29	121	
6	35	33	6.02	5.86	7.53	-0.55	-1.86	122	
6	35	38	3.03	3.74	6.05	-1.04	-3.19	123	
6	35	43	4.59	5.38	6.61	-0.65	-2.28	124	
6	39	3	2.34	3.68	2.95	1.73	0.29	125	
6	39	8	-3.52	35.70	18.60	8.51	23.11	126	
6	39	13	4.05	-2.67	4.55	-2.39	-3.62	127	
6	39	18	3.80	5.96	6.69	0.10	-1.99	128	
6	39	23	3.95	3.45	3.06	-0.16	0.46	129	
6	39	28	5.11	4.34	3.50	-1.17	0.02	130	
6	39	33	4.34	3.60	3.85	0.32	0.13	131	
6	39	38	5.36	3.88	4.03	0.08	2.14	132	
6	39	43	4.17	3.65	3.83	0.27	1.80	133	
6	43	3	6.50	5.23	4.89	0.07	3.93	134	
6	43	8	4.30	4.15	3.64	-0.77	5.95	135	
6	43	13	4.07	3.63	2.67	0.58	3.51	136	
6	43	18	1.32	0.76	0.94	3.61	6.33	137	
6	43	23	3.25	2.82	2.46	-0.04	5.25	138	
6	43	28	4.80	7.32	6.49	-2.26	1.91	139	
6	43	33	4.67	3.01	4.88	0.93	5.17	140	
6	43	38	4.57	4.17	3.71	-0.47	1.35	141	
6	43	43	5.28	4.45	4.73	0.12	2.39	142	
