143
diam	c	r	EConv0	EConv1	EConv2	OConv0	OConv1
6	3	3	4.42	5.02	4.29	0.20	-1.95	44	
6	3	8	4.44	5.52	4.95	0.50	-1.37	45	
6	3	13	3.79	3.99	4.45	-0.94	-1.47	46	
6	3	18	4.52	4.70	4.44	-0.32	-0.56	47	
6	3	23	4.12	4.62	5.09	-0.60	-1.27	48	
6	3	28	-38.86	-20.21	-8.76	-13.85	-19.82	49	
6	3	33	2.02	1.66	1.42	-2.96	-1.98	50	
6	3	38	3.74	5.12	4.90	0.37	1.08	51	
6	3	43	4.52	4.91	4.50	-0.30	-0.04	52	
6	7	3	4.45	4.28	3.96	-0.26	1.88	53	
6	7	8	4.15	4.17	3.57	-0.54	0.17	54	
6	7	13	4.84	4.46	5.01	0.46	0.53	55	
6	7	18	4.66	4.55	4.39	-1.10	1.18	56	
6	7	23	6.74	10.82	3.79	-3.11	-2.90	57	
6	7	28	-32.87	-16.47	1.66	33.57	6.42	58	
6	7	33	2.79	3.40	3.63	-0.49	1.61	59	
6	7	38	4.14	4.72	3.97	-0.12	-0.11	60	
6	7	43	4.46	4.00	4.60	1.85	-0.28	61	
6	11	3	4.70	4.06	4.56	0.36	0.30	62	
6	11	8	3.89	4.44	3.94	-2.05	0.90	63	
6	11	13	3.84	4.16	3.87	0.81	-0.11	64	
6	11	18	3.59	3.84	4.19	-1.31	-1.24	65	
6	11	23	5.51	8.85	1.78	-28.49	-20.02	66	
6	11	28	1.27	8.86	0.08	44.74	7.31	67	
6	11	33	4.68	4.97	4.50	-0.75	-0.14	68	
6	11	38	3.60	3.92	8.02	1.00	-2.70	69	
6	11	43	4.71	4.63	4.09	1.42	0.47	70	
6	15	3	4.70	4.98	3.74	-0.45	-1.17	71	
6	15	8	4.00	4.09	5.04	-0.73	-0.89	72	
6	15	13	3.99	4.75	4.26	-0.97	-0.25	73	
6	15	18	13.52	24.60	1.65	-11.47	-10.96	74	
6	15	23	-13.06	-29.61	8.56	30.75	5.27	75	
6	15	28	7.46	1.17	10.11	39.81	-1.63	76	
6	15	33	12.94	24.62	-0.28	-15.92	-13.20	77	
6	15	38	19.08	-7.17	12.61	34.54	-6.79	78	
6	15	43	3.99	5.04	3.67	-0.30	0.73	79	
6	19	3	4.53	5.15	5.87	-0.11	0.17	80	
6	19	8	4.84	4.05	4.31	0.13	1.38	81	
6	19	13	-9.31	32.33	3.50	-22.40	-53.68	82	
6	19	18	-23.03	-63.99	5.98	-13.67	-22.81	83	
6	19	23	21.84	26.74	3.40	3.57	12.45	84	
6	19	28	30.76	29.68	5.32	34.87	-1.81	85	
6	19	33	-22.07	-52.45	8.55	-9.12	-10.93	86	
6	19	38	15.86	20.21	1.12	13.29	8.35	87	
6	19	43	4.52	4.13	4.47	-0.45	-1.58	88	
6	23	3	3.11	3.73	3.78	0.43	0.03	89	
6	23	8	16.62	14.26	1.23	-11.40	-4.90	90	
6	23	13	-18.28	-46.87	7.48	1.23	1.99	91	
6	23	18	19.78	39.51	8.07	35.00	25.67	92	
6	23	23	21.99	17.21	4.75	-15.00	-3.60	93	
6	23	28	2.41	-37.83	7.38	9.11	-13.50	94	
6	23	33	11.23	29.99	-0.71	19.96	23.91	95	
6	23	38	3.62	4.12	3.73	3.07	-0.73	96	
6	23	43	3.88	4.42	4.22	0.44	0.23	97	
6	27	3	3.99	3.95	4.48	1.14	0.57	98	
6	27	8	17.04	0.22	15.15	-10.90	4.98	99	
6	27	13	16.22	45.12	11.22	20.99	45.26	100	
6	27	18	7.93	12.74	-8.14	12.85	8.60	101	
6	27	23	7.93	-3.94	17.18	-30.99	-30.39	102	
6	27	28	16.69	29.53	-7.12	33.96	30.51	103	
6	27	33	16.52	42.46	-0.87	-20.94	-23.40	104	
6	27	38	15.25	-9.62	47.36	34.05	-35.81	105	
6	27	43	3.32	3.91	3.89	0.39	-1.17	106	
6	31	3	4.39	4.07	4.02	0.88	0.11	107	
6	31	8	4.96	4.71	4.41	-0.07	-0.04	108	
6	31	13	3.77	5.18	2.02	-0.77	-0.53	109	
6	31	18	6.33	6.72	-0.29	-34.71	-29.57	110	
6	31	23	3.82	13.29	-0.91	30.40	38.15	111	
6	31	28	4.54	3.42	4.87	-0.91	-1.29	112	
6	31	33	11.62	-32.09	-2.77	-100.11	3.65	113	
6	31	38	31.70	21.67	-29.41	88.14	34.69	114	
6	31	43	3.23	4.10	4.49	0.67	1.43	115	
6	35	3	4.56	4.39	4.39	0.77	0.07	116	
6	35	8	3.81	4.36	4.94	1.33	0.91	117	
6	35	13	4.42	15.65	-0.78	-21.34	-20.01	118	
6	35	18	-4.04	-1.56	2.85	22.93	29.87	119	
6	35	23	4.92	3.86	3.53	0.35	0.66	120	
6	35	28	4.08	4.81	4.25	0.73	0.29	121	
6	35	33	-0.19	8.97	21.50	-6.73	16.25	122	
6	35	38	5.94	9.08	5.84	0.79	1.27	123	
6	35	43	3.39	3.65	3.98	1.33	-0.14	124	
6	39	3	3.13	3.75	4.31	0.93	-0.98	125	
6	39	8	3.54	4.11	2.42	-1.22	-0.08	126	
6	39	13	-8.38	-1.72	11.82	-6.29	21.12	127	
6	39	18	5.12	6.77	4.77	2.49	1.25	128	
6	39	23	2.06	4.56	3.72	-1.08	-1.41	129	
6	39	28	3.81	4.06	4.26	0.42	-0.03	130	
6	39	33	2.74	3.70	3.96	-0.86	-0.03	131	
6	39	38	3.38	3.78	4.99	0.73	-0.97	132	
6	39	43	5.36	4.99	4.63	0.58	0.69	133	
6	43	3	3.69	4.56	4.34	0.00	-3.20	134	
6	43	8	3.94	3.55	3.02	2.88	-3.17	135	
6	43	13	3.71	3.05	6.72	1.79	-0.33	136	
6	43	18	3.98	4.92	3.46	1.30	-1.63	137	
6	43	23	1.39	2.65	3.53	-1.45	-0.38	138	
6	43	28	5.36	4.53	3.88	-0.26	-1.15	139	
6	43	33	3.23	4.84	5.65	0.14	-2.17	140	
6	43	38	4.19	5.53	3.68	0.64	0.11	141	
6	43	43	5.65	5.17	5.46	0.75	-3.69	142	
