143
diam	c	r	EConv0	EConv1	EConv2	OConv0	OConv1
6	3	3	3.63	4.23	2.94	-2.11	-0.34	44	
6	3	8	4.19	2.98	4.61	1.77	-0.39	45	
6	3	13	2.63	4.92	3.40	-2.16	1.00	46	
6	3	18	2.78	3.53	3.52	-0.08	0.23	47	
6	3	23	15.95	32.32	-7.22	-23.46	-18.34	48	
6	3	28	15.93	-4.69	19.18	18.29	-12.34	49	
6	3	33	4.82	3.29	4.92	0.83	-0.23	50	
6	3	38	4.39	5.23	3.62	-3.52	-0.47	51	
6	3	43	4.31	2.70	3.90	0.43	-1.87	52	
6	7	3	3.84	2.70	4.41	-0.63	0.71	53	
6	7	8	4.96	5.01	3.55	0.50	0.34	54	
6	7	13	2.92	2.60	3.96	-0.27	-0.98	55	
6	7	18	2.41	1.75	4.93	1.33	0.40	56	
6	7	23	-14.04	-13.13	4.80	-63.41	-22.90	57	
6	7	28	19.87	16.74	-3.85	23.23	5.99	58	
6	7	33	3.37	5.11	1.91	-1.07	-0.53	59	
6	7	38	0.37	-0.09	3.48	0.99	0.95	60	
6	7	43	-6.80	27.25	10.17	-10.47	-33.61	61	
6	11	3	3.45	3.83	2.14	-0.70	-5.78	62	
6	11	8	5.76	2.11	5.89	1.54	-3.22	63	
6	11	13	6.36	4.40	4.54	-0.36	3.56	64	
6	11	18	10.55	17.90	4.45	-2.21	-4.23	65	
6	11	23	-64.39	-46.59	6.77	33.35	-5.17	66	
6	11	28	1.32	4.94	3.39	-2.04	5.22	67	
6	11	33	1.37	-2.24	4.81	5.10	-0.06	68	
6	11	38	17.79	36.74	0.94	-31.90	-35.86	69	
6	11	43	-49.89	-52.57	-22.84	10.72	-17.51	70	
6	15	3	4.19	3.49	7.70	7.49	-10.61	71	
6	15	8	5.53	3.62	9.02	12.60	5.99	72	
6	15	13	8.81	41.80	5.80	-26.20	-37.36	73	
6	15	18	-13.25	-45.61	-1.71	16.48	-31.59	74	
6	15	23	-48.72	0.11	-14.42	51.02	7.79	75	
6	15	28	2.90	1.88	0.81	1.82	2.28	76	
6	15	33	20.61	27.13	3.80	-20.38	-18.46	77	
6	15	38	-20.04	-57.80	3.68	20.59	13.61	78	
6	15	43	-3.29	33.28	20.00	5.91	43.91	79	
6	19	3	-6.91	14.25	-21.84	-56.26	-58.49	80	
6	19	8	16.20	-2.59	-13.15	14.37	-98.15	81	
6	19	13	-7.83	-65.14	4.98	19.29	5.73	82	
6	19	18	5.94	34.67	0.79	29.45	29.86	83	
6	19	23	-62.92	-6.39	-15.69	39.81	7.61	84	
6	19	28	9.79	38.55	0.56	-48.05	-56.72	85	
6	19	33	8.53	-36.14	9.61	29.56	-1.78	86	
6	19	38	12.94	34.75	4.06	11.18	13.83	87	
6	19	43	5.44	5.52	5.45	-0.06	-2.54	88	
6	23	3	-39.68	-32.58	-22.16	-63.50	32.41	89	
6	23	8	-6.84	-23.14	-6.12	37.17	84.08	90	
6	23	13	16.88	44.51	6.01	21.65	34.27	91	
6	23	18	3.07	4.19	1.96	5.23	1.65	92	
6	23	23	-40.40	10.94	-33.19	-26.19	-35.76	93	
6	23	28	-18.58	-68.38	1.89	20.20	35.10	94	
6	23	33	16.30	28.48	2.72	14.89	16.39	95	
6	23	38	3.88	4.05	4.32	-1.94	1.71	96	
6	23	43	4.13	5.12	2.95	0.00	1.91	97	
6	27	3	0.06	11.76	33.29	-1.80	34.24	98	
6	27	8	3.09	13.59	1.78	1.58	5.93	99	
6	27	13	2.88	2.14	5.83	-0.03	-0.58	100	
6	27	18	11.32	45.57	5.07	-29.43	-45.89	101	
6	27	23	-41.58	-42.74	18.51	2.91	-1.80	102	
6	27	28	22.78	39.11	6.32	23.87	12.29	103	
6	27	33	0.46	3.03	2.88	-1.02	1.42	104	
6	27	38	1.08	2.96	3.85	0.30	-0.95	105	
6	27	43	3.95	4.12	4.42	-2.41	-0.73	106	
6	31	3	3.83	5.11	0.53	0.67	-0.11	107	
6	31	8	1.17	-0.33	4.33	1.96	0.72	108	
6	31	13	13.90	45.92	2.74	-43.79	-53.90	109	
6	31	18	-14.30	-63.23	14.26	16.58	14.64	110	
6	31	23	-53.53	1.06	-20.10	47.22	33.70	111	
6	31	28	0.36	3.11	1.40	1.15	0.62	112	
6	31	33	2.71	3.33	3.61	-1.03	-1.01	113	
6	31	38	3.26	3.48	4.20	1.15	0.39	114	
6	31	43	3.08	3.21	3.17	-2.03	-0.60	115	
6	35	3	6.19	4.29	4.48	-3.68	0.48	116	
6	35	8	27.48	39.73	-13.44	-52.21	-38.66	117	
6	35	13	-21.10	-62.10	11.02	14.16	-6.23	118	
6	35	18	19.66	42.62	0.46	35.79	33.39	119	
6	35	23	-54.65	-15.16	-21.98	12.22	12.54	120	
6	35	28	3.83	3.54	5.61	0.97	-0.70	121	
6	35	33	1.69	2.58	2.74	-0.84	-0.32	122	
6	35	38	4.32	3.95	3.95	1.74	-0.00	123	
6	35	43	2.50	4.92	3.75	-1.48	-2.03	124	
6	39	3	5.88	2.96	5.70	1.67	-0.57	125	
6	39	8	-11.95	-41.50	-2.96	-84.66	17.39	126	
6	39	13	-12.60	16.55	-26.17	67.29	47.49	127	
6	39	18	0.62	1.36	0.15	-4.00	-0.54	128	
6	39	23	0.29	13.46	7.99	1.26	14.15	129	
6	39	28	3.20	4.19	2.36	2.86	-0.53	130	
6	39	33	3.21	4.01	3.00	-1.13	1.53	131	
6	39	38	4.28	4.03	4.21	1.91	-0.44	132	
6	39	43	2.11	3.52	2.37	-6.06	-1.22	133	
6	43	3	6.32	4.30	4.66	3.24	-2.77	134	
6	43	8	0.14	9.13	22.73	-0.80	17.75	135	
6	43	13	2.49	10.86	11.48	1.90	9.46	136	
6	43	18	3.72	0.77	3.63	-1.45	-0.26	137	
6	43	23	5.87	3.74	4.00	-2.29	-2.76	138	
6	43	28	5.06	2.80	5.00	4.99	2.30	139	
6	43	33	3.51	2.73	4.22	-0.01	-1.84	140	
6	43	38	6.39	6.20	4.09	-2.85	0.42	141	
6	43	43	6.06	1.27	6.26	-1.16	4.52	142	
