143
diam	c	r	EConv0	EConv1	EConv2	OConv0	OConv1
6	3	3	3.31	3.89	2.50	0.51	-0.02	44	
6	3	8	2.98	3.25	3.50	-3.09	-0.21	45	
6	3	13	5.04	3.41	4.26	2.62	1.00	46	
6	3	18	6.14	5.61	1.85	-1.46	-1.17	47	
6	3	23	3.00	1.97	2.06	2.93	-2.59	48	
6	3	28	5.41	9.77	2.77	-1.47	-3.42	49	
6	3	33	2.17	5.49	16.61	0.84	-15.07	50	
6	3	38	3.15	3.26	2.23	1.65	0.51	51	
6	3	43	3.46	2.13	3.12	2.06	-2.21	52	
6	7	3	2.48	3.22	4.29	1.61	-1.94	53	
6	7	8	-0.05	0.88	2.37	-2.34	-1.46	54	
6	7	13	3.83	2.94	2.97	2.46	-1.41	55	
6	7	18	1.44	-1.43	0.40	-3.23	-1.63	56	
6	7	23	4.37	3.87	2.25	-0.90	0.70	57	
6	7	28	1.44	-4.36	2.40	-21.98	-10.98	58	
6	7	33	-7.72	1.20	-14.65	6.66	10.35	59	
6	7	38	3.41	2.06	2.47	2.21	3.68	60	
6	7	43	3.23	4.00	2.57	-0.77	2.17	61	
6	11	3	1.73	2.74	1.09	0.88	2.19	62	
6	11	8	2.37	4.60	5.13	2.11	2.15	63	
6	11	13	4.31	8.43	4.90	-1.16	-1.88	64	
6	11	18	2.61	3.48	4.19	-0.70	-0.47	65	
6	11	23	4.45	2.77	3.62	-2.08	-0.14	66	
6	11	28	-9.81	9.60	4.69	-5.02	-15.27	67	
6	11	33	0.13	-10.68	5.46	21.68	3.39	68	
6	11	38	4.33	2.90	2.00	0.59	1.14	69	
6	11	43	2.51	2.09	1.53	1.87	1.11	70	
6	15	3	3.17	2.51	2.09	-2.95	-1.01	71	
6	15	8	3.93	1.55	3.39	4.12	-0.13	72	
6	15	13	0.19	3.39	3.51	-6.23	-0.55	73	
6	15	18	3.51	0.86	1.70	1.18	1.10	74	
6	15	23	20.19	24.60	5.63	-15.47	-16.17	75	
6	15	28	-12.25	-37.23	8.98	30.72	9.74	76	
6	15	33	6.39	12.80	-0.68	7.24	7.35	77	
6	15	38	5.11	9.71	2.96	-4.73	-6.77	78	
6	15	43	7.29	1.30	10.45	2.53	-5.11	79	
6	19	3	4.22	0.80	7.00	2.20	0.64	80	
6	19	8	4.40	6.54	3.20	2.03	-0.76	81	
6	19	13	2.93	2.08	2.43	-0.52	0.21	82	
6	19	18	14.85	28.12	10.78	-15.82	-23.10	83	
6	19	23	0.97	-28.91	-1.76	-26.91	-31.48	84	
6	19	28	29.90	27.65	1.01	39.08	16.29	85	
6	19	33	5.21	37.35	7.45	-17.82	-33.66	86	
6	19	38	-13.30	-24.29	-5.76	-31.66	-70.60	87	
6	19	43	29.37	1.95	5.43	36.27	0.63	88	
6	23	3	6.39	5.92	0.33	3.70	1.13	89	
6	23	8	6.04	23.27	6.82	-9.64	-13.52	90	
6	23	13	-0.14	-1.81	-2.63	-22.19	-57.30	91	
6	23	18	-8.26	-50.33	-8.66	7.61	3.61	92	
6	23	23	35.90	47.27	9.36	-30.29	27.34	93	
6	23	28	24.55	26.16	7.74	-12.38	-62.78	94	
6	23	33	-11.24	-55.88	-7.36	-10.85	-14.17	95	
6	23	38	1.35	5.64	3.75	46.56	71.70	96	
6	23	43	8.91	10.61	1.72	6.48	8.38	97	
6	27	3	12.92	9.87	2.69	-6.28	-5.33	98	
6	27	8	-10.86	-41.69	-3.78	-11.33	-19.73	99	
6	27	13	3.04	7.27	7.34	16.16	51.41	100	
6	27	18	7.31	53.86	3.97	-7.58	-4.59	101	
6	27	23	-0.19	-15.61	18.72	-44.48	-49.47	102	
6	27	28	-7.90	-46.47	-3.68	25.99	36.84	103	
6	27	33	9.17	36.68	8.84	23.66	51.95	104	
6	27	38	5.05	10.86	4.15	1.07	3.30	105	
6	27	43	4.80	3.92	4.97	3.29	-1.27	106	
6	31	3	7.42	0.82	7.88	-6.82	2.42	107	
6	31	8	3.94	41.37	7.16	5.57	17.52	108	
6	31	13	-0.73	12.48	0.35	-28.83	-71.38	109	
6	31	18	-6.99	-38.21	-4.42	-25.76	-35.97	110	
6	31	23	11.84	-5.20	-16.31	0.10	38.36	111	
6	31	28	27.60	28.63	13.57	35.02	15.92	112	
6	31	33	6.23	2.68	3.45	1.62	1.73	113	
6	31	38	1.88	-0.12	2.30	-1.77	2.30	114	
6	31	43	4.94	2.46	3.05	4.34	0.88	115	
6	35	3	12.85	14.57	1.09	-8.52	-2.78	116	
6	35	8	-10.70	-30.35	-0.22	-33.14	-55.02	117	
6	35	13	0.72	-32.34	-1.90	14.98	50.17	118	
6	35	18	3.20	28.69	10.65	23.59	66.78	119	
6	35	23	20.78	11.58	9.86	-57.08	6.14	120	
6	35	28	16.53	30.27	0.25	11.26	-16.11	121	
6	35	33	5.28	3.64	7.06	0.50	-1.54	122	
6	35	38	3.26	5.23	4.01	-2.28	-3.11	123	
6	35	43	0.50	2.34	-0.62	2.07	-4.85	124	
6	39	3	28.45	1.49	11.05	-25.60	2.42	125	
6	39	8	-15.86	-3.92	-13.76	39.41	68.36	126	
6	39	13	5.24	18.18	4.33	4.00	7.82	127	
6	39	18	6.71	2.82	3.89	0.45	-0.32	128	
6	39	23	-12.62	14.92	2.98	-46.87	-32.60	129	
6	39	28	-16.44	-43.83	-2.36	13.62	-1.25	130	
6	39	33	7.75	10.76	4.74	4.29	-7.21	131	
6	39	38	1.78	8.51	15.34	-6.13	-6.05	132	
6	39	43	3.32	0.80	3.70	5.00	4.03	133	
6	43	3	4.18	1.49	3.01	-0.73	0.38	134	
6	43	8	2.76	7.19	2.50	2.62	0.03	135	
6	43	13	6.92	17.64	5.08	-7.21	-6.09	136	
6	43	18	-0.09	2.75	8.11	-32.27	-76.26	137	
6	43	23	-34.22	-48.51	9.98	18.31	15.15	138	
6	43	28	12.56	28.58	4.30	4.32	21.31	139	
6	43	33	-1.19	2.68	-8.69	-59.61	-72.71	140	
6	43	38	-5.96	-36.20	-6.02	81.47	-37.42	141	
6	43	43	5.58	6.15	5.38	1.55	-2.80	142	
