143
diam	c	r	EConv0	EConv1	EConv2	OConv0	OConv1
6	3	3	2.05	2.26	4.39	-2.25	1.00	44	
6	3	8	17.95	19.36	6.19	-101.23	-31.40	45	
6	3	13	28.66	46.04	50.17	19.13	-82.76	46	
6	3	18	25.52	45.37	7.47	-16.05	-24.65	47	
6	3	23	-53.34	-92.50	18.61	5.15	7.81	48	
6	3	28	20.15	38.15	2.07	6.38	2.83	49	
6	3	33	-69.16	-65.15	-21.21	13.56	-65.32	50	
6	3	38	2.87	4.69	3.32	-1.29	-0.16	51	
6	3	43	-24.26	-18.43	9.23	-60.72	10.47	52	
6	7	3	4.85	3.93	3.93	0.25	-0.58	53	
6	7	8	-8.69	-5.52	0.71	-102.46	17.96	54	
6	7	13	6.44	76.45	38.68	4.27	-7.48	55	
6	7	18	-18.91	-106.40	-2.52	-5.60	-15.43	56	
6	7	23	20.45	59.05	-0.39	30.01	36.60	57	
6	7	28	-2.51	-9.04	8.97	-75.28	-65.63	58	
6	7	33	-20.83	-3.77	-2.87	104.23	27.18	59	
6	7	38	2.52	2.66	2.83	1.03	0.99	60	
6	7	43	-19.72	-1.64	-2.50	-45.82	-3.88	61	
6	11	3	4.41	2.99	2.81	0.71	1.72	62	
6	11	8	20.87	-17.92	45.39	-42.09	36.27	63	
6	11	13	-7.52	-1.71	1.36	13.63	110.17	64	
6	11	18	14.56	46.98	6.09	25.93	31.82	65	
6	11	23	12.08	29.94	-0.08	-72.07	-73.18	66	
6	11	28	28.42	11.78	4.04	65.15	63.23	67	
6	11	33	30.78	16.37	2.47	79.24	20.17	68	
6	11	38	4.22	42.89	22.78	-7.29	-29.25	69	
6	11	43	-12.50	8.98	19.38	-45.25	-11.64	70	
6	15	3	3.13	4.60	4.21	-0.14	-1.28	71	
6	15	8	4.68	3.55	3.38	-1.07	-1.43	72	
6	15	13	0.02	-0.86	-1.27	4.43	1.88	73	
6	15	18	10.92	49.17	3.79	-52.04	-82.07	74	
6	15	23	-32.55	-73.65	12.47	50.28	45.03	75	
6	15	28	56.77	45.84	1.64	-54.48	-7.63	76	
6	15	33	36.78	18.80	-2.82	-9.19	-96.76	77	
6	15	38	-11.79	-61.15	-18.53	-0.48	-17.98	78	
6	15	43	-14.63	-25.73	-53.62	32.82	23.21	79	
6	19	3	2.13	4.52	4.00	-0.83	-0.55	80	
6	19	8	18.09	42.09	-4.35	-21.82	-20.47	81	
6	19	13	9.50	-10.58	5.33	-34.05	-108.77	82	
6	19	18	-19.83	-72.80	7.98	37.13	45.06	83	
6	19	23	35.14	82.68	-2.73	14.52	16.01	84	
6	19	28	-5.24	-45.13	17.09	-60.82	-72.98	85	
6	19	33	-9.70	-49.12	3.04	24.05	32.20	86	
6	19	38	16.52	64.32	7.68	50.44	67.98	87	
6	19	43	-3.51	1.18	-0.01	-50.57	6.03	88	
6	23	3	4.13	7.03	6.12	-0.67	0.04	89	
6	23	8	38.02	-24.76	25.17	-70.31	26.26	90	
6	23	13	0.27	-24.51	-10.49	34.14	103.21	91	
6	23	18	14.77	49.97	0.25	18.25	25.04	92	
6	23	23	-19.22	-30.28	7.61	-81.63	-68.69	93	
6	23	28	14.12	-22.16	-14.69	2.70	33.50	94	
6	23	33	40.06	61.47	15.03	51.08	37.42	95	
6	23	38	3.87	3.99	5.11	2.53	4.09	96	
6	23	43	6.16	4.26	1.76	-50.84	0.48	97	
6	27	3	5.13	5.00	3.20	-0.07	-1.11	98	
6	27	8	5.89	1.29	6.46	2.74	-2.08	99	
6	27	13	6.01	1.61	1.36	0.37	-0.75	100	
6	27	18	-0.44	-8.93	-4.55	-69.10	-95.13	101	
6	27	23	-9.17	-54.28	12.45	61.03	71.87	102	
6	27	28	63.93	68.68	17.17	-75.41	8.05	103	
6	27	33	52.07	10.12	9.93	43.04	2.34	104	
6	27	38	5.09	2.52	3.19	1.58	0.02	105	
6	27	43	-9.99	22.83	6.57	-60.87	-32.79	106	
6	31	3	3.74	5.01	4.39	-1.60	2.39	107	
6	31	8	2.83	3.57	3.08	2.02	3.74	108	
6	31	13	1.76	9.96	-3.11	-65.06	-94.96	109	
6	31	18	-12.30	-61.26	7.15	50.26	67.86	110	
6	31	23	16.32	39.89	-2.12	15.25	14.89	111	
6	31	28	20.10	3.82	12.22	-104.85	-4.86	112	
6	31	33	30.29	20.99	2.91	17.42	8.95	113	
6	31	38	1.87	7.38	3.68	0.48	-5.15	114	
6	31	43	-32.08	-38.22	-21.73	-82.61	37.79	115	
6	35	3	2.97	3.05	4.01	1.54	-0.21	116	
6	35	8	12.35	42.53	-4.50	-64.14	-82.34	117	
6	35	13	-28.02	-62.29	9.61	59.02	61.11	118	
6	35	18	11.45	34.96	2.56	10.78	15.16	119	
6	35	23	3.04	4.51	2.65	0.57	0.97	120	
6	35	28	-41.76	-3.32	-6.06	-67.04	-1.32	121	
6	35	33	6.91	1.17	5.26	-0.54	0.28	122	
6	35	38	5.13	3.49	5.97	-2.38	6.10	123	
6	35	43	15.37	8.47	2.05	-42.60	6.17	124	
6	39	3	10.84	5.54	3.87	-0.70	0.55	125	
6	39	8	-43.31	-74.70	-28.43	-2.21	54.71	126	
6	39	13	21.08	40.57	2.88	20.19	18.20	127	
6	39	18	3.78	3.20	3.49	2.93	0.14	128	
6	39	23	2.53	2.64	5.47	0.43	1.65	129	
6	39	28	-13.77	-14.85	32.15	-23.52	46.74	130	
6	39	33	6.46	6.48	0.97	2.56	3.21	131	
6	39	38	2.64	2.08	2.95	-1.43	1.47	132	
6	39	43	17.86	6.95	8.80	-52.10	1.03	133	
6	43	3	4.28	4.16	4.09	-0.71	2.99	134	
6	43	8	1.73	18.00	7.44	4.05	10.78	135	
6	43	13	5.26	7.59	5.53	-0.50	-0.22	136	
6	43	18	-1.13	-3.73	23.49	18.38	-27.89	137	
6	43	23	3.19	5.03	4.48	2.22	1.04	138	
6	43	28	1.82	5.16	1.37	-1.33	-1.32	139	
6	43	33	3.19	1.77	3.04	0.06	-1.88	140	
6	43	38	2.16	5.39	3.30	-1.11	-1.16	141	
6	43	43	11.92	8.03	1.42	-56.42	-7.79	142	
