143
diam	c	r	EConv0	EConv1	EConv2	OConv0	OConv1
6	3	3	-39.38	-21.21	-6.50	14.23	-13.66	44	
6	3	8	10.23	6.77	3.20	-2.01	5.79	45	
6	3	13	3.01	0.87	3.32	0.70	3.44	46	
6	3	18	2.06	3.85	3.38	1.42	-0.08	47	
6	3	23	2.87	3.17	2.49	-1.98	-1.86	48	
6	3	28	0.70	1.36	1.75	3.15	1.32	49	
6	3	33	6.57	-2.95	14.28	-13.95	12.36	50	
6	3	38	7.66	9.87	-4.43	12.21	6.85	51	
6	3	43	4.89	2.58	3.06	0.93	-1.12	52	
6	7	3	-36.86	-13.19	-1.44	44.24	-0.80	53	
6	7	8	6.23	2.71	4.08	-5.11	-3.01	54	
6	7	13	4.94	3.27	2.35	-0.92	-2.18	55	
6	7	18	3.77	2.55	3.14	4.74	1.34	56	
6	7	23	4.78	16.96	9.90	-4.61	-12.45	57	
6	7	28	2.36	-0.85	9.80	4.27	-9.90	58	
6	7	33	2.26	9.25	2.00	4.95	-5.56	59	
6	7	38	3.73	3.70	10.26	1.22	-3.48	60	
6	7	43	5.26	4.41	3.65	-0.92	0.27	61	
6	11	3	-35.15	-11.73	-5.67	59.92	-2.14	62	
6	11	8	4.60	5.33	4.69	-1.49	3.83	63	
6	11	13	4.12	6.18	4.15	-2.84	0.96	64	
6	11	18	9.42	25.99	1.01	-16.33	-21.26	65	
6	11	23	-11.44	-2.44	0.14	-26.54	-61.18	66	
6	11	28	12.79	-8.27	8.80	51.22	-0.03	67	
6	11	33	1.23	7.11	-10.89	-31.81	-6.85	68	
6	11	38	7.32	-3.35	5.97	23.34	-5.63	69	
6	11	43	1.14	2.69	3.27	-1.97	-2.18	70	
6	15	3	-34.41	-8.22	-3.96	68.18	-0.06	71	
6	15	8	7.16	9.87	0.46	-10.38	-3.27	72	
6	15	13	8.98	28.08	6.51	-17.70	-39.80	73	
6	15	18	-5.65	-24.63	0.59	-42.59	-53.94	74	
6	15	23	-21.13	-22.32	-7.15	18.27	0.78	75	
6	15	28	28.10	19.94	4.56	42.79	9.80	76	
6	15	33	8.63	0.03	14.87	-20.89	12.42	77	
6	15	38	-0.19	21.91	-4.77	-5.25	-43.48	78	
6	15	43	13.43	-8.00	12.16	28.36	-8.27	79	
6	19	3	-37.28	-11.01	-9.18	78.96	1.41	80	
6	19	8	9.39	7.77	-3.82	-40.48	-13.61	81	
6	19	13	-4.07	-42.36	-0.75	-5.30	14.86	82	
6	19	18	10.58	10.66	0.22	5.81	74.95	83	
6	19	23	-47.57	-9.23	-15.98	8.08	7.96	84	
6	19	28	16.70	22.42	1.06	15.98	-5.33	85	
6	19	33	2.18	16.32	5.02	-40.19	-66.84	86	
6	19	38	-16.61	-38.13	0.99	13.22	24.07	87	
6	19	43	17.14	18.17	-4.33	17.97	11.75	88	
6	23	3	-27.42	-6.62	-5.35	80.52	2.45	89	
6	23	8	1.58	-6.01	10.40	-25.58	12.40	90	
6	23	13	1.54	20.80	3.59	14.89	23.00	91	
6	23	18	17.45	4.07	14.83	-8.06	4.16	92	
6	23	23	-45.92	3.49	-18.64	-13.61	-9.14	93	
6	23	28	11.79	-0.94	7.04	-27.00	-58.54	94	
6	23	33	-3.17	-31.15	0.04	11.97	28.86	95	
6	23	38	15.02	22.21	7.81	44.86	22.69	96	
6	23	43	3.14	0.14	4.06	0.65	0.68	97	
6	27	3	-20.50	-3.84	-4.49	82.37	2.79	98	
6	27	8	0.59	1.40	3.26	-9.02	-2.96	99	
6	27	13	-0.40	0.42	2.20	0.73	-0.54	100	
6	27	18	22.03	24.57	6.43	-5.10	-6.62	101	
6	27	23	-31.81	-12.37	-0.97	-36.33	-6.84	102	
6	27	28	0.93	-24.62	1.01	43.66	51.16	103	
6	27	33	9.12	19.45	7.11	9.09	40.78	104	
6	27	38	5.40	10.46	-0.81	6.42	11.22	105	
6	27	43	2.96	5.52	2.73	2.74	-2.79	106	
6	31	3	-11.21	-3.02	0.58	84.73	6.25	107	
6	31	8	0.84	3.30	1.69	-7.97	4.92	108	
6	31	13	8.18	15.06	1.57	-6.10	-7.49	109	
6	31	18	10.84	-0.09	3.08	-42.07	-47.58	110	
6	31	23	-21.98	-25.38	-5.43	15.85	31.55	111	
6	31	28	25.29	26.59	5.40	27.97	15.63	112	
6	31	33	4.22	3.67	2.84	3.38	-9.45	113	
6	31	38	1.39	-2.44	4.41	3.14	-5.61	114	
6	31	43	2.06	2.94	2.15	0.15	0.37	115	
6	35	3	-7.15	-0.29	0.28	90.76	3.39	116	
6	35	8	2.99	12.21	0.28	-20.95	-7.98	117	
6	35	13	1.22	-6.91	7.13	-33.31	-38.76	118	
6	35	18	-3.85	-24.49	6.67	28.16	49.48	119	
6	35	23	-5.45	12.23	3.08	2.93	52.34	120	
6	35	28	10.26	14.94	2.40	4.34	-4.79	121	
6	35	33	7.48	7.64	-4.70	-18.81	-4.62	122	
6	35	38	6.00	-1.09	9.17	24.36	-5.91	123	
6	35	43	-0.56	1.89	1.40	-2.87	0.76	124	
6	39	3	1.99	0.73	1.50	90.50	5.08	125	
6	39	8	1.90	-5.58	-6.29	-46.88	-4.32	126	
6	39	13	-3.28	-8.04	-1.18	24.68	39.26	127	
6	39	18	6.61	16.83	-2.42	13.40	8.51	128	
6	39	23	4.21	4.55	3.68	-2.62	-5.33	129	
6	39	28	3.60	2.66	6.82	-2.85	2.69	130	
6	39	33	6.15	-3.17	8.36	-10.34	9.08	131	
6	39	38	5.94	10.26	-3.55	12.24	7.01	132	
6	39	43	5.29	3.01	4.82	-1.86	-2.16	133	
6	43	3	14.25	8.26	5.72	92.38	5.04	134	
6	43	8	-2.77	-3.21	13.75	-23.31	13.53	135	
6	43	13	6.21	14.92	4.01	6.11	4.80	136	
6	43	18	1.99	1.42	3.26	-2.76	-2.26	137	
6	43	23	3.56	2.09	2.04	-1.40	3.21	138	
6	43	28	1.94	3.21	2.11	0.19	-0.30	139	
6	43	33	0.94	7.66	1.74	-1.80	-3.56	140	
6	43	38	4.74	1.47	7.90	3.22	-1.65	141	
6	43	43	3.36	1.60	2.57	2.62	2.30	142	
