143
diam	c	r	EConv0	EConv1	EConv2	OConv0	OConv1
6	3	3	2.19	1.75	3.56	-2.45	-0.94	44	
6	3	8	3.80	3.43	5.11	2.30	-0.44	45	
6	3	13	-78.18	-111.84	20.21	-31.42	-14.65	46	
6	3	18	30.50	70.04	-1.30	5.50	11.07	47	
6	3	23	-19.15	-82.67	7.54	-23.93	-39.00	48	
6	3	28	22.07	45.19	-3.58	29.35	28.09	49	
6	3	33	1.37	3.05	1.55	-2.35	-1.79	50	
6	3	38	3.97	2.51	5.18	2.89	-0.54	51	
6	3	43	-16.69	-14.60	-14.28	41.67	1.83	52	
6	7	3	2.33	4.22	3.12	-1.50	-0.86	53	
6	7	8	33.22	14.93	1.19	-17.41	-2.95	54	
6	7	13	-23.97	-10.96	-29.33	116.46	51.36	55	
6	7	18	17.98	-30.87	15.14	-51.49	25.29	56	
6	7	23	13.92	51.68	4.28	23.78	26.60	57	
6	7	28	-67.84	-36.39	-15.98	-10.70	-81.55	58	
6	7	33	-3.37	2.84	-0.53	-5.70	-6.59	59	
6	7	38	3.88	3.64	1.00	3.78	-6.01	60	
6	7	43	-14.41	-16.63	-24.55	48.19	4.93	61	
6	11	3	2.83	4.51	3.87	-2.41	2.25	62	
6	11	8	7.69	0.46	11.48	-5.38	2.57	63	
6	11	13	10.84	30.92	3.18	9.78	10.93	64	
6	11	18	4.95	3.13	2.09	-4.59	-1.99	65	
6	11	23	26.42	31.04	-0.79	-19.93	-12.96	66	
6	11	28	-36.20	-32.86	-5.93	95.02	46.97	67	
6	11	33	-7.40	-2.64	0.74	-4.03	-3.97	68	
6	11	38	20.50	41.17	-0.34	-17.44	-15.52	69	
6	11	43	3.29	-33.08	29.61	81.98	-33.32	70	
6	15	3	2.92	4.55	3.37	-2.74	-1.13	71	
6	15	8	1.94	4.15	1.00	-0.41	1.28	72	
6	15	13	3.79	4.00	4.40	-1.73	0.87	73	
6	15	18	5.51	5.14	2.46	-6.81	-6.40	74	
6	15	23	-21.26	-37.22	7.20	-80.96	-80.68	75	
6	15	28	41.02	43.88	2.29	28.15	24.08	76	
6	15	33	11.15	34.86	1.41	-12.11	-13.47	77	
6	15	38	-11.08	-56.95	7.37	-77.03	-85.34	78	
6	15	43	-4.09	-17.56	-21.57	142.46	-11.84	79	
6	19	3	1.45	2.29	6.25	-0.47	-0.65	80	
6	19	8	3.50	3.51	3.09	-2.88	1.21	81	
6	19	13	6.02	4.21	5.76	-2.50	-0.05	82	
6	19	18	11.52	22.77	4.60	-83.50	-89.33	83	
6	19	23	34.42	44.92	6.70	16.41	71.93	84	
6	19	28	20.48	43.42	2.70	-11.70	-19.54	85	
6	19	33	-22.59	-64.59	2.75	-59.81	-80.07	86	
6	19	38	26.71	25.69	24.41	71.94	111.80	87	
6	19	43	5.81	55.41	-5.27	33.69	46.21	88	
6	23	3	3.38	3.63	3.47	-0.00	0.41	89	
6	23	8	10.18	28.48	7.33	-6.23	-14.33	90	
6	23	13	6.61	14.55	5.86	-65.37	-123.58	91	
6	23	18	-18.23	-44.90	1.08	85.54	80.59	92	
6	23	23	21.76	29.19	7.05	-75.96	-10.34	93	
6	23	28	-17.26	-67.88	4.37	-64.88	-81.36	94	
6	23	33	4.09	13.62	2.48	83.57	102.76	95	
6	23	38	4.88	6.27	2.39	7.26	1.06	96	
6	23	43	0.62	0.63	2.87	1.71	2.35	97	
6	27	3	5.53	5.28	7.18	-3.36	-1.17	98	
6	27	8	-41.96	-61.65	-37.55	-75.82	-77.72	99	
6	27	13	-8.03	-41.40	3.98	73.49	105.44	100	
6	27	18	26.94	70.60	2.19	-13.20	-9.77	101	
6	27	23	-18.54	-56.30	16.01	-73.63	-71.51	102	
6	27	28	3.06	4.38	1.62	90.29	106.39	103	
6	27	33	0.10	8.06	0.10	-4.39	0.51	104	
6	27	38	2.52	0.62	1.96	5.33	0.83	105	
6	27	43	2.05	1.84	1.53	4.18	0.20	106	
6	31	3	5.54	4.36	3.69	-3.09	1.74	107	
6	31	8	-24.75	30.31	38.84	1.24	106.54	108	
6	31	13	24.85	79.83	5.17	-17.26	-25.15	109	
6	31	18	-17.03	-67.55	2.91	-59.11	-86.34	110	
6	31	23	-0.99	-7.49	2.90	88.63	107.17	111	
6	31	28	6.85	11.89	2.68	2.35	3.49	112	
6	31	33	-6.43	2.07	-1.44	-5.47	-1.94	113	
6	31	38	4.37	54.78	-24.28	-47.81	-59.05	114	
6	31	43	20.79	-5.94	24.85	24.65	-15.64	115	
6	35	3	4.03	3.99	2.23	-1.14	2.80	116	
6	35	8	20.30	69.75	-5.33	-43.96	-53.35	117	
6	35	13	-19.07	-73.12	-0.63	-46.96	-63.40	118	
6	35	18	-8.29	-24.61	0.62	87.82	110.26	119	
6	35	23	8.47	17.22	1.21	5.20	2.96	120	
6	35	28	6.75	5.06	2.22	-1.14	-1.98	121	
6	35	33	-1.40	3.12	4.68	-8.19	-0.25	122	
6	35	38	1.11	-54.21	30.73	-71.83	58.09	123	
6	35	43	31.79	29.96	-10.69	32.25	13.41	124	
6	39	3	0.34	3.30	4.70	2.11	-0.19	125	
6	39	8	-63.95	-62.12	-20.73	-103.64	-26.08	126	
6	39	13	4.17	-2.96	5.25	83.52	115.86	127	
6	39	18	11.74	20.50	-0.40	3.38	9.86	128	
6	39	23	2.64	1.99	1.44	-1.41	0.58	129	
6	39	28	4.68	0.87	2.27	0.12	-2.63	130	
6	39	33	-8.34	-1.14	-1.34	-6.62	-5.53	131	
6	39	38	4.05	4.23	0.44	9.05	-1.14	132	
6	39	43	1.74	2.22	3.99	3.69	1.88	133	
6	43	3	2.65	1.17	0.85	1.01	1.18	134	
6	43	8	-37.24	14.93	29.56	1.52	88.11	135	
6	43	13	6.12	12.06	3.84	1.22	4.32	136	
6	43	18	4.22	1.35	2.36	-3.61	1.29	137	
6	43	23	1.25	2.59	5.83	1.71	0.48	138	
6	43	28	3.94	2.02	1.25	-0.15	8.47	139	
6	43	33	-4.62	2.24	1.43	-7.79	11.33	140	
6	43	38	1.51	-3.61	3.09	13.29	1.10	141	
6	43	43	1.28	1.37	-0.71	2.95	0.40	142	
