143
diam	c	r	EConv0	EConv1	EConv2	OConv0	OConv1
6	3	3	4.25	5.02	5.05	1.20	0.22	44	
6	3	8	16.75	16.74	2.25	-10.03	-2.78	45	
6	3	13	5.34	-0.99	7.99	49.51	25.30	46	
6	3	18	-35.90	-58.04	9.62	-21.67	-10.05	47	
6	3	23	12.18	28.96	3.89	10.68	11.59	48	
6	3	28	3.05	5.39	3.88	-0.10	-3.51	49	
6	3	33	5.29	3.45	5.76	0.96	-0.00	50	
6	3	38	3.90	4.31	4.21	0.31	1.11	51	
6	3	43	3.75	5.38	4.76	0.83	0.63	52	
6	7	3	3.69	3.92	3.95	0.99	-1.25	53	
6	7	8	32.33	13.44	5.70	-47.28	-6.43	54	
6	7	13	42.79	26.50	-9.16	-36.10	-25.05	55	
6	7	18	31.07	36.32	4.01	43.07	32.43	56	
6	7	23	7.58	6.86	7.24	0.61	-0.56	57	
6	7	28	-0.23	21.31	6.35	-10.18	-18.93	58	
6	7	33	9.59	10.88	3.21	1.56	-5.17	59	
6	7	38	-44.25	-15.81	14.65	11.74	-86.67	60	
6	7	43	4.42	4.06	3.22	1.39	1.08	61	
6	11	3	3.59	4.07	2.99	-1.05	1.53	62	
6	11	8	33.85	-6.77	19.60	-40.32	12.16	63	
6	11	13	-20.77	-43.49	5.19	36.09	-8.33	64	
6	11	18	3.31	3.45	4.37	-1.69	-0.56	65	
6	11	23	7.13	16.50	2.42	-3.34	-7.81	66	
6	11	28	-36.88	-54.26	10.23	27.81	-2.49	67	
6	11	33	36.67	18.35	0.86	-64.34	-30.34	68	
6	11	38	-22.89	-8.81	-36.82	75.53	77.27	69	
6	11	43	4.77	4.79	5.83	3.12	-3.68	70	
6	15	3	5.58	4.50	4.76	-0.52	0.14	71	
6	15	8	4.58	4.22	5.58	0.39	0.97	72	
6	15	13	0.33	32.87	12.15	6.84	23.26	73	
6	15	18	6.98	5.34	4.92	-1.05	-2.21	74	
6	15	23	11.99	8.32	-5.48	-68.21	-42.64	75	
6	15	28	58.58	70.52	-5.84	25.33	-5.34	76	
6	15	33	-3.14	-30.41	8.45	50.67	31.45	77	
6	15	38	5.50	10.12	4.51	-1.84	3.82	78	
6	15	43	4.27	4.22	3.09	1.74	0.95	79	
6	19	3	4.88	3.74	4.96	1.38	-2.01	80	
6	19	8	4.60	4.33	4.25	-0.22	-1.89	81	
6	19	13	8.50	13.04	3.69	-3.10	-6.34	82	
6	19	18	21.46	31.23	5.86	-34.18	-36.92	83	
6	19	23	18.12	2.11	13.06	-4.38	35.29	84	
6	19	28	-21.02	-56.31	13.73	-22.63	-10.89	85	
6	19	33	19.57	24.21	2.44	12.54	3.07	86	
6	19	38	3.94	3.86	5.66	-1.96	-2.20	87	
6	19	43	4.54	3.99	4.00	0.47	0.06	88	
6	23	3	3.85	3.98	3.81	2.31	-1.36	89	
6	23	8	3.99	4.28	1.97	-1.28	0.08	90	
6	23	13	29.31	37.44	9.62	-36.78	-24.09	91	
6	23	18	-19.41	-55.20	-3.80	50.51	9.24	92	
6	23	23	-9.32	-18.41	0.84	-64.46	-27.64	93	
6	23	28	21.97	36.43	-3.33	42.80	33.40	94	
6	23	33	6.50	19.26	4.94	-8.52	-9.26	95	
6	23	38	5.56	4.90	13.24	2.65	-2.34	96	
6	23	43	4.36	5.60	4.47	-1.48	-0.29	97	
6	27	3	3.70	4.39	3.34	1.31	-2.60	98	
6	27	8	12.67	20.63	2.50	-8.84	-9.18	99	
6	27	13	-35.96	-62.83	17.20	-17.78	-7.77	100	
6	27	18	39.21	68.90	0.40	16.12	8.66	101	
6	27	23	-55.13	-13.56	-8.59	30.14	-17.98	102	
6	27	28	6.52	4.82	13.77	-2.10	-7.68	103	
6	27	33	-12.36	-41.66	-24.13	-52.71	-39.59	104	
6	27	38	41.86	-1.76	24.67	61.51	-14.87	105	
6	27	43	3.82	3.68	3.82	-2.28	0.10	106	
6	31	3	3.64	3.60	3.93	2.53	0.22	107	
6	31	8	-20.18	-33.28	2.45	-44.79	-38.36	108	
6	31	13	20.74	45.11	6.32	13.47	31.66	109	
6	31	18	-14.05	-52.33	-2.93	-18.91	-18.42	110	
6	31	23	15.20	11.58	22.51	-38.72	68.55	111	
6	31	28	15.60	-31.42	-17.46	25.07	-33.98	112	
6	31	33	23.49	32.63	26.69	-4.46	35.75	113	
6	31	38	29.90	19.95	-5.94	58.49	17.19	114	
6	31	43	3.78	2.50	4.72	0.15	-0.67	115	
6	35	3	4.89	4.06	4.49	2.53	2.31	116	
6	35	8	-24.93	16.38	-2.58	17.51	46.64	117	
6	35	13	-2.22	11.16	14.15	-15.88	-23.69	118	
6	35	18	12.30	32.69	7.74	24.52	25.87	119	
6	35	23	23.06	29.67	-9.18	-43.10	-34.58	120	
6	35	28	30.16	26.63	6.94	48.79	24.21	121	
6	35	33	21.57	17.06	5.34	-26.07	-7.81	122	
6	35	38	20.67	11.32	8.25	12.97	0.24	123	
6	35	43	4.69	3.44	4.94	3.83	1.33	124	
6	39	3	3.29	4.98	3.80	-0.13	0.46	125	
6	39	8	17.61	42.03	-0.52	-25.30	-22.35	126	
6	39	13	-12.81	-40.97	9.52	66.42	11.46	127	
6	39	18	4.82	8.70	4.08	-5.91	-1.60	128	
6	39	23	-14.37	-18.59	16.68	-4.44	31.70	129	
6	39	28	7.32	13.77	4.46	-0.10	1.01	130	
6	39	33	-6.45	-7.59	19.43	-9.37	-6.29	131	
6	39	38	6.76	8.86	4.38	1.66	-0.50	132	
6	39	43	4.75	4.64	2.97	4.08	-0.75	133	
6	43	3	4.62	2.67	5.05	-1.29	-1.89	134	
6	43	8	-31.46	-38.14	8.16	-73.63	-50.35	135	
6	43	13	45.53	30.96	-7.95	58.96	14.75	136	
6	43	18	-7.35	-12.09	4.26	-14.13	-12.73	137	
6	43	23	8.83	7.46	3.19	6.60	3.49	138	
6	43	28	11.95	16.97	1.36	-11.37	-5.59	139	
6	43	33	6.81	1.93	9.74	27.11	8.49	140	
6	43	38	3.99	4.27	4.91	1.04	5.09	141	
6	43	43	3.36	4.51	3.12	0.44	-0.46	142	
