143
diam	c	r	EConv0	EConv1	EConv2	OConv0	OConv1
6	3	3	3.87	2.03	3.25	0.98	-0.13	44	
6	3	8	3.82	4.29	2.60	0.95	0.33	45	
6	3	13	2.40	1.90	2.74	-4.55	2.11	46	
6	3	18	4.05	5.74	1.10	-3.71	1.28	47	
6	3	23	1.55	12.03	10.34	4.23	-13.86	48	
6	3	28	2.38	0.82	3.70	0.82	-2.25	49	
6	3	33	5.03	3.71	5.43	-2.99	-0.57	50	
6	3	38	3.58	2.70	1.78	2.07	-1.00	51	
6	3	43	3.75	3.24	3.57	0.64	1.35	52	
6	7	3	3.06	3.03	1.91	0.77	-0.99	53	
6	7	8	3.32	3.00	4.10	-0.57	-1.04	54	
6	7	13	12.64	36.81	2.00	-19.25	-20.50	55	
6	7	18	-4.25	-26.93	-7.37	-36.92	-89.51	56	
6	7	23	-7.82	-32.55	-39.86	7.24	-56.57	57	
6	7	28	26.37	-12.93	35.36	48.50	-38.50	58	
6	7	33	1.37	1.23	3.48	1.06	-6.97	59	
6	7	38	4.34	8.00	4.92	0.42	-1.39	60	
6	7	43	3.49	3.22	5.50	0.88	-0.23	61	
6	11	3	3.31	3.40	3.23	-1.25	0.65	62	
6	11	8	11.83	21.14	1.83	-8.28	-8.34	63	
6	11	13	-18.97	-44.26	4.12	-57.37	-61.14	64	
6	11	18	-1.51	-48.37	-3.72	30.85	60.48	65	
6	11	23	14.89	-1.65	-14.95	-13.94	98.84	66	
6	11	28	-10.29	1.20	-6.96	94.69	-13.79	67	
6	11	33	13.31	33.44	2.44	-7.22	-15.65	68	
6	11	38	-5.93	-24.35	-7.34	-41.69	-86.78	69	
6	11	43	46.55	0.71	24.50	40.05	-14.59	70	
6	15	3	4.15	3.01	3.42	-0.22	-0.37	71	
6	15	8	7.61	4.12	-24.40	-96.49	-44.03	72	
6	15	13	-0.80	-7.60	1.13	-0.34	2.51	73	
6	15	18	44.10	9.67	12.91	67.62	-2.61	74	
6	15	23	4.88	-0.67	6.41	0.19	-0.20	75	
6	15	28	-60.85	19.29	-34.51	37.37	-15.18	76	
6	15	33	-10.16	-41.99	3.36	-41.03	-57.36	77	
6	15	38	-9.93	-19.03	-9.19	5.96	14.26	78	
6	15	43	28.46	21.92	-4.60	21.13	3.23	79	
6	19	3	2.85	3.08	2.46	-0.48	-0.16	80	
6	19	8	-13.67	-51.14	11.38	-78.98	49.95	81	
6	19	13	8.25	40.35	12.30	31.06	84.87	82	
6	19	18	7.85	20.56	3.03	3.93	5.52	83	
6	19	23	12.40	30.10	-1.86	-11.64	-16.14	84	
6	19	28	-33.37	-18.66	3.43	-32.22	-14.88	85	
6	19	33	-13.75	-40.90	5.83	56.90	63.53	86	
6	19	38	-1.38	37.20	31.05	2.96	58.58	87	
6	19	43	1.43	0.74	2.90	-5.79	11.69	88	
6	23	3	2.45	2.06	3.43	-0.79	0.84	89	
6	23	8	4.38	4.32	3.74	-0.92	0.82	90	
6	23	13	3.84	1.14	5.25	-2.08	1.49	91	
6	23	18	7.94	19.39	-0.46	-9.99	-7.61	92	
6	23	23	-12.71	-39.57	3.96	-53.51	-66.70	93	
6	23	28	12.50	-12.08	-16.91	-3.66	26.51	94	
6	23	33	53.78	31.34	17.72	54.23	12.98	95	
6	23	38	4.00	3.57	2.43	-1.05	2.43	96	
6	23	43	0.21	2.33	2.68	-0.79	0.38	97	
6	27	3	3.27	3.44	4.12	1.85	-0.63	98	
6	27	8	2.21	2.58	2.21	-1.94	1.16	99	
6	27	13	4.56	5.92	3.21	-0.48	1.18	100	
6	27	18	-7.02	-9.66	4.19	-75.01	-69.20	101	
6	27	23	-14.67	-47.69	6.41	49.08	55.53	102	
6	27	28	24.76	15.05	33.49	-24.38	51.76	103	
6	27	33	19.32	20.38	-1.49	14.28	8.29	104	
6	27	38	4.98	3.07	3.71	-1.42	0.34	105	
6	27	43	1.12	3.37	1.75	-1.32	2.04	106	
6	31	3	1.86	2.94	1.89	-0.20	1.05	107	
6	31	8	4.23	3.22	3.09	-1.53	-0.58	108	
6	31	13	21.83	39.43	-2.47	-71.01	-67.18	109	
6	31	18	-23.52	-52.22	7.61	27.38	26.57	110	
6	31	23	19.05	43.07	-1.21	22.78	25.01	111	
6	31	28	1.55	2.82	3.07	1.72	0.50	112	
6	31	33	3.50	3.01	4.20	1.42	-2.08	113	
6	31	38	3.43	2.79	3.58	-0.94	-0.94	114	
6	31	43	1.12	2.75	3.56	0.03	-0.75	115	
6	35	3	2.19	2.96	2.59	0.41	-1.06	116	
6	35	8	4.88	2.02	4.54	-1.48	0.01	117	
6	35	13	-46.41	-50.07	-5.84	-24.54	-4.02	118	
6	35	18	25.52	48.06	-6.41	55.40	52.67	119	
6	35	23	1.92	1.49	1.47	-1.24	0.88	120	
6	35	28	3.64	4.14	2.86	0.58	2.61	121	
6	35	33	2.39	2.50	1.27	2.63	-1.25	122	
6	35	38	2.91	3.38	2.07	-0.18	-3.62	123	
6	35	43	-0.19	3.71	7.72	1.78	-4.06	124	
6	39	3	2.51	3.25	3.20	-0.77	0.68	125	
6	39	8	3.84	4.28	2.22	-1.12	-0.39	126	
6	39	13	-23.87	32.52	6.96	19.95	75.99	127	
6	39	18	10.42	24.87	3.80	-9.63	-9.91	128	
6	39	23	3.65	13.99	6.12	-36.57	-97.15	129	
6	39	28	-22.03	-29.32	-18.29	33.49	-91.10	130	
6	39	33	1.68	-0.23	1.49	1.39	-3.93	131	
6	39	38	17.75	47.13	-2.71	-32.39	-38.81	132	
6	39	43	-48.45	-45.85	-11.15	64.12	-64.18	133	
6	43	3	2.93	2.39	3.21	0.01	0.23	134	
6	43	8	3.01	3.72	4.72	-1.25	0.69	135	
6	43	13	7.27	13.95	1.97	-4.85	-3.74	136	
6	43	18	-14.20	-33.84	0.31	-63.74	-72.04	137	
6	43	23	-4.53	-30.54	-2.08	11.20	20.91	138	
6	43	28	-1.78	6.21	-46.97	-17.61	40.29	139	
6	43	33	49.58	39.95	16.19	2.48	-23.24	140	
6	43	38	-21.37	-49.84	3.57	-38.80	-40.52	141	
6	43	43	-35.21	-35.60	-46.72	59.75	49.22	142	
