143
diam	c	r	EConv0	EConv1	EConv2	OConv0	OConv1
6	3	3	3.37	2.57	2.69	2.58	-1.01	44	
6	3	8	2.76	2.33	3.05	0.84	-0.60	45	
6	3	13	3.85	3.39	3.15	0.38	0.92	46	
6	3	18	2.63	3.38	3.83	0.09	2.38	47	
6	3	23	13.00	19.32	1.56	-15.19	-9.32	48	
6	3	28	13.12	-2.78	12.39	9.17	-7.90	49	
6	3	33	5.47	4.10	5.65	0.52	3.70	50	
6	3	38	1.68	1.25	-0.23	9.90	-0.45	51	
6	3	43	2.80	4.66	3.81	1.65	3.37	52	
6	7	3	3.97	3.24	2.58	2.12	3.02	53	
6	7	8	1.34	2.76	2.03	1.45	0.98	54	
6	7	13	2.81	5.20	3.95	-1.19	-0.47	55	
6	7	18	5.67	7.18	3.77	-2.05	-2.10	56	
6	7	23	-2.39	-4.28	12.69	-31.40	-22.75	57	
6	7	28	17.44	12.31	2.87	15.11	5.53	58	
6	7	33	2.29	3.12	0.63	0.20	-0.26	59	
6	7	38	0.33	3.50	1.99	1.96	-1.41	60	
6	7	43	4.18	5.21	3.24	1.65	-1.23	61	
6	11	3	3.44	3.52	2.71	0.82	-0.79	62	
6	11	8	1.60	2.84	3.67	0.65	1.83	63	
6	11	13	-0.44	0.73	0.82	-3.00	-0.47	64	
6	11	18	19.46	29.93	-1.05	-34.26	-31.38	65	
6	11	23	-33.12	-37.33	10.91	51.25	-11.49	66	
6	11	28	3.32	6.43	2.86	1.78	-0.06	67	
6	11	33	1.97	1.82	3.04	-3.63	2.49	68	
6	11	38	2.59	5.33	4.68	1.86	-1.22	69	
6	11	43	4.21	2.70	4.90	0.47	-1.25	70	
6	15	3	3.49	3.71	4.09	-0.18	-0.79	71	
6	15	8	3.36	1.45	2.36	3.72	-0.27	72	
6	15	13	4.71	19.32	1.93	-10.46	-12.52	73	
6	15	18	-19.19	-51.09	14.75	-27.93	-10.82	74	
6	15	23	-21.32	11.75	-21.36	64.34	25.55	75	
6	15	28	2.60	2.30	3.75	-0.79	2.96	76	
6	15	33	13.08	25.31	1.41	-15.01	-13.17	77	
6	15	38	-23.19	-6.19	20.99	8.01	-64.53	78	
6	15	43	4.23	1.78	3.96	5.00	0.25	79	
6	19	3	5.71	7.08	0.75	-4.15	-4.03	80	
6	19	8	11.16	28.45	8.03	-6.44	-24.53	81	
6	19	13	-12.50	-30.43	6.38	-43.23	-55.61	82	
6	19	18	13.53	20.65	-11.64	58.22	42.35	83	
6	19	23	-11.71	-1.87	5.31	32.54	8.39	84	
6	19	28	7.85	10.05	2.02	-0.99	-5.07	85	
6	19	33	-0.07	-1.25	8.88	-71.33	-66.14	86	
6	19	38	-7.96	-12.55	-13.28	64.85	44.35	87	
6	19	43	6.52	5.61	3.98	6.70	-1.18	88	
6	23	3	24.65	24.69	-6.41	-37.95	-17.81	89	
6	23	8	-9.20	-54.14	-12.46	-15.91	-47.82	90	
6	23	13	2.26	-0.61	-1.41	55.78	68.90	91	
6	23	18	16.27	14.46	3.66	-8.11	-2.76	92	
6	23	23	18.90	17.83	5.16	29.31	1.64	93	
6	23	28	2.19	10.29	-4.44	-54.98	-82.99	94	
6	23	33	-13.67	-45.59	8.14	42.65	46.14	95	
6	23	38	13.30	23.56	1.57	18.98	18.94	96	
6	23	43	3.49	3.20	2.20	2.18	0.40	97	
6	27	3	20.06	-18.15	22.20	-34.03	26.48	98	
6	27	8	0.98	28.92	-1.62	32.36	81.91	99	
6	27	13	8.96	16.61	6.94	1.36	-0.00	100	
6	27	18	16.19	36.52	7.17	-31.52	-34.67	101	
6	27	23	2.90	-15.51	-19.29	-13.93	-88.17	102	
6	27	28	-12.30	-48.57	6.97	43.09	55.96	103	
6	27	33	11.78	38.35	-5.66	20.45	34.70	104	
6	27	38	3.02	3.99	5.31	4.66	0.44	105	
6	27	43	2.73	4.30	1.83	2.10	1.92	106	
6	31	3	4.19	1.44	-1.14	2.05	-5.33	107	
6	31	8	5.30	7.50	8.97	-1.72	-15.10	108	
6	31	13	11.32	45.03	2.35	-40.56	-61.85	109	
6	31	18	-10.46	-60.17	-2.25	-31.66	-40.39	110	
6	31	23	5.34	-20.33	12.99	52.14	84.51	111	
6	31	28	12.71	40.72	5.35	17.23	26.69	112	
6	31	33	5.98	1.36	5.31	-10.54	-1.89	113	
6	31	38	0.13	0.54	-0.22	7.58	-1.04	114	
6	31	43	3.36	3.84	4.74	0.43	-2.84	115	
6	35	3	5.07	6.45	-1.93	-4.66	-1.58	116	
6	35	8	-10.37	-3.66	-17.50	-57.76	-74.93	117	
6	35	13	-13.08	-74.24	-3.68	7.09	18.98	118	
6	35	18	29.08	40.28	9.85	24.00	78.87	119	
6	35	23	27.36	19.98	3.41	41.81	3.57	120	
6	35	28	3.14	1.89	3.11	-1.48	-0.77	121	
6	35	33	5.82	4.20	5.12	-2.92	1.62	122	
6	35	38	0.17	2.66	2.72	4.21	4.04	123	
6	35	43	0.29	1.65	-0.33	-1.86	0.70	124	
6	39	3	14.48	3.91	7.64	-9.76	1.77	125	
6	39	8	-33.94	-36.57	-7.85	7.54	68.50	126	
6	39	13	12.31	46.56	9.06	25.31	43.72	127	
6	39	18	16.64	0.07	8.80	-13.79	5.39	128	
6	39	23	16.33	14.70	-3.02	20.59	6.51	129	
6	39	28	1.96	2.50	2.65	-2.53	0.32	130	
6	39	33	3.94	6.46	0.53	-9.03	-3.21	131	
6	39	38	1.88	2.45	4.62	7.52	-4.45	132	
6	39	43	2.39	1.95	4.15	-0.93	1.54	133	
6	43	3	4.94	3.90	6.61	-1.17	1.48	134	
6	43	8	1.76	20.06	13.03	7.00	13.63	135	
6	43	13	-0.81	1.40	5.01	-0.01	-0.41	136	
6	43	18	2.60	3.96	3.30	-0.56	1.35	137	
6	43	23	2.38	4.83	4.19	-1.25	2.16	138	
6	43	28	3.59	3.25	5.84	0.38	1.86	139	
6	43	33	3.77	0.16	2.60	-14.22	0.58	140	
6	43	38	1.88	1.85	1.65	11.67	0.13	141	
6	43	43	2.83	3.59	2.91	0.83	2.29	142	
