143
diam	c	r	EConv0	EConv1	EConv2	OConv0	OConv1
6	3	3	3.35	3.47	0.68	-2.45	-2.68	44	
6	3	8	3.39	3.82	3.86	-1.52	-0.73	45	
6	3	13	6.25	6.61	6.54	0.95	-1.31	46	
6	3	18	3.05	3.35	4.27	1.55	0.46	47	
6	3	23	2.27	3.99	4.15	-3.56	1.14	48	
6	3	28	5.35	4.71	4.94	-1.42	1.08	49	
6	3	33	2.84	3.08	3.05	0.16	1.33	50	
6	3	38	3.85	2.91	3.74	-2.64	1.31	51	
6	3	43	2.92	4.24	4.03	2.37	-1.68	52	
6	7	3	4.04	1.76	4.97	-2.10	2.20	53	
6	7	8	3.41	3.30	5.00	0.40	1.00	54	
6	7	13	3.25	4.34	2.52	-0.61	-0.01	55	
6	7	18	3.75	1.90	1.51	1.38	2.50	56	
6	7	23	0.96	3.75	-1.08	-3.00	1.06	57	
6	7	28	2.10	1.31	5.17	2.28	-0.25	58	
6	7	33	2.08	4.34	3.26	-0.49	-1.29	59	
6	7	38	4.13	3.47	5.86	0.25	-1.29	60	
6	7	43	0.23	0.61	3.17	1.12	4.03	61	
6	11	3	4.09	1.81	5.97	1.54	0.55	62	
6	11	8	2.39	5.41	-0.85	-3.86	-1.75	63	
6	11	13	11.60	39.45	21.55	-7.23	-27.24	64	
6	11	18	-9.09	13.34	0.38	-15.99	-94.02	65	
6	11	23	0.50	-5.91	30.52	27.92	-59.45	66	
6	11	28	3.57	4.57	3.23	5.23	-7.07	67	
6	11	33	1.84	1.65	3.19	-0.69	-3.11	68	
6	11	38	2.71	3.96	3.12	1.55	-2.76	69	
6	11	43	-0.01	1.76	5.74	3.54	-1.45	70	
6	15	3	3.25	9.52	1.68	2.23	-4.42	71	
6	15	8	0.22	28.29	-0.63	-51.22	-79.91	72	
6	15	13	-11.95	-83.12	-15.17	13.31	-2.77	73	
6	15	18	14.69	6.85	0.88	-2.21	93.02	74	
6	15	23	-24.71	5.42	-34.97	14.29	3.52	75	
6	15	28	17.55	-0.56	10.96	13.91	-1.54	76	
6	15	33	3.46	4.06	4.01	1.97	-0.05	77	
6	15	38	4.06	3.90	4.46	1.75	2.88	78	
6	15	43	-1.75	8.16	8.34	3.65	-6.00	79	
6	19	3	25.68	6.06	-5.83	-38.65	-10.92	80	
6	19	8	-16.29	-50.22	-2.23	26.57	80.56	81	
6	19	13	11.18	44.50	8.66	22.20	32.72	82	
6	19	18	2.26	1.81	2.92	-0.41	0.50	83	
6	19	23	-34.95	4.13	-16.12	-62.90	8.08	84	
6	19	28	24.82	9.04	8.25	29.69	-1.36	85	
6	19	33	3.13	3.36	0.63	-1.53	3.11	86	
6	19	38	17.15	36.38	-4.85	-41.16	-39.22	87	
6	19	43	-1.54	-34.76	-6.82	59.55	-7.47	88	
6	23	3	5.60	4.45	12.90	-6.33	6.89	89	
6	23	8	7.08	12.43	3.80	-1.76	3.81	90	
6	23	13	2.88	0.54	4.01	3.00	4.17	91	
6	23	18	1.69	1.75	2.49	-1.36	0.90	92	
6	23	23	-43.73	-20.57	-8.41	-71.37	1.67	93	
6	23	28	25.48	13.47	2.80	18.43	7.06	94	
6	23	33	16.86	45.12	10.76	-27.90	-51.47	95	
6	23	38	-17.76	-68.67	14.10	16.78	23.23	96	
6	23	43	11.43	26.90	-1.56	9.92	13.37	97	
6	27	3	4.05	6.64	4.72	-3.82	-0.21	98	
6	27	8	5.11	1.20	6.53	-3.33	-0.76	99	
6	27	13	3.40	0.66	-1.26	3.57	2.25	100	
6	27	18	5.03	5.81	3.58	-3.02	1.45	101	
6	27	23	-47.29	-17.62	12.78	-7.17	4.49	102	
6	27	28	10.09	15.66	5.02	-25.35	-58.90	103	
6	27	33	-12.18	-47.33	3.78	17.20	47.76	104	
6	27	38	12.79	29.26	1.55	18.42	22.41	105	
6	27	43	-0.48	0.02	1.39	-2.40	1.18	106	
6	31	3	3.05	1.96	2.24	0.25	-2.33	107	
6	31	8	3.62	5.15	4.94	0.24	-0.20	108	
6	31	13	3.66	2.05	1.44	-0.09	-2.08	109	
6	31	18	21.58	32.42	-0.31	-29.38	-24.46	110	
6	31	23	-24.25	-34.66	-13.66	9.98	-14.56	111	
6	31	28	1.99	3.01	-1.29	33.98	58.57	112	
6	31	33	3.97	10.72	-1.05	3.23	9.67	113	
6	31	38	3.45	2.19	1.40	0.62	-2.00	114	
6	31	43	3.42	2.37	3.20	-1.27	-2.57	115	
6	35	3	3.10	3.08	1.14	-4.34	0.51	116	
6	35	8	3.94	6.80	4.73	0.98	-5.14	117	
6	35	13	11.67	33.64	6.54	-23.08	-48.56	118	
6	35	18	-18.95	-66.81	3.88	-17.97	-33.12	119	
6	35	23	10.50	36.60	7.94	41.86	58.68	120	
6	35	28	5.33	8.49	6.41	-4.74	3.58	121	
6	35	33	4.06	4.11	3.57	-0.71	-0.24	122	
6	35	38	2.81	2.31	2.73	-1.08	2.62	123	
6	35	43	2.74	4.09	1.81	1.21	3.01	124	
6	39	3	13.23	24.21	0.80	-14.03	-10.75	125	
6	39	8	-9.31	-26.60	-19.78	-33.94	-76.49	126	
6	39	13	0.51	-43.77	-1.36	7.53	-16.13	127	
6	39	18	7.72	20.15	-2.51	51.54	58.35	128	
6	39	23	0.24	4.68	1.84	2.82	-0.28	129	
6	39	28	3.29	5.31	5.71	-1.85	-3.82	130	
6	39	33	3.19	3.01	5.83	1.04	-0.45	131	
6	39	38	1.93	2.27	3.19	-2.04	-2.90	132	
6	39	43	3.63	2.47	2.31	1.28	0.18	133	
6	43	3	15.24	-10.60	18.58	-29.56	16.28	134	
6	43	8	9.68	35.70	28.50	6.37	71.56	135	
6	43	13	1.02	41.79	20.75	18.33	56.27	136	
6	43	18	5.77	36.53	7.20	-11.53	-18.78	137	
6	43	23	-0.12	2.23	28.90	14.91	-26.56	138	
6	43	28	1.61	0.32	3.35	0.26	0.50	139	
6	43	33	3.66	2.36	1.18	2.58	0.10	140	
6	43	38	3.08	2.77	2.51	0.36	3.33	141	
6	43	43	4.55	3.43	3.94	-1.24	1.12	142	
