143
diam	c	r	EConv0	EConv1	EConv2	OConv0	OConv1
6	3	3	2.26	3.73	2.34	-2.82	-1.01	44	
6	3	8	5.74	21.64	-1.09	-10.13	-13.68	45	
6	3	13	-5.61	13.43	9.80	-6.44	-69.02	46	
6	3	18	-2.22	7.72	16.92	8.59	-67.83	47	
6	3	23	7.94	1.54	23.45	13.55	-15.24	48	
6	3	28	4.24	3.42	3.26	-1.03	0.43	49	
6	3	33	2.56	2.90	2.66	0.78	-0.26	50	
6	3	38	3.37	3.56	2.54	0.16	-0.45	51	
6	3	43	3.23	2.07	3.74	-0.05	-2.79	52	
6	7	3	4.75	5.70	1.20	-4.04	-0.04	53	
6	7	8	-0.12	6.03	-1.29	-61.35	-56.71	54	
6	7	13	-2.37	-13.64	-7.41	1.68	-21.09	55	
6	7	18	-4.62	-9.88	-19.31	5.03	-23.39	56	
6	7	23	-6.23	-9.48	5.48	68.19	-53.14	57	
6	7	28	3.03	3.35	4.05	-2.12	-0.98	58	
6	7	33	2.93	2.64	3.14	0.76	-0.61	59	
6	7	38	4.72	3.28	3.87	-0.24	-0.84	60	
6	7	43	2.22	2.77	2.15	1.69	-1.54	61	
6	11	3	21.51	10.69	5.41	-19.41	-4.81	62	
6	11	8	-18.10	-39.25	-11.49	-33.83	22.07	63	
6	11	13	2.72	-13.59	-20.00	1.49	39.48	64	
6	11	18	-1.01	4.08	-0.11	-1.28	2.57	65	
6	11	23	-26.83	5.81	-27.35	35.56	-13.44	66	
6	11	28	20.75	1.22	13.72	12.64	-5.23	67	
6	11	33	3.17	2.94	2.73	0.93	-0.58	68	
6	11	38	3.70	3.13	3.40	0.52	0.04	69	
6	11	43	2.50	3.71	0.88	-2.01	-0.36	70	
6	15	3	9.58	0.15	8.98	-10.98	6.80	71	
6	15	8	0.87	11.05	15.16	6.91	51.54	72	
6	15	13	12.40	16.99	18.68	-10.25	46.02	73	
6	15	18	-2.30	8.06	-19.24	-47.98	48.57	74	
6	15	23	-3.54	0.12	0.45	3.91	-3.02	75	
6	15	28	41.23	1.74	20.32	42.71	-6.33	76	
6	15	33	3.85	2.29	1.16	-1.95	1.37	77	
6	15	38	3.26	5.27	1.62	0.87	2.37	78	
6	15	43	-3.20	-1.18	6.45	-1.04	-0.88	79	
6	19	3	4.27	3.07	4.60	-2.83	4.51	80	
6	19	8	6.29	9.64	4.55	6.00	-0.95	81	
6	19	13	1.12	1.89	3.37	-4.92	-2.21	82	
6	19	18	24.74	3.29	31.13	-39.95	35.46	83	
6	19	23	-13.67	6.12	-16.18	-14.84	8.71	84	
6	19	28	47.20	6.40	21.51	82.08	-7.21	85	
6	19	33	4.36	10.94	3.85	-2.51	-0.52	86	
6	19	38	1.57	19.48	2.39	-28.62	-49.35	87	
6	19	43	12.52	-7.71	14.25	36.84	-13.51	88	
6	23	3	2.63	2.83	3.12	-0.22	-1.27	89	
6	23	8	2.76	3.88	3.45	0.17	1.48	90	
6	23	13	4.48	6.16	6.34	-3.78	2.79	91	
6	23	18	8.37	-0.91	9.25	1.73	1.85	92	
6	23	23	-28.63	1.94	-18.33	-59.09	21.73	93	
6	23	28	41.91	21.97	11.47	89.82	-13.82	94	
6	23	33	4.07	14.32	4.78	-29.06	-51.31	95	
6	23	38	-15.79	-23.32	-1.98	-24.72	-30.94	96	
6	23	43	29.20	14.83	2.98	48.99	10.70	97	
6	27	3	1.60	3.19	2.09	-1.14	0.13	98	
6	27	8	3.78	2.50	1.74	-2.78	-1.30	99	
6	27	13	2.34	-2.16	1.72	-1.92	2.46	100	
6	27	18	2.34	7.80	3.44	13.00	1.96	101	
6	27	23	-11.79	8.07	1.08	-97.17	12.90	102	
6	27	28	25.29	27.21	-15.85	27.19	-45.74	103	
6	27	33	-9.71	-22.87	-2.36	-12.10	-36.71	104	
6	27	38	-23.59	-24.39	4.04	34.05	15.64	105	
6	27	43	19.81	11.73	1.77	19.14	8.11	106	
6	31	3	2.73	2.67	3.02	-1.22	-0.25	107	
6	31	8	5.04	3.13	3.81	0.21	-0.44	108	
6	31	13	5.50	8.83	2.92	5.40	-1.40	109	
6	31	18	1.44	21.60	-1.30	-28.72	-46.77	110	
6	31	23	-6.02	-18.16	16.65	-52.66	-37.58	111	
6	31	28	6.48	-22.37	6.00	1.57	17.52	112	
6	31	33	5.43	-9.96	-1.62	25.05	68.66	113	
6	31	38	-4.17	14.85	-9.47	39.04	53.74	114	
6	31	43	9.96	7.27	1.25	2.60	0.10	115	
6	35	3	2.89	2.96	2.87	-1.03	0.42	116	
6	35	8	2.26	2.10	2.01	-0.45	0.39	117	
6	35	13	13.00	24.54	-6.07	-39.91	-35.24	118	
6	35	18	-6.22	-25.15	-4.14	-33.66	-36.45	119	
6	35	23	-10.88	-27.90	0.13	13.65	5.66	120	
6	35	28	9.08	9.07	1.46	46.33	51.92	121	
6	35	33	8.76	24.53	11.65	15.45	24.31	122	
6	35	38	3.60	14.49	9.97	0.35	9.03	123	
6	35	43	2.47	2.03	4.50	-0.15	-0.83	124	
6	39	3	2.90	3.24	3.11	-0.97	0.69	125	
6	39	8	2.44	3.07	3.05	0.34	0.50	126	
6	39	13	-11.22	-19.79	-8.03	-67.65	-0.30	127	
6	39	18	-1.50	-12.70	3.61	20.22	53.75	128	
6	39	23	-39.36	-1.52	-18.42	23.91	48.95	129	
6	39	28	8.65	19.03	4.54	5.39	10.56	130	
6	39	33	1.96	1.25	1.26	-1.82	-6.06	131	
6	39	38	4.25	1.16	1.27	0.13	-0.51	132	
6	39	43	2.54	3.60	1.32	1.23	0.21	133	
6	43	3	2.46	2.97	3.38	-1.19	-0.52	134	
6	43	8	2.26	3.44	2.83	-0.45	-1.28	135	
6	43	13	-10.00	-8.41	17.48	-14.90	38.09	136	
6	43	18	-3.72	14.74	3.69	16.27	33.25	137	
6	43	23	-14.80	11.60	3.37	-7.48	29.91	138	
6	43	28	-0.33	-0.22	7.68	3.49	-10.51	139	
6	43	33	3.06	3.06	3.46	1.05	4.60	140	
6	43	38	3.12	3.52	3.47	0.69	-0.80	141	
6	43	43	3.33	2.62	4.61	0.54	1.65	142	
