143
diam	c	r	EConv0	EConv1	EConv2	OConv0	OConv1
6	3	3	2.41	8.78	7.84	2.01	5.96	44	
6	3	8	2.18	2.56	7.90	-4.21	-0.82	45	
6	3	13	2.52	6.17	4.68	2.00	0.42	46	
6	3	18	1.28	2.72	5.90	-2.36	-0.93	47	
6	3	23	6.46	22.36	6.13	-3.46	-11.96	48	
6	3	28	-56.95	-43.43	-6.07	-21.43	-76.77	49	
6	3	33	9.03	11.00	6.16	-2.47	7.72	50	
6	3	38	2.26	15.06	4.65	-4.59	-8.87	51	
6	3	43	4.86	2.58	4.63	4.89	-3.53	52	
6	7	3	4.95	3.20	4.06	1.39	-0.42	53	
6	7	8	2.56	5.61	2.53	-2.89	-1.76	54	
6	7	13	-0.46	2.23	2.29	-0.35	-4.08	55	
6	7	18	3.04	6.39	3.02	-5.90	-1.42	56	
6	7	23	-0.98	-3.65	-1.95	-69.21	-62.20	57	
6	7	28	-20.44	-20.36	7.75	91.95	51.93	58	
6	7	33	3.13	-0.48	3.50	-0.72	-2.93	59	
6	7	38	-1.85	0.26	5.60	-14.50	4.82	60	
6	7	43	5.70	5.02	2.39	7.26	-1.56	61	
6	11	3	3.76	2.02	3.32	2.32	-2.95	62	
6	11	8	1.87	1.18	2.67	-3.89	0.79	63	
6	11	13	2.24	5.96	4.84	0.45	0.08	64	
6	11	18	11.83	26.92	0.54	-63.65	-70.52	65	
6	11	23	7.32	-41.26	4.47	25.72	42.07	66	
6	11	28	39.31	23.63	6.43	78.25	15.10	67	
6	11	33	5.39	2.30	3.68	4.39	1.77	68	
6	11	38	-3.29	-12.02	-4.52	-19.92	9.49	69	
6	11	43	5.22	5.63	12.09	6.23	-1.11	70	
6	15	3	2.89	3.69	1.52	3.40	0.17	71	
6	15	8	3.23	5.96	2.22	-5.99	-4.00	72	
6	15	13	20.22	36.31	-3.97	-54.25	-55.27	73	
6	15	18	-32.34	-71.61	6.37	30.10	26.37	74	
6	15	23	42.63	44.47	11.63	2.63	30.08	75	
6	15	28	38.32	20.40	9.33	57.79	7.35	76	
6	15	33	15.68	46.51	-0.70	-22.58	-35.05	77	
6	15	38	-9.09	-39.45	-13.73	-26.72	-93.09	78	
6	15	43	-30.22	-39.84	-18.46	67.01	-58.21	79	
6	19	3	4.41	4.20	2.62	-1.36	-5.73	80	
6	19	8	19.30	9.93	4.32	-10.30	-4.65	81	
6	19	13	-35.71	-74.78	-2.50	-14.16	-2.68	82	
6	19	18	22.95	48.09	-0.40	47.32	46.36	83	
6	19	23	24.04	8.71	9.98	-11.40	2.13	84	
6	19	28	33.32	50.96	4.76	13.17	-63.50	85	
6	19	33	-19.45	-85.75	-4.83	-10.49	-23.85	86	
6	19	38	0.32	31.84	-6.96	35.36	68.27	87	
6	19	43	-18.23	32.42	9.59	21.23	60.69	88	
6	23	3	3.42	2.16	1.26	-2.02	0.74	89	
6	23	8	15.65	-0.05	10.73	-11.31	4.18	90	
6	23	13	2.31	39.14	5.18	26.77	51.51	91	
6	23	18	6.25	5.20	1.28	-0.38	0.90	92	
6	23	23	25.02	41.06	6.21	-45.94	-66.81	93	
6	23	28	-20.06	-67.45	-3.78	22.70	24.77	94	
6	23	33	17.02	51.14	5.65	37.94	67.80	95	
6	23	38	-5.21	11.56	7.15	-6.89	-2.31	96	
6	23	43	3.26	1.18	2.50	0.08	-0.04	97	
6	27	3	4.28	1.30	5.99	1.46	0.65	98	
6	27	8	2.04	4.15	4.16	-1.50	0.45	99	
6	27	13	2.81	6.79	2.08	-4.13	-0.24	100	
6	27	18	25.00	50.63	-3.80	-51.84	-50.02	101	
6	27	23	-12.50	-78.45	3.08	11.68	23.78	102	
6	27	28	20.72	31.16	9.14	70.35	31.50	103	
6	27	33	2.20	1.38	0.28	1.08	0.72	104	
6	27	38	-1.10	2.81	9.42	-11.28	9.87	105	
6	27	43	6.02	4.24	3.39	3.60	0.06	106	
6	31	3	2.03	6.71	3.24	3.82	1.56	107	
6	31	8	-0.79	-0.30	1.97	-1.10	2.06	108	
6	31	13	12.34	44.16	0.21	-37.08	-48.42	109	
6	31	18	-29.42	-88.91	12.00	4.80	5.24	110	
6	31	23	41.77	55.36	4.92	17.46	36.33	111	
6	31	28	32.28	10.86	13.77	54.28	8.24	112	
6	31	33	2.27	4.08	2.59	1.48	-1.37	113	
6	31	38	-0.20	-3.01	5.44	-11.53	7.98	114	
6	31	43	4.31	3.86	1.72	2.29	0.65	115	
6	35	3	4.00	3.51	3.16	-0.76	0.15	116	
6	35	8	-0.95	2.06	2.44	4.59	-0.55	117	
6	35	13	-51.59	-72.15	-16.42	-46.83	26.61	118	
6	35	18	17.57	50.63	-0.83	34.77	49.73	119	
6	35	23	42.84	26.14	2.10	-43.43	-14.45	120	
6	35	28	40.85	22.19	4.59	50.66	6.48	121	
6	35	33	1.49	1.63	0.42	-2.60	-2.40	122	
6	35	38	-6.30	-17.82	-12.99	-18.27	1.80	123	
6	35	43	5.59	4.07	4.53	4.73	1.34	124	
6	39	3	4.35	3.25	3.69	2.06	-3.14	125	
6	39	8	-0.99	1.17	0.90	0.03	-0.02	126	
6	39	13	-4.63	16.95	12.15	1.64	26.06	127	
6	39	18	4.63	3.58	3.68	2.02	-0.62	128	
6	39	23	16.96	-19.83	13.86	-49.05	15.88	129	
6	39	28	20.63	14.08	0.93	17.06	6.98	130	
6	39	33	3.96	2.19	6.95	0.52	1.43	131	
6	39	38	-3.73	-0.89	-12.39	-18.66	-8.98	132	
6	39	43	4.81	1.50	0.85	6.03	-0.82	133	
6	43	3	2.02	3.99	1.82	1.06	2.45	134	
6	43	8	3.03	3.52	3.92	1.51	2.80	135	
6	43	13	2.10	2.20	3.79	-2.86	-1.52	136	
6	43	18	0.99	1.82	3.17	-0.07	0.39	137	
6	43	23	0.77	4.04	7.17	-1.48	2.39	138	
6	43	28	3.36	0.26	3.52	-0.53	-0.84	139	
6	43	33	4.63	4.72	2.59	2.92	-0.37	140	
6	43	38	-2.16	9.47	1.55	-17.98	-9.67	141	
6	43	43	5.62	6.65	3.26	1.63	0.04	142	
