143
diam	c	r	EConv0	EConv1	EConv2	OConv0	OConv1
6	3	3	3.49	4.25	2.97	1.21	0.47	44	
6	3	8	3.67	3.02	4.45	0.01	0.52	45	
6	3	13	3.99	3.96	2.37	0.63	3.13	46	
6	3	18	4.00	5.86	3.74	-1.05	-4.04	47	
6	3	23	4.76	2.79	0.89	-1.88	3.54	48	
6	3	28	-3.36	27.57	2.88	-15.51	-34.77	49	
6	3	33	4.89	-3.91	17.67	10.33	-15.08	50	
6	3	38	8.88	7.55	2.52	-8.76	-3.16	51	
6	3	43	-5.30	-1.98	3.28	12.70	-11.01	52	
6	7	3	3.55	3.54	3.92	-0.87	0.62	53	
6	7	8	3.47	4.05	3.90	1.70	-0.29	54	
6	7	13	6.80	4.84	3.07	-4.57	-1.65	55	
6	7	18	6.37	5.95	4.82	1.02	1.98	56	
6	7	23	15.78	33.94	3.88	-35.05	-43.77	57	
6	7	28	-25.26	-39.17	1.75	-7.58	-42.57	58	
6	7	33	22.23	11.74	1.85	37.61	13.91	59	
6	7	38	8.98	2.52	8.00	-12.94	-2.75	60	
6	7	43	-8.21	-0.62	-3.43	16.84	3.98	61	
6	11	3	4.48	6.78	4.28	0.03	-0.56	62	
6	11	8	1.42	-3.17	2.06	0.14	2.55	63	
6	11	13	7.63	14.58	3.37	-4.85	-4.23	64	
6	11	18	9.40	39.42	7.49	-45.10	-76.69	65	
6	11	23	-2.96	-58.81	11.09	-8.75	-26.06	66	
6	11	28	-17.78	4.50	-8.13	40.15	47.73	67	
6	11	33	15.43	14.75	2.13	11.76	2.68	68	
6	11	38	6.83	3.07	8.46	-1.43	4.98	69	
6	11	43	-3.89	6.04	-0.53	4.10	9.51	70	
6	15	3	4.44	2.35	4.48	-4.31	4.71	71	
6	15	8	10.45	37.59	-5.36	-21.26	-40.60	72	
6	15	13	3.21	-10.15	4.17	-43.50	-102.57	73	
6	15	18	-12.01	-68.39	-5.53	16.54	33.22	74	
6	15	23	17.30	40.34	0.18	40.01	62.98	75	
6	15	28	-24.40	-2.98	-1.38	4.84	2.75	76	
6	15	33	8.25	4.47	4.57	5.34	0.46	77	
6	15	38	9.67	25.08	4.04	-16.23	-24.64	78	
6	15	43	-5.06	-6.27	19.32	19.94	-31.21	79	
6	19	3	7.39	1.63	4.25	2.37	-3.52	80	
6	19	8	-2.38	-23.66	-9.39	-68.13	1.32	81	
6	19	13	-8.27	-25.62	-3.87	35.63	79.04	82	
6	19	18	10.88	35.95	1.19	27.52	47.09	83	
6	19	23	19.06	13.61	1.95	-24.76	-4.38	84	
6	19	28	-16.25	5.31	-1.49	26.70	-16.03	85	
6	19	33	4.62	23.83	7.99	-24.85	-66.25	86	
6	19	38	0.73	-25.57	3.14	-16.66	-40.40	87	
6	19	43	-9.73	-11.08	-19.21	56.82	7.26	88	
6	23	3	5.48	5.16	5.78	3.12	-1.29	89	
6	23	8	-1.46	1.50	23.07	-8.09	42.63	90	
6	23	13	9.56	33.20	12.86	9.26	25.93	91	
6	23	18	2.72	6.62	3.20	-3.29	-5.77	92	
6	23	23	15.79	16.92	13.46	-38.45	-25.44	93	
6	23	28	-0.72	-7.80	-6.73	-2.77	-3.62	94	
6	23	33	-5.98	-28.94	-5.82	-2.18	21.86	95	
6	23	38	5.27	4.27	-0.70	34.11	60.66	96	
6	23	43	-0.55	19.97	1.63	17.54	23.25	97	
6	27	3	2.32	0.58	2.33	-1.60	0.46	98	
6	27	8	4.19	3.12	-0.58	3.59	-9.67	99	
6	27	13	6.34	6.82	4.55	-1.45	-3.67	100	
6	27	18	4.80	16.83	3.12	-26.71	-35.51	101	
6	27	23	-4.50	-17.37	1.33	-18.33	-29.59	102	
6	27	28	0.92	-11.91	22.15	34.95	22.24	103	
6	27	33	4.18	31.73	13.21	10.43	44.40	104	
6	27	38	9.14	13.17	1.39	-5.59	0.41	105	
6	27	43	-0.58	-0.89	2.82	5.07	-5.12	106	
6	31	3	3.07	3.42	2.07	-0.88	0.37	107	
6	31	8	2.84	0.78	5.29	2.31	5.92	108	
6	31	13	9.77	21.11	-12.48	-40.70	-24.86	109	
6	31	18	-11.24	-41.18	5.45	6.27	-6.26	110	
6	31	23	13.88	7.83	-7.12	-11.69	57.49	111	
6	31	28	4.48	10.89	0.80	57.01	8.57	112	
6	31	33	2.52	0.98	5.96	-4.57	-1.16	113	
6	31	38	8.30	3.46	3.36	-5.09	2.62	114	
6	31	43	-2.02	2.30	-2.41	0.76	0.07	115	
6	35	3	3.13	3.83	3.65	-1.50	0.77	116	
6	35	8	3.55	5.11	0.98	3.03	-4.28	117	
6	35	13	-1.02	-24.85	15.04	-41.26	28.44	118	
6	35	18	6.60	29.82	-2.71	29.95	48.66	119	
6	35	23	17.82	8.65	11.97	-33.01	-4.25	120	
6	35	28	6.09	4.09	2.50	41.85	13.85	121	
6	35	33	-0.71	2.91	-0.77	1.55	3.02	122	
6	35	38	14.18	10.55	4.11	-16.58	-1.25	123	
6	35	43	-7.14	5.00	14.69	9.04	-23.76	124	
6	39	3	3.80	3.37	3.91	1.19	0.83	125	
6	39	8	3.93	4.61	4.39	-1.98	0.74	126	
6	39	13	3.73	7.98	4.18	4.24	-2.86	127	
6	39	18	0.40	-1.36	4.52	0.12	-3.64	128	
6	39	23	7.52	-2.91	4.97	-28.97	1.79	129	
6	39	28	6.91	3.53	-9.65	39.08	2.34	130	
6	39	33	-0.39	1.43	1.68	-3.57	-3.74	131	
6	39	38	23.73	7.43	10.58	-20.03	1.09	132	
6	39	43	-35.66	-17.10	-22.59	14.47	-25.12	133	
6	43	3	3.52	5.01	2.47	-1.89	-1.63	134	
6	43	8	3.25	1.86	4.28	1.08	-2.33	135	
6	43	13	4.32	5.16	5.56	-0.71	1.81	136	
6	43	18	2.81	3.71	-0.68	0.04	1.11	137	
6	43	23	4.30	5.25	11.44	-2.03	4.04	138	
6	43	28	6.93	15.83	7.14	7.58	3.44	139	
6	43	33	2.05	2.97	5.38	0.11	-0.57	140	
6	43	38	17.60	5.44	11.43	-13.49	-4.42	141	
6	43	43	-19.76	-1.47	-1.42	7.45	49.18	142	
