143
diam	c	r	EConv0	EConv1	EConv2	OConv0	OConv1
6	3	3	8.51	9.04	3.34	2.49	3.11	44	
6	3	8	5.87	3.37	4.03	-1.19	2.03	45	
6	3	13	1.84	1.39	1.11	-0.03	2.26	46	
6	3	18	3.34	3.27	1.95	0.20	-2.06	47	
6	3	23	1.95	0.32	4.62	-1.32	3.32	48	
6	3	28	3.44	13.69	6.45	-2.32	-1.57	49	
6	3	33	4.56	-0.61	7.99	3.34	-3.44	50	
6	3	38	0.89	0.49	0.05	-3.37	5.37	51	
6	3	43	4.61	4.28	3.14	2.19	-0.07	52	
6	7	3	2.85	2.95	2.51	3.13	1.50	53	
6	7	8	5.15	5.33	3.53	-2.52	0.70	54	
6	7	13	3.65	4.06	5.55	2.01	0.15	55	
6	7	18	2.50	3.23	2.70	-2.21	0.65	56	
6	7	23	4.58	4.33	3.35	-2.08	-4.25	57	
6	7	28	1.49	-4.10	-4.54	-39.07	-21.18	58	
6	7	33	21.65	0.04	10.32	37.83	-13.44	59	
6	7	38	3.13	2.85	5.51	-1.37	-5.56	60	
6	7	43	3.42	3.12	3.18	0.99	0.18	61	
6	11	3	3.01	3.50	2.70	1.33	-1.25	62	
6	11	8	3.50	2.23	3.47	-3.21	-1.84	63	
6	11	13	3.53	3.75	1.54	0.54	-1.24	64	
6	11	18	3.81	2.44	4.33	0.16	-1.06	65	
6	11	23	-1.35	0.60	1.20	-2.63	0.50	66	
6	11	28	-28.69	-5.81	0.27	1.99	1.82	67	
6	11	33	14.45	8.66	3.32	37.94	9.98	68	
6	11	38	4.01	5.56	3.56	-0.82	3.44	69	
6	11	43	4.52	3.58	3.82	3.27	1.20	70	
6	15	3	3.20	3.50	3.21	-0.24	0.08	71	
6	15	8	2.72	3.16	3.07	-0.69	-0.14	72	
6	15	13	3.94	2.89	3.72	-2.04	-0.04	73	
6	15	18	5.23	4.23	2.93	2.32	1.81	74	
6	15	23	1.05	4.50	2.08	-0.42	1.54	75	
6	15	28	-30.59	-7.74	-10.59	-14.45	-15.40	76	
6	15	33	13.87	12.46	3.14	16.60	2.69	77	
6	15	38	2.24	1.72	3.49	-0.23	2.09	78	
6	15	43	4.29	4.67	2.69	0.00	-0.57	79	
6	19	3	3.11	2.98	2.86	0.20	1.68	80	
6	19	8	2.95	3.46	3.05	-1.37	1.27	81	
6	19	13	3.02	3.45	3.03	-0.79	0.88	82	
6	19	18	1.74	1.96	3.37	-0.58	-3.24	83	
6	19	23	7.01	9.96	4.42	-6.99	-5.39	84	
6	19	28	-43.67	-25.18	11.83	15.56	5.77	85	
6	19	33	4.49	2.98	2.07	6.42	-2.01	86	
6	19	38	6.70	4.99	5.43	1.15	-3.64	87	
6	19	43	3.23	2.07	4.23	1.10	-2.42	88	
6	23	3	3.56	3.93	3.39	-0.16	-0.64	89	
6	23	8	3.00	4.06	3.37	-2.24	-2.25	90	
6	23	13	3.56	3.53	3.77	-1.30	-0.10	91	
6	23	18	3.96	8.84	2.04	-2.56	-1.91	92	
6	23	23	-3.31	-13.46	1.18	-27.94	-29.13	93	
6	23	28	-39.72	6.58	-19.46	45.84	-3.30	94	
6	23	33	3.97	27.46	6.59	-2.97	-12.50	95	
6	23	38	4.44	-0.65	22.15	10.58	-18.08	96	
6	23	43	2.10	2.78	2.14	3.35	0.53	97	
6	27	3	4.69	2.56	4.25	-1.67	0.62	98	
6	27	8	5.52	5.22	3.52	0.23	0.45	99	
6	27	13	8.11	11.71	0.71	-4.86	-4.63	100	
6	27	18	-0.13	-3.00	2.69	-34.31	-47.09	101	
6	27	23	1.56	2.88	-3.20	35.49	33.24	102	
6	27	28	-52.11	10.93	-38.72	-48.26	-10.08	103	
6	27	33	-3.48	-32.94	-5.61	-23.27	-63.93	104	
6	27	38	27.33	-10.04	2.03	84.55	1.58	105	
6	27	43	2.88	3.65	3.55	3.69	0.59	106	
6	31	3	4.88	5.16	4.64	-0.97	-0.26	107	
6	31	8	9.24	18.69	6.46	-6.81	-7.00	108	
6	31	13	0.44	-9.80	0.01	-37.61	-53.42	109	
6	31	18	-1.34	-6.26	4.36	42.56	42.06	110	
6	31	23	20.59	42.89	5.83	-26.69	-27.05	111	
6	31	28	-18.92	-57.41	14.69	-25.06	-5.18	112	
6	31	33	-12.19	-25.58	-22.76	27.31	70.08	113	
6	31	38	16.44	29.47	-6.40	23.97	16.99	114	
6	31	43	2.99	3.06	2.75	0.89	-0.24	115	
6	35	3	0.20	1.48	2.31	-1.40	-1.36	116	
6	35	8	-15.13	-21.58	-14.61	-51.31	-42.70	117	
6	35	13	-0.55	-4.86	1.25	38.21	53.86	118	
6	35	18	21.62	39.32	-9.71	-29.58	-16.02	119	
6	35	23	-11.86	-72.63	-0.73	0.84	8.81	120	
6	35	28	7.12	37.01	0.96	37.96	59.62	121	
6	35	33	3.21	15.32	9.00	0.55	6.44	122	
6	35	38	1.55	2.90	3.45	-1.88	2.56	123	
6	35	43	3.04	3.03	1.89	1.71	-1.08	124	
6	39	3	3.50	2.88	2.76	-0.74	0.63	125	
6	39	8	-16.67	7.82	17.28	-0.02	55.69	126	
6	39	13	6.86	11.64	4.44	1.03	7.22	127	
6	39	18	7.16	-20.83	21.77	-38.90	25.91	128	
6	39	23	12.05	35.26	-2.22	20.80	31.00	129	
6	39	28	4.42	1.61	1.15	-1.17	-2.75	130	
6	39	33	1.85	-0.05	2.51	0.34	-0.81	131	
6	39	38	5.05	5.12	4.16	0.11	-0.04	132	
6	39	43	3.46	4.27	4.37	0.28	-0.11	133	
6	43	3	4.46	4.03	4.22	1.26	1.42	134	
6	43	8	2.50	2.12	2.59	-1.23	-1.03	135	
6	43	13	2.69	2.60	2.73	0.19	-0.67	136	
6	43	18	1.72	3.13	3.00	0.28	3.28	137	
6	43	23	2.32	3.17	3.24	-3.62	0.41	138	
6	43	28	0.99	1.52	-1.42	-4.30	3.55	139	
6	43	33	1.04	23.77	17.92	2.23	-14.95	140	
6	43	38	2.85	-2.51	3.89	0.45	1.06	141	
6	43	43	3.17	2.67	1.53	-0.85	2.66	142	
