143
diam	c	r	EConv0	EConv1	EConv2	OConv0	OConv1
6	3	3	21.53	12.59	-5.98	-92.39	-26.28	44	
6	3	8	5.14	-10.24	6.67	18.33	0.37	45	
6	3	13	2.84	-8.51	2.17	45.38	62.66	46	
6	3	18	13.44	34.53	-0.71	18.49	20.36	47	
6	3	23	0.27	1.76	2.06	-55.40	-46.06	48	
6	3	28	-31.03	-14.32	-8.81	58.12	16.75	49	
6	3	33	7.33	4.36	5.96	2.27	0.42	50	
6	3	38	3.12	3.51	4.31	-1.60	-0.94	51	
6	3	43	6.46	4.78	4.93	4.46	-0.74	52	
6	7	3	-0.60	-25.39	9.75	-76.17	26.87	53	
6	7	8	-1.03	0.08	-1.88	42.56	69.16	54	
6	7	13	17.70	30.33	3.72	14.87	15.34	55	
6	7	18	10.68	19.36	2.81	-41.88	-34.40	56	
6	7	23	-23.19	-40.03	6.84	11.97	10.51	57	
6	7	28	-16.51	12.86	-6.83	34.06	22.14	58	
6	7	33	3.93	5.58	2.11	-2.44	-1.30	59	
6	7	38	3.17	3.61	4.33	0.32	0.00	60	
6	7	43	4.73	4.35	3.81	4.26	0.02	61	
6	11	3	5.87	6.70	25.98	-1.03	22.08	62	
6	11	8	-0.85	19.94	-0.76	6.57	12.76	63	
6	11	13	23.82	25.73	7.05	-30.64	-21.55	64	
6	11	18	-5.94	-31.63	8.32	-13.30	-22.53	65	
6	11	23	23.32	24.21	6.28	52.35	42.20	66	
6	11	28	-14.95	-4.69	2.50	18.56	4.28	67	
6	11	33	3.78	3.57	3.45	-5.35	1.93	68	
6	11	38	3.23	3.88	4.90	1.76	0.96	69	
6	11	43	3.96	4.55	3.37	2.44	0.26	70	
6	15	3	1.68	1.54	-1.67	1.24	-2.29	71	
6	15	8	6.71	24.59	1.04	-26.83	-28.62	72	
6	15	13	0.35	-15.73	3.96	-37.07	-48.87	73	
6	15	18	1.18	-8.93	11.48	56.94	42.68	74	
6	15	23	26.73	18.33	5.02	-0.82	4.06	75	
6	15	28	4.23	15.60	9.00	33.54	-10.51	76	
6	15	33	3.77	21.43	13.53	-14.95	-42.92	77	
6	15	38	14.90	2.47	11.97	9.59	-3.44	78	
6	15	43	4.26	5.66	3.69	-0.44	-0.04	79	
6	19	3	7.52	6.02	5.85	-1.15	2.09	80	
6	19	8	-19.50	-13.27	-9.68	-51.41	-32.79	81	
6	19	13	-10.09	-21.32	-1.08	15.60	29.29	82	
6	19	18	16.25	30.09	-4.98	29.83	25.39	83	
6	19	23	28.69	31.33	4.00	-41.32	-23.12	84	
6	19	28	9.83	3.08	-5.45	1.66	-54.18	85	
6	19	33	-13.37	-18.54	-10.45	-7.86	-40.73	86	
6	19	38	34.95	5.47	14.51	33.35	-2.75	87	
6	19	43	3.84	1.97	4.92	1.34	-1.18	88	
6	23	3	9.34	6.06	5.50	-2.97	-2.76	89	
6	23	8	-26.55	-23.11	-0.18	-24.31	46.77	90	
6	23	13	11.66	26.27	2.88	17.13	33.17	91	
6	23	18	17.03	25.23	7.88	-19.55	-28.37	92	
6	23	23	6.49	-11.85	13.75	-47.30	-52.59	93	
6	23	28	2.46	-7.28	-3.02	-1.93	0.81	94	
6	23	33	-8.87	-23.49	-1.74	19.16	40.23	95	
6	23	38	26.98	17.31	1.06	25.98	6.22	96	
6	23	43	3.80	4.60	3.60	1.99	0.65	97	
6	27	3	4.95	3.85	3.26	-4.55	0.98	98	
6	27	8	0.45	15.77	10.26	1.96	8.03	99	
6	27	13	18.76	32.15	8.30	-32.74	-24.42	100	
6	27	18	1.28	-15.64	0.32	-28.31	-52.14	101	
6	27	23	-7.85	-15.76	1.27	1.09	-2.07	102	
6	27	28	12.08	-2.38	9.98	30.82	67.63	103	
6	27	33	5.39	27.25	6.39	20.73	40.58	104	
6	27	38	6.05	7.16	3.58	0.48	0.41	105	
6	27	43	3.71	4.68	4.53	0.81	-5.21	106	
6	31	3	3.64	3.31	4.73	-3.94	-1.01	107	
6	31	8	14.08	28.18	-5.72	-36.71	-28.39	108	
6	31	13	2.64	-22.93	9.07	-21.02	-48.67	109	
6	31	18	-3.52	-9.75	1.36	4.55	7.44	110	
6	31	23	-27.54	-14.47	-7.81	32.66	38.59	111	
6	31	28	9.95	20.05	8.08	11.83	3.70	112	
6	31	33	4.60	6.08	3.84	-0.28	-3.44	113	
6	31	38	4.70	2.07	4.24	1.87	-2.07	114	
6	31	43	2.76	2.60	1.94	0.79	3.78	115	
6	35	3	3.46	3.73	5.10	-2.13	0.27	116	
6	35	8	6.27	-6.90	-7.07	-85.72	-6.24	117	
6	35	13	-1.54	-17.35	-2.19	18.71	9.96	118	
6	35	18	5.95	4.07	3.66	38.63	51.57	119	
6	35	23	-14.21	6.13	7.23	12.48	11.63	120	
6	35	28	2.95	1.51	-0.28	4.30	0.85	121	
6	35	33	2.94	0.41	3.10	0.31	3.72	122	
6	35	38	4.12	4.68	3.71	3.14	1.02	123	
6	35	43	3.42	5.73	5.76	-0.01	-1.00	124	
6	39	3	2.86	5.04	4.19	0.20	-2.98	125	
6	39	8	3.06	-8.06	22.71	-39.84	23.77	126	
6	39	13	-0.07	14.48	1.58	32.18	63.68	127	
6	39	18	14.46	24.71	-0.50	-7.40	7.37	128	
6	39	23	-4.04	-2.86	8.58	32.32	7.61	129	
6	39	28	2.72	5.02	2.95	1.56	1.26	130	
6	39	33	2.99	4.75	4.39	1.57	-3.54	131	
6	39	38	4.56	4.13	3.35	0.47	1.93	132	
6	39	43	1.00	3.30	1.89	-0.31	-1.94	133	
6	43	3	2.70	4.03	3.94	-3.95	-8.85	134	
6	43	8	-3.36	-0.21	6.73	-1.48	1.32	135	
6	43	13	5.75	11.43	5.12	-0.62	-6.46	136	
6	43	18	21.38	15.51	1.85	-43.65	-17.58	137	
6	43	23	21.14	8.40	4.60	46.98	-1.14	138	
6	43	28	5.99	6.50	8.09	0.35	-3.73	139	
6	43	33	1.71	5.07	5.04	1.28	-3.59	140	
6	43	38	4.14	4.83	7.23	1.82	-8.73	141	
6	43	43	3.16	4.02	4.95	-1.93	-1.08	142	
