143
diam	c	r	EConv0	EConv1	EConv2	OConv0	OConv1
6	3	3	-0.39	9.06	0.83	1.05	82.29	44	
6	3	8	-5.40	16.44	9.26	9.81	85.17	45	
6	3	13	-1.63	12.85	21.80	-8.25	72.12	46	
6	3	18	5.50	21.76	17.17	-0.11	83.73	47	
6	3	23	20.73	16.22	18.01	-7.15	80.53	48	
6	3	28	-54.08	-1.26	-2.61	5.28	13.65	49	
6	3	33	20.89	38.58	27.14	6.98	49.78	50	
6	3	38	4.23	17.91	25.55	-2.41	40.94	51	
6	3	43	3.77	34.07	22.13	7.01	43.33	52	
6	7	3	1.69	-4.72	-0.77	-1.92	-3.15	53	
6	7	8	3.60	1.93	2.47	0.66	-6.36	54	
6	7	13	5.31	1.16	-1.05	-0.69	-3.06	55	
6	7	18	2.78	-0.08	2.96	0.50	-7.73	56	
6	7	23	34.66	19.49	1.57	-14.76	-14.98	57	
6	7	28	-55.43	-41.53	0.43	22.50	9.35	58	
6	7	33	16.80	9.43	-2.82	6.98	1.60	59	
6	7	38	4.32	3.60	4.39	-0.32	1.29	60	
6	7	43	2.55	4.15	2.65	-0.33	-0.07	61	
6	11	3	3.57	3.14	1.74	-2.02	1.03	62	
6	11	8	1.08	2.69	1.53	-0.21	-0.25	63	
6	11	13	4.71	3.22	4.88	-0.94	-1.04	64	
6	11	18	0.78	0.83	4.09	6.45	7.13	65	
6	11	23	32.37	47.81	18.02	-81.17	-65.07	66	
6	11	28	11.22	7.39	4.28	90.57	69.54	67	
6	11	33	-2.35	-5.67	-0.53	-3.55	-4.09	68	
6	11	38	5.95	-3.87	-1.24	4.72	3.79	69	
6	11	43	-0.76	5.95	11.88	0.98	-1.27	70	
6	15	3	3.31	2.27	3.43	-2.27	-0.04	71	
6	15	8	2.36	3.04	2.17	-0.23	1.60	72	
6	15	13	3.17	0.72	5.12	6.52	4.54	73	
6	15	18	18.50	54.10	-10.74	-55.60	-57.11	74	
6	15	23	-15.05	-58.25	-16.03	-26.13	-1.84	75	
6	15	28	61.75	22.74	20.64	58.92	-5.85	76	
6	15	33	0.57	-1.10	5.43	7.14	10.78	77	
6	15	38	15.64	52.15	8.71	-60.52	-83.23	78	
6	15	43	6.51	-39.25	2.32	73.02	-20.75	79	
6	19	3	5.03	2.49	5.38	3.36	-3.88	80	
6	19	8	4.45	3.25	7.40	0.06	3.08	81	
6	19	13	27.92	46.09	-7.24	-23.98	-20.27	82	
6	19	18	-42.95	-81.79	11.41	-16.84	-14.28	83	
6	19	23	64.98	59.11	25.02	-47.46	58.26	84	
6	19	28	55.35	28.27	21.08	66.33	-5.68	85	
6	19	33	7.36	26.16	-8.99	-64.40	-95.54	86	
6	19	38	-27.12	-66.26	5.21	14.42	7.21	87	
6	19	43	32.34	45.23	-5.36	39.84	27.98	88	
6	23	3	3.65	8.03	4.50	-2.06	-0.92	89	
6	23	8	10.44	22.43	-6.76	-2.76	-2.26	90	
6	23	13	-12.72	-36.19	11.45	-69.41	-76.15	91	
6	23	18	22.40	35.45	3.24	83.34	60.71	92	
6	23	23	47.33	10.53	7.74	-83.83	-2.18	93	
6	23	28	26.86	1.47	-13.78	-4.72	-84.39	94	
6	23	33	-8.11	-71.97	6.28	31.85	58.45	95	
6	23	38	7.61	48.38	-0.22	55.11	81.44	96	
6	23	43	3.08	3.08	6.25	-6.31	1.69	97	
6	27	3	-3.50	-0.68	4.45	5.88	5.82	98	
6	27	8	3.47	7.23	-10.21	-90.77	-74.35	99	
6	27	13	-21.15	-34.53	8.49	83.26	67.89	100	
6	27	18	14.23	35.39	2.16	-4.63	2.20	101	
6	27	23	5.63	-0.70	25.44	-100.77	-81.57	102	
6	27	28	-2.96	-41.94	17.10	66.40	83.37	103	
6	27	33	13.43	51.83	-1.02	15.31	31.13	104	
6	27	38	-1.50	-3.81	0.32	-0.88	-3.40	105	
6	27	43	3.24	0.88	1.44	-0.83	-1.47	106	
6	31	3	11.04	5.82	3.32	0.50	-1.92	107	
6	31	8	-49.05	-65.41	-3.10	-0.75	56.68	108	
6	31	13	23.27	92.48	-10.34	-9.84	-7.48	109	
6	31	18	4.14	-22.97	13.55	-69.52	-99.20	110	
6	31	23	-6.57	-33.83	-27.26	-9.62	32.64	111	
6	31	28	51.63	37.10	9.61	70.10	8.40	112	
6	31	33	1.35	-1.59	4.12	-0.51	-5.08	113	
6	31	38	3.65	4.34	3.30	-0.54	0.04	114	
6	31	43	2.91	2.39	2.82	-0.58	-1.85	115	
6	35	3	3.16	4.45	2.77	2.45	1.43	116	
6	35	8	-5.17	31.89	11.55	12.09	13.10	117	
6	35	13	-37.51	-54.68	-9.57	-80.91	-48.63	118	
6	35	18	-14.25	-24.78	-8.25	60.05	88.85	119	
6	35	23	27.52	26.80	34.91	-47.73	54.62	120	
6	35	28	31.16	13.44	4.21	32.75	1.27	121	
6	35	33	2.77	6.25	4.00	0.41	-0.10	122	
6	35	38	3.23	2.62	4.11	-0.10	0.12	123	
6	35	43	3.55	3.89	3.00	-0.83	1.85	124	
6	39	3	2.42	2.55	3.44	0.52	-3.21	125	
6	39	8	9.21	2.23	6.12	-4.66	1.82	126	
6	39	13	-26.59	5.01	16.45	15.65	84.19	127	
6	39	18	2.69	21.21	3.15	1.95	8.04	128	
6	39	23	6.15	-0.78	5.42	-3.95	-2.53	129	
6	39	28	4.96	9.61	0.88	4.73	2.20	130	
6	39	33	3.73	2.88	4.46	-0.92	2.38	131	
6	39	38	3.37	4.09	2.48	-0.18	0.05	132	
6	39	43	3.49	1.73	4.47	-0.74	-1.21	133	
6	43	3	1.88	3.47	3.22	0.35	1.78	134	
6	43	8	4.13	5.02	0.28	-1.83	-2.03	135	
6	43	13	-0.10	-0.44	-1.64	3.69	-1.42	136	
6	43	18	2.32	2.39	3.30	1.21	-0.87	137	
6	43	23	3.32	2.11	3.00	-1.56	0.32	138	
6	43	28	2.70	1.55	1.78	-1.74	-1.31	139	
6	43	33	3.85	2.50	2.13	0.74	-4.10	140	
6	43	38	3.47	2.34	3.60	0.97	-1.12	141	
6	43	43	3.45	4.81	1.72	-1.82	-0.88	142	
