143
diam	c	r	EConv0	EConv1	EConv2	OConv0	OConv1
6	3	3	3.74	4.52	4.05	0.97	2.12	44	
6	3	8	3.06	4.07	4.01	-1.21	-1.31	45	
6	3	13	3.97	3.46	5.50	-0.46	0.09	46	
6	3	18	6.35	5.61	3.84	-0.89	-0.47	47	
6	3	23	17.93	18.24	0.70	-56.03	-34.50	48	
6	3	28	31.07	12.50	-2.71	20.56	7.27	49	
6	3	33	7.66	6.15	4.27	0.98	0.44	50	
6	3	38	7.09	5.70	5.61	1.96	-1.17	51	
6	3	43	3.52	3.46	2.55	-2.51	-1.29	52	
6	7	3	4.44	5.16	4.24	0.14	-0.17	53	
6	7	8	3.34	4.31	4.01	-1.49	1.44	54	
6	7	13	3.03	4.87	2.18	-0.24	-2.96	55	
6	7	18	3.35	7.25	6.14	3.27	1.44	56	
6	7	23	-48.79	-45.09	34.63	10.65	-2.18	57	
6	7	28	4.39	3.94	2.82	-3.17	-1.90	58	
6	7	33	5.74	2.60	5.74	4.66	-1.87	59	
6	7	38	4.45	3.12	2.19	-1.25	3.62	60	
6	7	43	5.85	6.09	3.95	-4.18	4.14	61	
6	11	3	3.55	4.55	3.92	-1.62	-0.85	62	
6	11	8	4.20	4.52	4.24	-1.24	0.28	63	
6	11	13	2.96	2.75	7.39	2.08	1.33	64	
6	11	18	30.16	38.76	5.21	-66.18	-55.30	65	
6	11	23	46.07	38.19	6.06	77.26	30.97	66	
6	11	28	4.01	4.43	5.37	-1.89	0.69	67	
6	11	33	4.06	5.83	6.32	2.95	1.75	68	
6	11	38	10.59	43.69	3.53	-12.07	-19.78	69	
6	11	43	-18.19	-41.29	16.07	37.24	-44.14	70	
6	15	3	3.84	4.23	5.54	-1.62	-1.77	71	
6	15	8	4.71	3.03	5.33	-0.75	-1.74	72	
6	15	13	32.78	44.71	0.57	-30.49	-15.60	73	
6	15	18	28.06	-11.58	6.17	-11.85	43.28	74	
6	15	23	48.51	13.07	17.05	53.83	-0.71	75	
6	15	28	5.10	-0.55	4.09	1.71	3.27	76	
6	15	33	23.17	68.44	2.55	-26.85	-32.27	77	
6	15	38	-7.41	-69.97	16.07	-16.81	-25.03	78	
6	15	43	35.88	48.80	-1.14	40.88	29.64	79	
6	19	3	4.50	3.78	4.80	-0.51	3.11	80	
6	19	8	3.59	56.44	8.72	-13.85	-56.70	81	
6	19	13	-28.93	-77.84	25.60	-13.65	-29.21	82	
6	19	18	60.18	33.27	17.37	-61.97	6.51	83	
6	19	23	48.82	18.28	12.21	38.39	11.86	84	
6	19	28	8.52	52.53	4.65	-36.18	-73.42	85	
6	19	33	-21.62	-80.32	11.50	-25.43	-6.26	86	
6	19	38	15.92	45.13	-9.05	48.38	65.31	87	
6	19	43	1.39	2.54	2.31	-2.12	-0.80	88	
6	23	3	3.43	3.38	3.28	-0.36	-1.47	89	
6	23	8	-28.09	-37.10	8.54	-54.79	62.23	90	
6	23	13	11.23	57.41	-7.69	40.96	51.15	91	
6	23	18	57.62	11.05	20.05	-61.31	8.36	92	
6	23	23	46.22	13.35	-8.15	12.25	-87.23	93	
6	23	28	-17.68	-71.85	-1.96	21.97	29.45	94	
6	23	33	15.30	53.83	-1.71	37.05	53.19	95	
6	23	38	4.97	-0.33	6.21	-1.99	-2.62	96	
6	23	43	4.27	3.02	3.86	-1.90	2.23	97	
6	27	3	5.16	4.62	4.72	0.06	-0.77	98	
6	27	8	4.22	7.25	5.19	-1.51	0.02	99	
6	27	13	4.54	-3.64	3.76	3.56	5.10	100	
6	27	18	24.77	24.08	20.06	-71.64	-67.14	101	
6	27	23	2.69	-36.47	2.98	41.67	64.36	102	
6	27	28	18.18	53.29	8.66	18.34	23.13	103	
6	27	33	4.38	2.14	7.15	-1.84	-4.62	104	
6	27	38	4.22	3.88	4.39	-0.59	1.39	105	
6	27	43	3.85	4.27	4.54	-1.00	2.13	106	
6	31	3	4.84	5.05	4.97	-0.27	0.82	107	
6	31	8	4.16	1.34	1.48	-1.49	2.34	108	
6	31	13	-6.67	26.74	-12.08	-42.79	-73.60	109	
6	31	18	11.04	-29.66	-17.78	-24.44	56.06	110	
6	31	23	45.81	30.07	15.36	26.83	4.53	111	
6	31	28	5.93	3.26	7.25	0.98	1.99	112	
6	31	33	7.15	8.78	5.42	1.21	2.92	113	
6	31	38	5.76	6.23	4.88	-0.10	-2.42	114	
6	31	43	4.22	2.87	5.49	2.24	-1.59	115	
6	35	3	3.03	5.97	4.75	-2.21	1.16	116	
6	35	8	20.99	49.10	10.37	-42.97	-57.51	117	
6	35	13	-7.59	-28.72	7.05	59.16	53.11	118	
6	35	18	60.11	23.10	27.23	-57.71	1.22	119	
6	35	23	48.10	10.04	16.04	35.39	-2.74	120	
6	35	28	4.88	-2.14	-1.26	0.19	7.89	121	
6	35	33	5.69	31.67	17.05	-2.21	-12.41	122	
6	35	38	6.90	7.65	16.11	0.56	-1.05	123	
6	35	43	6.14	7.18	6.46	2.06	-0.66	124	
6	39	3	31.86	16.50	1.50	-26.10	-9.02	125	
6	39	8	-9.03	-53.32	14.94	49.25	54.13	126	
6	39	13	13.32	20.72	5.07	2.39	4.33	127	
6	39	18	23.74	-6.48	22.27	-15.04	11.98	128	
6	39	23	39.49	57.43	26.21	28.10	-26.20	129	
6	39	28	-4.97	-11.70	-11.96	-54.95	-99.65	130	
6	39	33	-3.81	-41.18	-35.20	-9.91	-40.36	131	
6	39	38	45.93	-3.97	8.53	66.09	-6.15	132	
6	39	43	5.03	4.07	4.57	0.67	0.68	133	
6	43	3	12.78	-0.81	17.23	-13.00	8.72	134	
6	43	8	17.47	31.84	3.18	11.49	8.62	135	
6	43	13	6.36	7.97	1.31	3.24	6.22	136	
6	43	18	18.20	35.20	-0.68	-64.50	-76.39	137	
6	43	23	14.00	-21.11	-9.30	-2.03	-23.45	138	
6	43	28	-7.08	-52.93	-15.15	28.60	48.68	139	
6	43	33	5.51	13.69	9.34	30.36	85.70	140	
6	43	38	17.68	26.00	3.00	7.92	11.63	141	
6	43	43	3.56	3.17	3.81	-0.16	-0.38	142	
