143
diam	c	r	EConv0	EConv1	EConv2	OConv0	OConv1
6	3	3	-10.03	-49.55	-13.12	-4.28	-14.09	44	
6	3	8	3.88	-20.30	-0.63	23.84	69.63	45	
6	3	13	10.32	39.14	17.06	23.33	54.99	46	
6	3	18	8.27	16.56	4.25	6.79	7.65	47	
6	3	23	4.58	2.42	6.96	1.73	-2.31	48	
6	3	28	5.78	3.85	-0.50	-3.00	0.92	49	
6	3	33	0.67	3.95	12.47	3.39	-8.26	50	
6	3	38	2.98	3.53	3.99	-1.27	0.27	51	
6	3	43	2.94	3.09	3.67	-0.28	2.08	52	
6	7	3	1.07	31.69	10.42	18.08	53.03	53	
6	7	8	6.01	17.56	8.12	5.39	1.99	54	
6	7	13	1.75	2.32	4.81	-2.02	0.51	55	
6	7	18	2.72	4.68	1.46	-2.35	1.50	56	
6	7	23	5.79	14.52	5.58	-0.96	-4.37	57	
6	7	28	-1.26	-1.68	-1.95	-15.34	-45.12	58	
6	7	33	5.15	-1.65	-3.48	29.18	8.32	59	
6	7	38	3.90	3.17	1.24	-1.10	0.18	60	
6	7	43	3.93	4.82	3.24	-0.63	-1.81	61	
6	11	3	2.55	2.76	2.74	0.47	1.29	62	
6	11	8	4.16	5.11	4.13	0.67	1.41	63	
6	11	13	4.19	3.15	5.57	3.04	-0.10	64	
6	11	18	6.98	14.08	0.84	-9.25	-6.18	65	
6	11	23	-2.99	-18.34	-1.18	-9.08	-10.91	66	
6	11	28	-25.60	-8.31	-5.38	4.72	14.63	67	
6	11	33	3.14	9.83	1.32	3.26	2.49	68	
6	11	38	4.42	4.48	6.47	-5.06	-3.72	69	
6	11	43	4.72	2.84	4.37	-1.85	0.38	70	
6	15	3	3.20	3.17	3.49	0.43	-0.88	71	
6	15	8	2.51	2.06	2.47	-1.99	-1.52	72	
6	15	13	5.08	8.57	-0.85	-1.72	-4.04	73	
6	15	18	1.12	-13.71	8.57	-19.96	-12.46	74	
6	15	23	9.55	14.41	0.02	17.92	13.43	75	
6	15	28	-11.41	-3.23	9.56	8.25	10.19	76	
6	15	33	0.44	0.40	-1.15	3.11	1.20	77	
6	15	38	3.17	5.67	2.28	-1.49	1.52	78	
6	15	43	4.38	4.79	9.63	3.21	-4.12	79	
6	19	3	2.89	4.35	2.95	-0.60	0.54	80	
6	19	8	4.75	5.39	4.74	0.52	4.44	81	
6	19	13	-1.63	-2.73	1.13	-15.67	-19.03	82	
6	19	18	0.96	4.28	4.14	16.23	12.45	83	
6	19	23	22.79	14.55	4.84	-16.48	-0.84	84	
6	19	28	18.70	-5.76	12.16	43.03	1.56	85	
6	19	33	7.92	13.51	5.57	-3.55	-0.20	86	
6	19	38	12.79	28.98	9.91	-28.13	-41.48	87	
6	19	43	5.01	-20.93	13.63	48.12	-19.88	88	
6	23	3	3.40	4.70	6.09	1.37	-0.20	89	
6	23	8	2.06	2.38	-3.71	-16.92	-20.62	90	
6	23	13	-2.01	-6.43	3.84	12.45	20.26	91	
6	23	18	3.87	4.55	5.59	0.38	5.01	92	
6	23	23	34.47	13.32	9.07	-28.94	-3.51	93	
6	23	28	31.22	34.75	12.47	44.98	-32.54	94	
6	23	33	3.41	-7.56	2.27	-32.72	-54.85	95	
6	23	38	5.70	-43.88	-6.80	10.12	18.39	96	
6	23	43	18.89	22.05	-7.21	51.06	22.22	97	
6	27	3	5.90	0.72	-2.57	-12.57	-3.69	98	
6	27	8	1.26	-3.18	6.56	8.89	15.43	99	
6	27	13	3.19	4.28	-0.77	4.96	4.20	100	
6	27	18	3.79	16.45	4.82	-6.05	-8.14	101	
6	27	23	30.57	15.83	28.74	-25.86	-28.81	102	
6	27	28	1.63	-19.26	-2.12	19.67	-7.87	103	
6	27	33	-1.18	-7.87	1.61	27.93	52.81	104	
6	27	38	14.58	29.07	5.70	13.05	19.68	105	
6	27	43	3.47	9.54	3.05	5.70	3.03	106	
6	31	3	4.90	3.36	8.87	-3.60	0.99	107	
6	31	8	8.27	13.69	6.89	-0.42	0.56	108	
6	31	13	6.68	28.24	12.39	-14.43	-46.43	109	
6	31	18	-9.70	-34.31	-11.22	-14.04	-28.26	110	
6	31	23	9.52	-21.19	-8.90	7.10	27.68	111	
6	31	28	-11.44	2.89	-11.10	55.99	38.31	112	
6	31	33	-0.85	10.02	0.45	-1.86	-5.25	113	
6	31	38	13.32	27.25	1.93	-13.74	-12.90	114	
6	31	43	5.81	-0.75	23.62	13.08	-13.88	115	
6	35	3	4.25	13.84	-0.32	-12.17	-14.30	116	
6	35	8	-3.27	-15.22	-6.41	-16.14	-40.36	117	
6	35	13	-9.99	-30.73	-6.77	10.40	34.58	118	
6	35	18	4.27	21.90	6.51	12.58	40.06	119	
6	35	23	9.76	16.99	9.51	6.35	6.91	120	
6	35	28	-2.73	12.61	-1.37	6.61	6.95	121	
6	35	33	-1.93	1.31	1.24	-3.49	1.93	122	
6	35	38	12.63	-0.67	-11.52	-86.64	-26.43	123	
6	35	43	24.85	-7.70	-2.70	74.47	1.26	124	
6	39	3	-5.32	-11.51	-1.16	-25.73	13.72	125	
6	39	8	1.08	13.58	9.00	9.70	35.89	126	
6	39	13	2.40	14.57	4.16	10.07	8.81	127	
6	39	18	3.84	3.53	5.45	-4.80	-3.95	128	
6	39	23	4.34	4.57	4.64	2.50	-0.76	129	
6	39	28	3.30	2.69	4.28	-6.41	0.60	130	
6	39	33	7.14	5.36	5.88	-2.12	0.84	131	
6	39	38	3.42	-5.71	33.31	-34.21	30.93	132	
6	39	43	16.87	27.94	-1.23	24.95	9.18	133	
6	43	3	4.08	5.00	12.87	-1.31	2.58	134	
6	43	8	3.88	1.74	5.05	0.96	5.47	135	
6	43	13	0.32	3.96	3.52	2.93	-0.35	136	
6	43	18	2.54	3.00	3.60	-1.54	3.22	137	
6	43	23	2.08	4.37	3.87	2.66	-1.38	138	
6	43	28	5.69	3.75	4.30	-2.16	2.71	139	
6	43	33	5.88	3.51	5.52	-0.15	3.04	140	
6	43	38	1.38	5.55	-0.37	-6.80	4.40	141	
6	43	43	6.66	4.18	4.82	4.90	-0.95	142	
