143
diam	c	r	EConv0	EConv1	EConv2	OConv0	OConv1
6	3	3	4.96	3.07	3.67	-2.11	5.99	44	
6	3	8	2.96	3.32	2.66	-0.54	2.24	45	
6	3	13	4.16	3.10	1.89	1.81	0.27	46	
6	3	18	3.61	1.83	3.92	-2.55	2.29	47	
6	3	23	5.09	5.12	3.66	3.21	2.62	48	
6	3	28	1.15	1.13	3.52	-0.66	2.91	49	
6	3	33	3.97	6.97	4.77	0.67	1.10	50	
6	3	38	-0.90	5.24	9.83	0.42	-17.83	51	
6	3	43	3.22	1.54	1.89	-0.93	1.95	52	
6	7	3	5.66	4.20	2.89	-2.19	-0.67	53	
6	7	8	3.22	1.90	3.07	-0.25	2.82	54	
6	7	13	4.30	4.87	3.92	0.88	-0.46	55	
6	7	18	3.77	5.46	5.12	-1.16	-1.80	56	
6	7	23	4.03	2.43	4.74	2.39	0.82	57	
6	7	28	2.00	3.58	-0.04	-4.77	1.17	58	
6	7	33	9.57	10.95	-2.19	-21.91	-17.49	59	
6	7	38	4.55	-3.19	-4.52	30.39	13.45	60	
6	7	43	2.85	2.10	3.04	1.37	2.19	61	
6	11	3	0.91	0.96	4.86	-1.36	-1.46	62	
6	11	8	2.57	4.33	2.80	0.86	0.33	63	
6	11	13	2.87	2.58	3.47	-2.69	1.73	64	
6	11	18	1.62	0.97	1.49	-0.13	-1.08	65	
6	11	23	2.77	2.18	0.56	1.65	-4.64	66	
6	11	28	10.08	18.21	7.73	-0.66	-5.53	67	
6	11	33	-17.12	-24.47	10.58	-3.62	-5.54	68	
6	11	38	7.52	8.67	3.09	7.70	-0.60	69	
6	11	43	3.69	1.72	1.73	0.99	-0.29	70	
6	15	3	4.58	4.49	3.38	1.70	0.65	71	
6	15	8	4.51	3.42	3.58	-1.93	-1.42	72	
6	15	13	2.90	1.38	1.64	2.57	-2.03	73	
6	15	18	3.41	2.99	-1.03	-3.39	2.75	74	
6	15	23	5.33	16.07	5.95	-1.20	-11.86	75	
6	15	28	6.50	-16.34	1.10	-32.22	-25.74	76	
6	15	33	16.65	7.51	0.72	37.29	16.20	77	
6	15	38	5.98	23.35	7.50	-4.28	-7.00	78	
6	15	43	6.91	3.11	10.56	2.26	-7.84	79	
6	19	3	2.40	2.89	2.61	-1.26	-0.04	80	
6	19	8	2.03	1.80	1.76	-0.15	-0.56	81	
6	19	13	4.02	5.66	4.83	1.79	1.90	82	
6	19	18	7.34	21.52	3.99	-15.59	-21.71	83	
6	19	23	-11.04	-36.39	-0.75	0.90	-3.10	84	
6	19	28	14.43	18.18	8.03	-10.06	25.50	85	
6	19	33	25.76	38.53	0.61	-4.74	-11.65	86	
6	19	38	-21.33	-46.13	-6.73	-24.24	-43.39	87	
6	19	43	19.18	3.99	0.05	28.02	2.98	88	
6	23	3	3.30	2.77	3.11	-0.15	-1.70	89	
6	23	8	6.22	12.63	4.83	-1.76	-2.08	90	
6	23	13	-1.24	3.88	2.16	-16.59	-34.22	91	
6	23	18	-6.21	-28.67	-5.58	9.76	16.80	92	
6	23	23	8.51	24.93	8.14	10.62	16.70	93	
6	23	28	14.75	32.44	-0.33	-46.32	-27.91	94	
6	23	33	-9.50	-65.39	4.21	-2.88	-31.78	95	
6	23	38	9.86	35.58	11.85	29.42	60.03	96	
6	23	43	1.54	8.90	4.51	5.16	4.15	97	
6	27	3	4.23	3.69	3.21	-0.32	1.52	98	
6	27	8	11.58	-4.97	7.09	-16.80	6.85	99	
6	27	13	-1.20	10.46	3.73	17.56	32.61	100	
6	27	18	3.97	9.27	3.34	-0.66	-0.03	101	
6	27	23	15.10	46.07	7.90	-25.12	-37.98	102	
6	27	28	-10.41	-65.85	11.15	-8.13	1.44	103	
6	27	33	12.43	39.85	-4.23	38.43	47.82	104	
6	27	38	3.52	2.21	3.71	1.28	-0.80	105	
6	27	43	1.93	2.15	2.80	2.17	0.94	106	
6	31	3	3.84	1.95	2.02	-1.37	-0.35	107	
6	31	8	3.55	1.59	3.13	-0.10	1.35	108	
6	31	13	1.53	1.81	1.29	2.03	5.09	109	
6	31	18	11.63	37.82	6.10	-34.17	-45.75	110	
6	31	23	-16.48	-66.72	-0.21	3.56	11.00	111	
6	31	28	11.78	36.26	-2.74	33.37	30.17	112	
6	31	33	8.60	3.13	4.41	-0.62	-0.35	113	
6	31	38	1.31	-3.69	1.69	10.05	-6.21	114	
6	31	43	0.66	2.90	1.24	0.95	0.62	115	
6	35	3	1.37	2.06	0.61	-1.15	-0.36	116	
6	35	8	2.19	5.83	1.48	-3.23	-3.26	117	
6	35	13	6.65	19.82	-0.20	-36.51	-49.28	118	
6	35	18	-12.56	-58.94	-9.45	5.28	36.28	119	
6	35	23	13.89	33.19	5.31	24.27	23.24	120	
6	35	28	0.16	2.46	4.15	-2.52	6.53	121	
6	35	33	3.88	2.69	3.47	3.66	-1.05	122	
6	35	38	3.21	7.65	5.61	2.93	3.65	123	
6	35	43	3.42	3.47	3.56	-2.41	0.30	124	
6	39	3	1.49	0.49	3.14	-0.29	1.34	125	
6	39	8	7.20	9.77	-8.85	-36.05	-21.54	126	
6	39	13	-8.62	-15.52	4.34	30.56	39.54	127	
6	39	18	5.75	18.14	3.64	4.50	6.86	128	
6	39	23	1.35	2.51	1.63	2.45	1.33	129	
6	39	28	4.57	2.87	3.55	0.22	1.75	130	
6	39	33	2.92	4.03	0.58	-1.20	-1.88	131	
6	39	38	5.24	2.49	3.79	2.29	-1.96	132	
6	39	43	3.75	2.21	3.49	0.42	1.12	133	
6	43	3	4.09	4.62	3.68	1.16	-3.62	134	
6	43	8	-4.11	-2.62	12.72	-12.61	23.32	135	
6	43	13	4.45	10.82	0.34	6.01	6.25	136	
6	43	18	3.70	2.83	2.49	-1.19	0.76	137	
6	43	23	0.50	-0.15	2.48	7.38	-4.85	138	
6	43	28	2.02	2.12	1.00	-0.57	1.27	139	
6	43	33	3.60	2.49	3.74	-2.54	3.14	140	
6	43	38	3.61	5.12	2.61	2.61	-1.36	141	
6	43	43	3.35	5.23	3.77	-0.24	-2.93	142	
