143
diam	c	r	EConv0	EConv1	EConv2	OConv0	OConv1
6	3	3	3.84	3.09	2.51	-1.36	1.04	44	
6	3	8	2.91	3.11	2.42	1.25	2.86	45	
6	3	13	-0.91	53.12	13.74	-19.12	-57.87	46	
6	3	18	15.52	7.81	25.59	10.12	-17.53	47	
6	3	23	-20.39	-50.53	9.68	-35.06	-37.36	48	
6	3	28	22.28	54.53	-8.46	25.88	24.81	49	
6	3	33	-35.46	-51.50	41.30	-9.86	11.01	50	
6	3	38	14.68	21.80	-2.31	12.36	10.52	51	
6	3	43	4.56	5.67	3.84	4.59	-0.03	52	
6	7	3	4.90	4.59	5.12	1.26	0.52	53	
6	7	8	25.16	29.10	-1.92	-26.33	-14.96	54	
6	7	13	10.43	-30.22	10.28	-16.05	35.12	55	
6	7	18	54.12	29.79	8.74	12.50	-42.47	56	
6	7	23	15.34	30.40	0.79	56.55	44.62	57	
6	7	28	8.71	-10.37	-0.52	-63.34	-26.07	58	
6	7	33	26.97	40.71	-6.24	54.45	37.59	59	
6	7	38	2.52	0.97	3.05	-0.95	-0.14	60	
6	7	43	4.12	5.59	4.51	2.29	0.22	61	
6	11	3	4.49	3.35	1.88	-0.58	-1.19	62	
6	11	8	1.42	-7.84	4.34	-49.37	-10.85	63	
6	11	13	3.63	11.80	1.31	-57.99	-40.90	64	
6	11	18	15.26	-4.03	-1.13	59.31	62.50	65	
6	11	23	19.50	21.09	-5.43	1.85	-5.25	66	
6	11	28	-65.11	-44.01	-12.79	26.27	-45.69	67	
6	11	33	0.82	2.12	-0.24	2.20	-7.16	68	
6	11	38	3.99	4.03	3.72	-0.82	-0.60	69	
6	11	43	3.84	3.84	3.88	2.91	-0.21	70	
6	15	3	4.45	3.86	3.96	-0.43	-1.35	71	
6	15	8	1.64	11.65	-22.43	-93.05	-25.84	72	
6	15	13	-13.16	-33.22	7.01	62.17	70.09	73	
6	15	18	7.58	14.88	1.03	0.41	2.78	74	
6	15	23	30.61	31.20	-0.67	-74.05	-45.70	75	
6	15	28	-23.31	-14.90	-2.35	92.03	27.11	76	
6	15	33	0.42	11.15	2.99	-6.55	-4.12	77	
6	15	38	8.93	55.09	16.13	-33.88	-84.01	78	
6	15	43	23.31	-14.81	43.31	43.07	-35.51	79	
6	19	3	3.28	3.13	3.60	0.80	0.49	80	
6	19	8	-9.22	-20.95	37.42	-39.89	50.62	81	
6	19	13	13.57	29.57	-0.93	9.19	15.75	82	
6	19	18	15.33	32.13	-5.02	-23.63	-20.61	83	
6	19	23	-15.77	-71.58	15.65	-6.07	14.86	84	
6	19	28	28.73	39.58	7.72	71.33	16.56	85	
6	19	33	0.57	-13.83	3.18	-62.18	-77.67	86	
6	19	38	6.50	-34.28	-33.95	-7.29	34.04	87	
6	19	43	44.23	30.36	-6.48	70.20	24.07	88	
6	23	3	4.44	3.27	2.99	-0.82	2.03	89	
6	23	8	4.00	3.69	3.53	-0.84	3.10	90	
6	23	13	11.94	22.20	3.46	-8.73	-4.29	91	
6	23	18	-19.63	-64.57	17.57	-44.36	-40.63	92	
6	23	23	62.60	73.96	7.28	1.02	19.97	93	
6	23	28	6.37	-47.42	-22.95	10.91	-44.84	94	
6	23	33	6.30	19.91	-1.85	51.13	91.77	95	
6	23	38	5.49	6.82	33.82	-20.47	30.77	96	
6	23	43	11.10	11.05	1.68	7.38	5.48	97	
6	27	3	4.04	3.31	3.14	-1.13	-3.68	98	
6	27	8	10.27	21.25	2.18	-8.41	-16.24	99	
6	27	13	-10.65	-37.74	7.91	-57.64	-71.94	100	
6	27	18	32.61	63.70	3.78	46.12	49.95	101	
6	27	23	-14.35	-51.47	4.67	-55.43	-66.34	102	
6	27	28	23.80	41.57	15.67	71.93	56.78	103	
6	27	33	5.52	4.00	7.06	-8.22	-6.43	104	
6	27	38	-9.94	47.19	18.48	-7.89	-75.58	105	
6	27	43	12.82	0.33	32.44	12.98	-17.32	106	
6	31	3	4.66	7.01	2.17	-1.50	-2.20	107	
6	31	8	-12.08	-34.09	6.48	-62.17	-54.80	108	
6	31	13	15.13	47.72	-2.48	46.75	79.72	109	
6	31	18	-15.44	-40.81	0.45	-50.93	-72.70	110	
6	31	23	19.29	36.40	17.64	53.97	86.36	111	
6	31	28	4.67	14.99	-3.39	10.46	8.80	112	
6	31	33	4.77	3.22	7.02	-5.28	3.08	113	
6	31	38	-34.06	-44.05	-11.46	-28.38	92.68	114	
6	31	43	17.72	26.82	-15.54	28.51	22.90	115	
6	35	3	11.72	-1.02	8.25	-8.21	2.28	116	
6	35	8	-20.67	14.28	-7.79	37.59	76.09	117	
6	35	13	-4.27	-6.30	-2.30	-85.42	-77.08	118	
6	35	18	10.74	8.74	2.06	74.02	76.57	119	
6	35	23	4.56	9.26	3.87	3.19	-1.53	120	
6	35	28	3.38	2.33	1.61	-1.56	6.38	121	
6	35	33	1.68	0.72	1.55	-0.38	-2.68	122	
6	35	38	4.82	4.78	2.40	5.83	-0.39	123	
6	35	43	3.87	1.41	2.43	0.08	-0.83	124	
6	39	3	4.17	-25.12	-17.86	9.18	-40.46	125	
6	39	8	21.64	-28.36	-32.07	-19.35	-28.29	126	
6	39	13	-37.37	-60.58	-36.83	12.85	39.00	127	
6	39	18	16.96	-3.55	-24.89	4.72	-32.71	128	
6	39	23	2.16	-16.42	-20.80	0.72	-39.49	129	
6	39	28	6.20	-15.32	-10.93	-3.81	-48.10	130	
6	39	33	1.09	-21.38	-15.89	5.41	-38.35	131	
6	39	38	7.04	-8.94	-11.06	-0.87	-45.42	132	
6	39	43	6.46	-11.30	-13.41	6.38	-43.03	133	
6	43	3	1.72	13.58	9.92	2.45	15.48	134	
6	43	8	3.86	8.59	12.46	1.67	3.62	135	
6	43	13	5.97	28.11	24.91	1.80	19.19	136	
6	43	18	16.97	22.20	5.15	-25.87	1.55	137	
6	43	23	20.41	9.76	29.40	17.57	6.56	138	
6	43	28	0.03	18.25	14.97	1.65	19.18	139	
6	43	33	4.60	18.54	17.62	-1.00	13.35	140	
6	43	38	2.35	17.37	16.89	0.17	15.44	141	
6	43	43	5.01	19.39	20.13	1.14	14.84	142	
