143
diam	c	r	EConv0	EConv1	EConv2	OConv0	OConv1
6	3	3	-29.60	-4.24	-3.79	14.45	8.83	44	
6	3	8	6.60	3.32	6.61	0.55	1.01	45	
6	3	13	3.00	2.69	2.87	-2.32	1.45	46	
6	3	18	3.76	3.14	2.97	1.75	1.23	47	
6	3	23	4.38	4.60	4.90	0.26	0.46	48	
6	3	28	2.51	4.89	1.03	-1.27	0.17	49	
6	3	33	3.10	2.58	4.69	-1.04	0.36	50	
6	3	38	3.83	3.49	3.75	-0.09	1.26	51	
6	3	43	3.97	4.05	3.52	0.79	0.38	52	
6	7	3	-23.32	-6.25	1.90	23.93	-1.94	53	
6	7	8	3.78	6.05	3.34	1.76	-0.73	54	
6	7	13	4.08	5.21	5.26	-1.77	0.05	55	
6	7	18	3.37	4.82	4.87	2.04	0.07	56	
6	7	23	2.70	2.66	2.89	-1.69	-0.10	57	
6	7	28	1.16	11.90	8.21	-5.03	-13.35	58	
6	7	33	4.58	3.93	6.70	0.12	-1.82	59	
6	7	38	4.32	3.86	3.99	-0.25	-0.89	60	
6	7	43	3.97	3.52	4.05	0.79	-0.38	61	
6	11	3	-20.35	-4.05	-8.38	31.83	5.29	62	
6	11	8	2.90	3.23	3.94	-1.40	-1.99	63	
6	11	13	5.86	1.83	2.97	-1.32	1.77	64	
6	11	18	5.98	5.73	1.26	0.26	0.14	65	
6	11	23	4.59	18.76	9.22	-6.97	-25.36	66	
6	11	28	-18.23	-10.99	-3.94	-14.42	-33.75	67	
6	11	33	13.25	3.50	4.57	13.75	-3.26	68	
6	11	38	2.92	4.56	3.14	-1.10	-2.95	69	
6	11	43	4.38	4.35	4.02	1.11	-2.31	70	
6	15	3	-9.73	1.52	3.29	23.14	10.29	71	
6	15	8	2.58	3.64	4.00	0.87	1.12	72	
6	15	13	5.70	15.36	0.44	-6.93	-12.44	73	
6	15	18	5.53	7.47	6.24	-21.31	-43.43	74	
6	15	23	-0.81	-21.04	-7.50	-6.31	-12.43	75	
6	15	28	-8.87	-11.27	-2.27	24.80	30.05	76	
6	15	33	7.00	9.03	6.24	4.17	4.19	77	
6	15	38	3.91	4.77	4.14	-1.68	5.29	78	
6	15	43	4.10	5.04	4.62	-0.71	0.20	79	
6	19	3	1.37	1.27	1.91	32.18	-0.25	80	
6	19	8	4.61	9.03	0.77	-6.08	-5.32	81	
6	19	13	-0.17	-1.21	3.26	-30.96	-40.62	82	
6	19	18	-1.64	-21.25	3.31	18.13	15.53	83	
6	19	23	3.19	15.82	4.21	-2.79	20.14	84	
6	19	28	10.52	14.06	10.61	21.16	12.19	85	
6	19	33	2.52	10.77	4.90	-2.16	-1.70	86	
6	19	38	4.33	8.61	13.67	2.24	-8.15	87	
6	19	43	2.81	4.73	5.00	-1.35	2.14	88	
6	23	3	1.91	2.48	4.20	28.85	0.99	89	
6	23	8	12.96	1.96	5.97	-14.07	4.46	90	
6	23	13	-12.85	-20.79	-7.17	-1.52	35.32	91	
6	23	18	12.23	20.64	0.83	20.82	23.79	92	
6	23	23	-11.96	8.15	2.09	-21.04	-23.78	93	
6	23	28	8.49	24.52	12.48	3.46	-45.32	94	
6	23	33	-0.29	2.18	8.60	-14.16	-57.56	95	
6	23	38	-6.49	-7.52	-8.89	9.09	-55.75	96	
6	23	43	11.36	-3.56	14.67	22.92	-14.56	97	
6	27	3	3.82	6.85	-0.07	25.11	6.43	98	
6	27	8	3.62	4.31	7.08	-1.32	-1.60	99	
6	27	13	3.40	16.78	11.14	0.09	10.81	100	
6	27	18	15.42	15.16	7.58	-10.48	-10.62	101	
6	27	23	-16.87	-11.84	-1.02	-24.71	-13.70	102	
6	27	28	-0.52	-19.13	-4.34	3.42	11.06	103	
6	27	33	-3.44	-16.91	-5.97	17.42	52.56	104	
6	27	38	-0.82	1.99	-3.67	-4.13	63.98	105	
6	27	43	11.40	13.02	-7.46	24.79	14.31	106	
6	31	3	9.39	3.73	7.64	21.71	-2.58	107	
6	31	8	4.92	5.19	5.46	0.92	1.81	108	
6	31	13	7.44	13.55	4.13	-9.24	-13.72	109	
6	31	18	10.57	8.45	6.79	-31.42	-45.78	110	
6	31	23	-9.93	-16.57	7.22	20.50	8.85	111	
6	31	28	7.05	19.05	13.17	22.51	36.65	112	
6	31	33	3.50	19.12	6.36	-0.58	7.43	113	
6	31	38	4.33	3.01	8.48	0.85	-4.25	114	
6	31	43	3.20	5.24	4.09	-0.47	1.20	115	
6	35	3	15.52	7.15	8.34	24.99	4.32	116	
6	35	8	8.59	7.93	2.81	-2.46	-1.74	117	
6	35	13	4.51	9.32	4.67	-36.23	-31.52	118	
6	35	18	5.90	-22.17	-3.14	3.91	26.63	119	
6	35	23	-12.44	10.57	-19.98	18.92	-8.01	120	
6	35	28	19.06	7.54	20.05	15.34	-9.30	121	
6	35	33	5.01	4.73	4.35	0.81	1.49	122	
6	35	38	4.08	4.89	3.65	-0.37	1.65	123	
6	35	43	4.16	3.85	3.20	-1.83	-0.62	124	
6	39	3	19.14	6.88	7.04	30.59	-3.72	125	
6	39	8	19.24	6.50	3.43	-16.65	-3.38	126	
6	39	13	-13.91	-31.37	-3.21	5.15	24.68	127	
6	39	18	20.81	25.10	17.28	16.44	24.94	128	
6	39	23	-3.19	-0.11	11.46	-18.65	56.75	129	
6	39	28	10.99	11.51	-4.44	23.92	10.26	130	
6	39	33	3.18	4.61	3.87	-0.70	0.39	131	
6	39	38	3.89	3.46	3.44	0.33	-0.02	132	
6	39	43	3.80	3.40	4.56	-0.53	1.18	133	
6	43	3	14.24	7.51	3.43	23.16	3.28	134	
6	43	8	9.55	4.31	10.73	-3.13	4.90	135	
6	43	13	0.01	17.49	3.29	7.73	20.64	136	
6	43	18	3.35	2.34	1.73	3.24	1.30	137	
6	43	23	6.12	5.65	2.79	-0.12	-3.88	138	
6	43	28	4.28	4.42	4.59	1.35	3.26	139	
6	43	33	4.93	4.01	3.51	1.83	0.55	140	
6	43	38	3.89	3.80	4.01	-0.45	-0.62	141	
6	43	43	4.00	4.13	4.53	1.16	0.41	142	
