143
diam	c	r	EConv0	EConv1	EConv2	OConv0	OConv1
6	3	3	3.95	4.22	2.83	3.61	0.13	44	
6	3	8	0.28	-0.34	0.26	-1.61	0.43	45	
6	3	13	3.50	3.74	2.72	2.05	-0.73	46	
6	3	18	3.01	1.14	4.48	-2.08	-0.02	47	
6	3	23	3.29	3.23	1.49	1.28	-4.10	48	
6	3	28	3.25	-0.43	2.23	1.37	0.69	49	
6	3	33	1.76	3.53	6.20	4.40	-0.52	50	
6	3	38	1.69	3.88	2.87	-2.62	-0.15	51	
6	3	43	3.48	4.11	3.19	-1.51	-0.64	52	
6	7	3	5.62	4.26	3.02	0.19	0.07	53	
6	7	8	5.47	4.78	5.65	1.55	0.52	54	
6	7	13	2.20	3.43	2.67	-0.90	-1.09	55	
6	7	18	0.52	2.72	1.45	0.61	-1.47	56	
6	7	23	6.78	33.55	14.74	-12.32	-15.63	57	
6	7	28	3.57	7.47	7.12	-3.83	-6.38	58	
6	7	33	-2.84	-4.89	-0.73	9.95	-0.25	59	
6	7	38	2.41	2.09	1.41	-0.37	4.74	60	
6	7	43	5.82	3.73	3.69	-3.27	5.21	61	
6	11	3	5.14	4.22	3.98	0.22	0.19	62	
6	11	8	3.04	4.39	2.55	2.33	-1.72	63	
6	11	13	2.47	3.16	4.74	-2.28	0.90	64	
6	11	18	3.75	1.91	6.85	5.81	9.39	65	
6	11	23	-37.33	-47.36	-16.35	-59.19	-51.99	66	
6	11	28	35.19	-20.09	27.47	67.23	-7.61	67	
6	11	33	1.82	52.41	-1.16	-11.84	-20.55	68	
6	11	38	-10.03	3.83	5.48	-29.83	-100.58	69	
6	11	43	35.33	-8.08	26.57	33.14	-12.95	70	
6	15	3	1.37	2.63	2.68	-0.14	-0.18	71	
6	15	8	1.64	4.22	2.44	-2.75	1.16	72	
6	15	13	0.68	-3.27	2.89	0.96	2.04	73	
6	15	18	42.10	52.71	-13.79	-53.22	-38.21	74	
6	15	23	23.29	-9.41	23.38	75.42	58.71	75	
6	15	28	6.52	46.47	0.45	72.91	-58.17	76	
6	15	33	-22.45	-55.73	9.24	-59.81	-56.84	77	
6	15	38	5.22	-30.92	4.25	53.39	95.06	78	
6	15	43	14.39	30.34	-10.40	20.89	11.06	79	
6	19	3	3.80	2.80	3.82	0.33	0.98	80	
6	19	8	2.46	-0.87	5.94	-0.21	-0.43	81	
6	19	13	3.87	30.43	1.75	1.66	-8.46	82	
6	19	18	-44.84	-59.61	14.12	-71.76	-35.46	83	
6	19	23	72.16	74.08	-7.64	4.74	6.29	84	
6	19	28	-4.67	-4.17	-6.91	-1.54	-9.45	85	
6	19	33	-12.11	-26.31	-1.04	82.50	76.55	86	
6	19	38	4.10	24.80	-3.70	1.93	-1.05	87	
6	19	43	1.90	-2.13	3.56	-4.70	-0.62	88	
6	23	3	3.71	3.79	3.77	3.17	0.33	89	
6	23	8	-3.32	-0.69	-0.40	2.04	4.48	90	
6	23	13	-29.03	-21.58	-8.06	-75.51	-69.25	91	
6	23	18	-9.55	1.84	5.93	77.03	32.34	92	
6	23	23	-1.55	-30.56	15.65	-63.38	-81.36	93	
6	23	28	-25.62	-48.43	9.95	49.01	39.78	94	
6	23	33	22.57	41.98	-5.60	18.29	13.24	95	
6	23	38	-1.17	-1.23	2.09	1.24	0.70	96	
6	23	43	2.67	2.43	2.24	-1.18	1.42	97	
6	27	3	3.44	5.42	1.83	-1.05	-2.01	98	
6	27	8	17.54	11.90	-0.92	-9.58	-10.56	99	
6	27	13	-30.30	-27.55	3.18	7.84	8.50	100	
6	27	18	31.68	28.53	-8.21	-30.29	-49.28	101	
6	27	23	10.84	-1.86	-6.00	3.03	9.28	102	
6	27	28	38.55	26.37	15.09	104.62	37.07	103	
6	27	33	-0.92	-5.04	3.99	-1.58	-6.67	104	
6	27	38	-0.61	1.38	2.69	-0.03	-2.82	105	
6	27	43	4.49	2.97	3.10	-0.89	-1.20	106	
6	31	3	3.50	-0.70	3.20	-4.27	1.70	107	
6	31	8	-2.16	-4.16	10.32	11.45	7.10	108	
6	31	13	4.93	71.32	-6.58	-57.15	31.56	109	
6	31	18	-19.48	-51.79	15.98	15.41	12.24	110	
6	31	23	48.84	27.02	23.84	-13.27	91.82	111	
6	31	28	49.49	30.85	-9.58	39.55	16.07	112	
6	31	33	2.31	1.31	3.47	1.70	1.30	113	
6	31	38	-0.93	3.48	0.50	-0.56	1.55	114	
6	31	43	5.89	4.85	6.45	-0.23	0.18	115	
6	35	3	4.67	4.85	3.00	0.49	-0.50	116	
6	35	8	10.97	12.79	-1.65	-0.12	-5.61	117	
6	35	13	-31.07	-54.42	-1.29	-49.20	-41.55	118	
6	35	18	13.26	21.16	-6.84	93.01	69.21	119	
6	35	23	1.71	-3.73	2.36	0.13	-11.64	120	
6	35	28	4.11	3.91	1.82	2.75	-6.87	121	
6	35	33	3.00	5.00	2.89	3.23	1.19	122	
6	35	38	2.92	3.32	3.24	0.02	-3.25	123	
6	35	43	3.30	3.10	0.78	-0.59	-2.81	124	
6	39	3	4.27	2.99	3.97	3.14	-0.82	125	
6	39	8	13.15	7.42	10.52	-5.36	0.94	126	
6	39	13	-28.20	-3.91	-10.31	22.59	105.72	127	
6	39	18	13.27	25.02	-0.26	-2.41	-4.34	128	
6	39	23	1.87	-1.91	5.68	4.19	-2.73	129	
6	39	28	3.72	1.57	5.22	0.93	6.63	130	
6	39	33	0.60	2.42	3.13	3.53	4.84	131	
6	39	38	-0.27	4.54	-0.23	-3.62	1.36	132	
6	39	43	3.37	3.66	4.03	-2.43	0.76	133	
6	43	3	2.18	4.17	2.04	-0.08	-1.54	134	
6	43	8	1.64	0.26	4.22	1.96	6.54	135	
6	43	13	10.70	4.94	1.80	0.60	-5.72	136	
6	43	18	3.33	-1.31	7.53	-7.65	2.77	137	
6	43	23	0.27	4.30	1.10	3.20	1.70	138	
6	43	28	1.50	13.75	-0.29	2.71	-10.87	139	
6	43	33	-22.88	-20.98	-15.22	-28.18	-78.75	140	
6	43	38	30.02	-3.79	37.83	23.29	-19.30	141	
6	43	43	4.25	2.60	5.93	1.21	-2.85	142	
