143
diam	c	r	EConv0	EConv1	EConv2	OConv0	OConv1
6	3	3	3.27	5.47	2.28	0.12	1.79	44	
6	3	8	19.92	0.61	17.84	-29.63	8.05	45	
6	3	13	-7.54	-22.71	-16.28	-1.02	26.22	46	
6	3	18	7.28	15.31	-3.88	37.72	33.17	47	
6	3	23	3.33	4.83	3.53	4.89	4.82	48	
6	3	28	4.31	4.28	2.38	-0.51	0.92	49	
6	3	33	-18.11	-11.11	-5.77	-31.06	-18.44	50	
6	3	38	8.27	5.01	1.11	13.65	2.77	51	
6	3	43	1.02	2.59	1.94	-1.38	-0.54	52	
6	7	3	3.80	3.52	5.20	-3.02	1.07	53	
6	7	8	2.95	-0.32	4.70	-3.52	5.27	54	
6	7	13	0.88	11.49	9.48	4.08	16.97	55	
6	7	18	4.07	5.91	4.03	2.97	4.80	56	
6	7	23	2.90	4.56	2.12	0.66	-0.60	57	
6	7	28	10.34	25.26	3.50	-16.97	-20.25	58	
6	7	33	-20.16	-21.23	12.12	24.41	11.08	59	
6	7	38	1.03	3.85	1.66	3.96	1.61	60	
6	7	43	2.33	2.47	4.05	0.48	3.03	61	
6	11	3	3.27	1.72	4.23	0.31	-0.56	62	
6	11	8	2.64	1.79	4.42	-2.03	1.62	63	
6	11	13	0.88	0.97	0.95	0.95	6.80	64	
6	11	18	3.22	2.33	0.60	-0.38	0.92	65	
6	11	23	7.20	10.42	-1.01	-5.69	-10.96	66	
6	11	28	-8.01	-17.83	6.98	-31.37	-24.55	67	
6	11	33	17.05	11.80	5.36	40.59	7.42	68	
6	11	38	2.46	5.19	2.62	0.69	0.38	69	
6	11	43	4.89	4.20	6.45	4.46	-3.26	70	
6	15	3	2.39	2.09	2.36	4.31	-2.61	71	
6	15	8	1.12	2.22	5.22	2.32	1.24	72	
6	15	13	3.59	4.88	2.20	0.11	0.30	73	
6	15	18	2.07	2.78	2.99	-2.29	-1.31	74	
6	15	23	5.80	5.56	4.99	-32.26	-16.52	75	
6	15	28	23.89	17.89	4.62	1.34	33.26	76	
6	15	33	17.77	18.17	8.09	31.43	-24.13	77	
6	15	38	-6.66	3.58	2.74	-20.19	-64.68	78	
6	15	43	11.77	-6.50	10.84	25.17	-16.12	79	
6	19	3	1.14	2.82	1.76	3.39	0.72	80	
6	19	8	1.61	3.78	1.84	1.98	-2.30	81	
6	19	13	2.15	4.66	3.94	-1.54	-6.54	82	
6	19	18	9.17	20.32	7.41	-19.24	-27.72	83	
6	19	23	0.93	-10.47	10.22	16.72	26.78	84	
6	19	28	18.58	15.31	5.51	-40.43	-13.25	85	
6	19	33	6.56	-25.44	0.14	19.39	18.03	86	
6	19	38	-2.48	5.80	5.40	10.56	62.35	87	
6	19	43	7.71	14.86	-3.93	11.19	12.92	88	
6	23	3	2.44	4.16	3.33	0.35	5.03	89	
6	23	8	3.00	7.17	-0.83	-6.88	-2.45	90	
6	23	13	4.10	14.71	1.26	-20.52	-34.97	91	
6	23	18	-11.35	-31.44	-0.94	27.29	19.79	92	
6	23	23	6.13	20.95	-5.70	-23.49	-33.31	93	
6	23	28	6.88	-27.09	-2.88	-10.76	4.02	94	
6	23	33	19.13	12.32	6.90	38.03	20.89	95	
6	23	38	4.78	3.35	1.44	2.36	5.89	96	
6	23	43	4.17	3.42	2.84	-0.15	4.15	97	
6	27	3	3.77	3.69	3.16	0.85	-0.19	98	
6	27	8	10.44	3.35	2.55	-24.07	-7.07	99	
6	27	13	-7.41	-15.03	-1.42	12.28	34.77	100	
6	27	18	4.38	16.60	-2.45	-15.95	-31.56	101	
6	27	23	0.66	-17.94	7.32	24.14	30.11	102	
6	27	28	30.53	30.33	6.15	-29.49	11.32	103	
6	27	33	26.41	9.12	8.86	29.95	2.91	104	
6	27	38	3.06	4.62	3.19	-0.84	0.24	105	
6	27	43	2.38	2.94	3.57	-0.46	-0.65	106	
6	31	3	4.17	5.13	3.99	-0.22	-1.45	107	
6	31	8	4.00	5.79	7.94	-10.94	6.42	108	
6	31	13	5.72	7.96	4.90	-25.05	-31.95	109	
6	31	18	-0.19	-5.24	4.94	27.53	34.47	110	
6	31	23	4.85	11.74	2.50	5.78	5.96	111	
6	31	28	19.86	-3.85	12.54	-31.31	7.63	112	
6	31	33	20.75	13.27	-0.08	18.20	4.61	113	
6	31	38	1.28	1.31	1.74	1.08	-2.90	114	
6	31	43	1.32	1.41	2.44	-0.02	0.79	115	
6	35	3	3.95	0.79	3.16	-0.99	2.78	116	
6	35	8	10.47	-0.45	2.38	-12.82	1.62	117	
6	35	13	-4.28	2.60	1.30	17.83	38.37	118	
6	35	18	4.70	10.48	2.16	3.94	4.76	119	
6	35	23	3.25	3.47	2.96	-1.08	1.11	120	
6	35	28	4.26	2.20	7.81	-2.54	4.34	121	
6	35	33	5.10	4.74	3.63	1.01	-1.97	122	
6	35	38	1.68	16.15	15.40	-1.67	-15.35	123	
6	35	43	3.72	2.63	3.96	2.12	0.73	124	
6	39	3	2.37	2.87	2.89	2.31	-2.08	125	
6	39	8	1.56	2.20	4.22	-3.50	4.41	126	
6	39	13	1.52	4.64	0.94	2.11	-0.49	127	
6	39	18	1.47	2.68	1.36	-0.59	-4.69	128	
6	39	23	1.90	1.32	5.22	4.76	-2.41	129	
6	39	28	3.60	3.77	2.15	0.07	0.26	130	
6	39	33	7.80	14.20	-3.19	-15.33	-12.07	131	
6	39	38	-18.98	-13.90	-15.71	5.49	-9.97	132	
6	39	43	7.33	3.66	6.60	7.35	-0.49	133	
6	43	3	2.50	6.31	2.29	-1.71	0.30	134	
6	43	8	4.38	2.87	4.37	-1.78	0.04	135	
6	43	13	1.82	2.94	2.92	-1.83	1.54	136	
6	43	18	0.78	1.83	3.91	-0.54	2.72	137	
6	43	23	2.41	4.04	0.98	2.28	2.32	138	
6	43	28	7.21	6.43	2.68	-1.32	-3.61	139	
6	43	33	-16.07	-21.87	9.22	-3.39	-9.30	140	
6	43	38	-5.90	16.24	5.22	-32.59	1.72	141	
6	43	43	10.75	5.58	4.89	7.87	1.40	142	
