143
diam	c	r	EConv0	EConv1	EConv2	OConv0	OConv1
6	3	3	5.95	3.77	5.64	1.67	0.50	44	
6	3	8	5.00	4.20	3.56	2.04	-0.87	45	
6	3	13	1.03	1.09	6.65	-1.79	1.11	46	
6	3	18	15.13	51.94	3.68	-29.21	-41.81	47	
6	3	23	-9.57	-61.28	-3.13	-35.42	-75.28	48	
6	3	28	5.17	-1.17	6.93	56.63	93.16	49	
6	3	33	6.73	23.26	3.26	13.40	12.91	50	
6	3	38	6.74	35.50	0.55	-16.87	-32.35	51	
6	3	43	-33.09	-15.83	-9.97	-7.55	-90.19	52	
6	7	3	4.03	4.02	2.92	-1.78	-1.51	53	
6	7	8	6.54	6.15	2.35	1.87	-0.99	54	
6	7	13	15.16	50.29	8.58	-47.54	-82.47	55	
6	7	18	-15.63	-98.84	-3.64	5.29	3.96	56	
6	7	23	6.47	49.37	12.48	41.82	77.01	57	
6	7	28	2.91	7.64	3.26	2.60	3.40	58	
6	7	33	1.29	3.24	3.67	1.42	3.40	59	
6	7	38	-34.62	-29.47	-9.21	-44.59	-29.38	60	
6	7	43	-9.06	-3.80	-7.22	22.16	63.63	61	
6	11	3	3.12	4.49	4.35	0.64	-0.84	62	
6	11	8	-12.73	-12.75	-44.10	-78.44	-67.81	63	
6	11	13	-8.20	-54.32	-3.17	42.78	76.94	64	
6	11	18	14.89	44.29	1.25	22.80	41.25	65	
6	11	23	10.53	38.63	-1.14	-13.70	-21.78	66	
6	11	28	10.68	-8.26	27.51	19.65	-18.72	67	
6	11	33	5.85	5.62	-0.04	-5.42	-0.42	68	
6	11	38	-16.14	43.74	15.79	-3.54	41.76	69	
6	11	43	-27.90	-61.70	7.53	-37.07	-49.71	70	
6	15	3	1.70	1.23	2.16	2.70	-1.48	71	
6	15	8	-21.21	4.11	38.54	-9.80	60.15	72	
6	15	13	4.06	21.05	5.84	5.35	12.72	73	
6	15	18	9.98	15.10	1.22	-11.23	-5.33	74	
6	15	23	-22.38	-52.08	-1.87	-62.45	-50.61	75	
6	15	28	32.74	65.33	13.03	29.95	-28.86	76	
6	15	33	7.07	17.56	6.70	-51.59	-99.27	77	
6	15	38	-12.30	-75.83	-8.94	-11.81	-44.72	78	
6	15	43	23.79	44.22	1.08	56.44	61.16	79	
6	19	3	5.15	4.66	3.22	0.82	0.88	80	
6	19	8	3.41	4.85	4.45	3.23	1.90	81	
6	19	13	6.75	18.82	3.63	-5.48	-11.38	82	
6	19	18	-10.96	-31.47	5.33	-52.71	-79.05	83	
6	19	23	60.64	35.47	18.17	2.27	71.33	84	
6	19	28	-5.56	-30.13	-31.77	-15.20	-19.24	85	
6	19	33	-8.21	-58.03	-8.30	27.46	46.56	86	
6	19	38	8.18	43.39	2.33	43.63	79.56	87	
6	19	43	4.01	4.53	2.99	0.36	0.31	88	
6	23	3	5.27	5.55	3.56	-1.86	-2.16	89	
6	23	8	9.17	40.51	10.63	-10.73	-29.21	90	
6	23	13	-10.28	-47.77	3.52	-42.88	-71.71	91	
6	23	18	0.30	15.13	-3.33	63.13	76.48	92	
6	23	23	5.46	2.27	8.10	1.13	-0.93	93	
6	23	28	-6.00	27.72	45.71	-10.37	66.06	94	
6	23	33	2.91	37.99	6.04	15.04	30.23	95	
6	23	38	2.55	1.51	3.72	0.70	0.54	96	
6	23	43	2.34	2.85	2.32	0.30	2.89	97	
6	27	3	8.73	4.44	6.49	-1.29	5.50	98	
6	27	8	-34.69	-81.50	-35.24	-36.21	4.31	99	
6	27	13	2.90	34.26	-4.85	54.43	80.59	100	
6	27	18	3.85	11.48	3.82	1.45	4.97	101	
6	27	23	0.07	2.06	4.01	-0.97	2.16	102	
6	27	28	6.50	13.03	0.49	-6.94	-1.47	103	
6	27	33	-9.53	0.74	30.64	14.04	-37.54	104	
6	27	38	2.45	4.22	1.35	1.29	1.67	105	
6	27	43	3.43	2.52	3.31	0.82	-0.71	106	
6	31	3	4.69	3.67	2.40	-1.05	-0.02	107	
6	31	8	-61.47	-3.79	-11.32	-6.34	-21.09	108	
6	31	13	0.85	4.26	0.46	0.81	0.53	109	
6	31	18	3.32	2.95	3.92	-6.35	-1.10	110	
6	31	23	1.72	4.38	3.08	2.51	-0.40	111	
6	31	28	35.03	36.78	-5.52	-65.32	-35.22	112	
6	31	33	-10.98	-22.83	-10.24	104.20	9.88	113	
6	31	38	-1.15	0.56	3.73	-1.41	-2.68	114	
6	31	43	2.71	4.19	3.47	1.20	-3.00	115	
6	35	3	3.16	3.66	0.68	-0.69	-4.48	116	
6	35	8	-70.10	-24.42	0.97	32.12	4.58	117	
6	35	13	0.96	1.47	4.68	-0.95	-2.82	118	
6	35	18	4.37	6.10	4.09	-3.00	-1.73	119	
6	35	23	2.95	5.61	0.52	-1.74	-3.59	120	
6	35	28	-40.01	-47.21	17.14	-74.04	-32.98	121	
6	35	33	19.49	45.30	-7.61	33.60	34.19	122	
6	35	38	2.44	4.70	1.11	-2.04	-2.69	123	
6	35	43	3.76	33.88	16.22	-4.62	-25.50	124	
6	39	3	6.91	3.73	2.43	-5.23	2.29	125	
6	39	8	-52.95	-15.99	-3.40	70.06	0.77	126	
6	39	13	1.07	3.04	1.75	-0.05	0.56	127	
6	39	18	3.42	7.76	3.88	-1.89	-1.87	128	
6	39	23	7.39	26.74	5.57	-61.56	-81.38	129	
6	39	28	-32.73	-35.64	12.00	91.43	27.52	130	
6	39	33	4.83	4.33	3.58	-7.54	-2.23	131	
6	39	38	7.59	47.44	8.56	-39.65	-72.18	132	
6	39	43	-25.92	-76.14	-11.65	-17.89	-48.24	133	
6	43	3	14.47	8.57	9.91	-8.36	0.37	134	
6	43	8	-27.32	6.28	-37.43	44.72	48.35	135	
6	43	13	3.82	20.98	2.19	-10.18	-11.14	136	
6	43	18	4.26	18.56	6.47	-61.60	-94.72	137	
6	43	23	6.45	-38.45	-0.22	38.75	62.63	138	
6	43	28	17.25	33.56	1.99	94.89	-2.62	139	
6	43	33	2.85	16.97	3.23	-52.74	-95.22	140	
6	43	38	-18.62	-86.88	-10.52	13.72	30.31	141	
6	43	43	6.27	44.23	-2.13	51.90	80.56	142	
