143
diam	c	r	EConv0	EConv1	EConv2	OConv0	OConv1
6	3	3	3.51	5.14	5.14	-0.00	7.54	44	
6	3	8	4.22	5.72	5.65	-1.05	7.78	45	
6	3	13	2.88	4.70	3.41	0.87	7.33	46	
6	3	18	2.33	4.54	5.35	2.89	4.91	47	
6	3	23	2.39	4.76	4.18	-3.08	4.78	48	
6	3	28	3.73	6.23	5.55	-0.23	4.28	49	
6	3	33	4.97	6.35	6.21	-1.26	2.00	50	
6	3	38	-5.15	39.75	20.81	-6.45	-37.18	51	
6	3	43	0.00	12.94	35.64	0.37	-19.33	52	
6	7	3	4.40	4.64	4.60	-0.06	1.96	53	
6	7	8	2.70	3.74	2.32	0.19	0.45	54	
6	7	13	3.82	1.70	3.84	-0.36	3.53	55	
6	7	18	2.73	2.73	1.19	0.79	2.69	56	
6	7	23	3.24	9.41	7.95	-1.35	-3.58	57	
6	7	28	1.61	9.13	14.94	-0.34	-12.08	58	
6	7	33	5.43	-0.31	3.35	-1.82	3.78	59	
6	7	38	-0.26	-44.22	-39.98	-65.92	66.28	60	
6	7	43	-6.91	-29.99	-17.69	98.28	-3.50	61	
6	11	3	3.46	4.24	3.81	-0.37	-0.34	62	
6	11	8	4.06	2.50	4.39	-0.97	3.71	63	
6	11	13	4.36	3.45	0.82	-1.03	-0.56	64	
6	11	18	8.53	6.31	4.86	-3.65	-2.73	65	
6	11	23	1.07	10.56	-6.16	-53.49	-78.87	66	
6	11	28	5.91	-37.87	-6.53	71.93	-3.13	67	
6	11	33	3.75	10.25	-0.79	-6.17	-6.44	68	
6	11	38	3.48	-19.24	15.54	-42.19	-38.64	69	
6	11	43	11.10	34.64	-7.58	32.05	39.05	70	
6	15	3	2.84	2.47	3.89	1.08	-0.24	71	
6	15	8	4.18	4.94	4.07	0.67	-1.38	72	
6	15	13	0.99	5.54	4.88	-1.89	-2.92	73	
6	15	18	24.45	33.51	2.15	-36.39	-27.16	74	
6	15	23	-31.05	-25.11	-6.23	0.67	-7.77	75	
6	15	28	21.18	53.28	17.43	37.33	-67.34	76	
6	15	33	-0.02	-28.95	7.71	-23.84	-67.96	77	
6	15	38	8.71	6.53	-2.61	43.16	45.55	78	
6	15	43	0.80	2.71	4.30	-6.50	-1.11	79	
6	19	3	4.56	5.51	3.62	0.35	0.69	80	
6	19	8	3.55	2.82	5.05	1.81	-2.36	81	
6	19	13	21.72	30.93	-6.01	-27.84	-11.75	82	
6	19	18	-18.27	-78.05	3.49	-11.46	-20.11	83	
6	19	23	8.98	1.94	5.75	-14.04	102.07	84	
6	19	28	-5.86	-15.12	-20.42	6.28	93.24	85	
6	19	33	7.93	42.65	11.73	33.48	61.58	86	
6	19	38	4.53	5.31	5.51	-0.41	1.97	87	
6	19	43	-0.08	3.39	-2.22	-7.86	-0.84	88	
6	23	3	4.50	3.63	4.18	-0.78	0.04	89	
6	23	8	2.68	8.88	2.69	1.36	-1.10	90	
6	23	13	14.20	-10.81	26.84	-27.87	10.78	91	
6	23	18	6.67	36.29	7.24	25.45	44.74	92	
6	23	23	5.02	5.25	8.26	2.24	2.23	93	
6	23	28	3.01	4.69	4.76	-2.05	4.00	94	
6	23	33	0.01	0.93	1.75	4.19	1.31	95	
6	23	38	1.86	4.40	4.05	0.23	-0.09	96	
6	23	43	-0.71	4.52	0.87	-13.92	0.44	97	
6	27	3	2.83	3.09	4.52	0.61	-0.27	98	
6	27	8	21.75	17.11	-23.19	-68.04	-24.23	99	
6	27	13	28.39	-14.89	27.59	62.00	-19.97	100	
6	27	18	2.31	5.87	2.10	-0.45	1.59	101	
6	27	23	4.62	6.37	4.47	0.34	-0.77	102	
6	27	28	3.70	3.25	4.59	0.25	-1.52	103	
6	27	33	2.74	4.13	3.34	1.02	-1.92	104	
6	27	38	2.06	3.38	2.22	0.61	-0.83	105	
6	27	43	-2.49	-3.12	1.52	-13.89	-1.68	106	
6	31	3	1.95	3.90	1.36	2.62	-0.55	107	
6	31	8	43.27	11.06	22.14	-77.55	13.09	108	
6	31	13	32.76	9.37	17.36	94.61	-13.22	109	
6	31	18	2.56	3.99	2.58	-2.89	1.97	110	
6	31	23	4.86	3.71	4.24	-1.62	1.21	111	
6	31	28	4.01	4.26	3.74	2.95	0.40	112	
6	31	33	4.10	4.37	4.18	-0.64	-1.37	113	
6	31	38	5.45	4.25	5.19	0.12	-0.31	114	
6	31	43	-0.61	2.67	3.31	-6.31	-0.10	115	
6	35	3	1.83	3.18	4.72	0.74	0.48	116	
6	35	8	50.15	23.15	10.85	-81.10	-11.84	117	
6	35	13	24.13	18.12	14.42	106.86	-19.21	118	
6	35	18	3.90	3.59	4.79	-4.07	-0.90	119	
6	35	23	4.57	5.05	4.81	-1.83	-3.10	120	
6	35	28	4.01	5.16	5.23	1.31	-2.41	121	
6	35	33	2.64	5.06	5.16	-0.20	-2.90	122	
6	35	38	4.51	5.25	4.40	-0.13	-4.25	123	
6	35	43	0.13	3.38	3.90	-6.64	-1.71	124	
6	39	3	2.83	-0.82	1.84	1.54	-1.68	125	
6	39	8	31.49	7.63	10.21	-91.96	-19.89	126	
6	39	13	2.11	-12.31	-20.85	93.96	29.42	127	
6	39	18	3.41	4.31	2.44	-2.32	-5.24	128	
6	39	23	3.86	1.10	2.79	-4.30	-3.16	129	
6	39	28	4.50	2.18	1.29	2.31	-0.57	130	
6	39	33	1.40	-0.77	-1.52	-1.66	2.72	131	
6	39	38	4.97	3.71	4.14	0.25	-1.02	132	
6	39	43	-0.22	-1.28	-0.79	-6.05	-0.26	133	
6	43	3	4.89	4.77	1.56	0.32	2.24	134	
6	43	8	-1.91	-16.99	28.30	-26.72	41.91	135	
6	43	13	11.61	39.14	0.66	19.38	23.08	136	
6	43	18	3.54	3.01	5.79	-1.38	3.03	137	
6	43	23	4.26	4.79	4.97	0.09	3.74	138	
6	43	28	3.79	3.58	4.81	1.98	5.97	139	
6	43	33	4.27	3.97	4.33	-2.16	3.26	140	
6	43	38	3.49	2.85	3.23	0.35	4.86	141	
6	43	43	0.26	5.48	2.92	-4.80	1.03	142	
