143
diam	c	r	EConv0	EConv1	EConv2	OConv0	OConv1
6	3	3	1.95	0.29	0.38	-2.32	-1.01	44	
6	3	8	5.19	4.32	4.79	-2.28	-0.43	45	
6	3	13	3.90	3.40	3.20	-1.72	-0.06	46	
6	3	18	5.54	4.45	3.36	-0.14	-0.65	47	
6	3	23	3.01	2.23	4.48	1.46	0.73	48	
6	3	28	5.56	4.96	2.66	-1.19	0.16	49	
6	3	33	4.27	3.58	4.39	1.80	0.50	50	
6	3	38	5.46	7.46	3.17	-2.11	-3.78	51	
6	3	43	3.48	-0.35	6.41	3.05	-2.96	52	
6	7	3	4.74	2.99	4.16	-0.32	0.11	53	
6	7	8	2.42	0.62	3.15	-0.08	-1.26	54	
6	7	13	4.66	5.48	3.76	-1.76	1.92	55	
6	7	18	4.20	3.42	5.58	-0.60	-0.15	56	
6	7	23	3.43	5.90	1.60	0.15	-1.48	57	
6	7	28	4.68	1.03	5.20	-1.14	-3.81	58	
6	7	33	10.69	28.37	-1.80	-14.15	-17.94	59	
6	7	38	-6.66	33.84	3.35	-40.41	-118.12	60	
6	7	43	7.53	-17.96	50.00	61.38	-60.64	61	
6	11	3	4.81	3.48	3.09	0.69	-1.01	62	
6	11	8	2.96	3.91	3.06	1.64	1.61	63	
6	11	13	4.43	2.57	3.43	-3.49	-0.70	64	
6	11	18	4.88	3.16	2.08	-1.01	-0.42	65	
6	11	23	3.25	3.48	3.04	1.47	-1.26	66	
6	11	28	5.46	1.07	4.31	2.71	1.75	67	
6	11	33	5.29	2.26	-27.94	-106.51	-56.12	68	
6	11	38	-5.61	-22.94	1.17	-4.55	-10.24	69	
6	11	43	11.35	-0.36	-15.28	130.59	23.71	70	
6	15	3	3.57	3.34	3.94	1.49	-0.43	71	
6	15	8	3.36	3.74	4.55	-0.80	-0.34	72	
6	15	13	4.74	5.11	4.99	-0.45	-0.55	73	
6	15	18	3.13	4.67	3.85	-1.65	0.49	74	
6	15	23	4.19	3.09	2.76	-3.44	1.50	75	
6	15	28	4.13	6.13	0.07	3.29	-3.53	76	
6	15	33	5.92	-6.63	56.51	-43.81	72.36	77	
6	15	38	-46.61	-5.55	-23.53	-26.89	35.52	78	
6	15	43	33.21	32.17	-9.48	70.57	29.05	79	
6	19	3	3.65	4.52	3.73	-1.18	0.19	80	
6	19	8	2.15	3.23	2.79	2.90	0.21	81	
6	19	13	2.08	4.24	5.51	-1.72	0.91	82	
6	19	18	-17.72	18.63	3.90	-20.81	-56.81	83	
6	19	23	10.85	2.57	8.02	4.05	1.23	84	
6	19	28	7.41	4.98	5.97	-6.08	2.57	85	
6	19	33	18.88	41.84	1.36	-58.14	-66.10	86	
6	19	38	-21.71	-32.52	15.60	60.93	65.43	87	
6	19	43	8.86	8.01	2.73	9.50	4.73	88	
6	23	3	3.23	6.25	5.97	-1.61	-3.57	89	
6	23	8	2.79	5.16	3.88	0.06	-2.51	90	
6	23	13	13.47	28.17	-1.13	-24.87	-25.38	91	
6	23	18	-77.49	-30.11	-21.13	-8.39	-55.84	92	
6	23	23	17.80	48.23	50.73	10.57	-68.65	93	
6	23	28	6.23	29.19	15.84	-45.10	-105.03	94	
6	23	33	-25.37	-88.07	-5.63	21.35	36.70	95	
6	23	38	21.93	35.64	-4.56	31.24	29.93	96	
6	23	43	2.85	5.20	1.06	0.69	0.76	97	
6	27	3	1.04	0.48	-0.04	-1.10	-0.61	98	
6	27	8	5.25	12.65	-0.20	-6.89	-9.81	99	
6	27	13	-8.52	-38.23	13.89	-25.86	2.78	100	
6	27	18	5.03	-2.07	-9.87	-54.97	101.00	101	
6	27	23	-1.55	-63.51	-71.29	-3.18	30.13	102	
6	27	28	-6.87	-34.31	-13.89	60.30	91.30	103	
6	27	33	13.26	40.15	10.58	26.32	27.11	104	
6	27	38	3.38	2.58	3.06	-1.50	2.01	105	
6	27	43	4.53	3.94	5.67	-1.53	2.27	106	
6	31	3	6.11	4.22	4.29	-3.13	2.92	107	
6	31	8	-0.26	-4.85	8.64	-17.49	-16.25	108	
6	31	13	4.62	12.80	-3.53	15.77	27.87	109	
6	31	18	4.08	5.70	15.62	-0.73	7.26	110	
6	31	23	0.93	31.66	35.84	3.02	37.79	111	
6	31	28	3.29	18.84	6.04	0.81	12.30	112	
6	31	33	2.14	4.03	1.45	2.65	-0.63	113	
6	31	38	2.00	0.52	2.35	1.66	-2.47	114	
6	31	43	1.38	2.60	0.16	-3.24	-1.73	115	
6	35	3	17.64	6.53	5.16	-4.60	0.85	116	
6	35	8	-33.79	29.65	-11.33	-10.13	-80.87	117	
6	35	13	7.15	33.83	60.85	14.93	-90.58	118	
6	35	18	2.30	19.12	38.94	8.07	-30.31	119	
6	35	23	2.89	2.48	2.56	0.65	-2.47	120	
6	35	28	3.96	3.13	3.42	-1.10	0.09	121	
6	35	33	7.56	33.81	7.47	-12.61	-26.58	122	
6	35	38	1.01	20.41	0.61	-30.32	-97.89	123	
6	35	43	15.25	0.01	45.82	50.63	-53.92	124	
6	39	3	14.97	4.98	4.89	-5.70	-2.73	125	
6	39	8	-43.14	-42.73	-50.50	-77.29	39.20	126	
6	39	13	-6.13	-52.73	-49.32	24.08	16.80	127	
6	39	18	-20.83	-64.51	-69.95	65.88	22.18	128	
6	39	23	13.30	10.01	4.32	-0.10	-7.00	129	
6	39	28	12.68	38.99	-2.25	-43.66	-74.32	130	
6	39	33	-7.42	-85.82	-18.64	-6.49	-15.04	131	
6	39	38	35.51	47.97	10.27	-7.17	64.39	132	
6	39	43	-22.19	-41.14	-32.28	37.82	-25.13	133	
6	43	3	3.85	5.43	6.04	-1.96	0.48	134	
6	43	8	-1.55	12.63	46.41	-18.78	51.21	135	
6	43	13	-0.63	46.69	24.15	10.22	67.45	136	
6	43	18	8.13	31.80	11.20	-2.92	7.04	137	
6	43	23	-4.86	-4.08	0.69	-40.13	-62.86	138	
6	43	28	-1.03	-32.79	16.54	23.59	70.58	139	
6	43	33	19.03	77.59	7.05	3.40	13.51	140	
6	43	38	-3.06	-49.30	-3.05	-69.67	-57.33	141	
6	43	43	1.69	0.87	8.57	116.58	45.96	142	
