143
diam	c	r	EConv0	EConv1	EConv2	OConv0	OConv1
6	3	3	1.35	2.98	2.43	-0.24	0.20	44	
6	3	8	3.97	1.33	4.69	-3.93	1.18	45	
6	3	13	44.11	20.72	-23.11	-82.30	-27.16	46	
6	3	18	-5.55	-72.63	-13.52	43.44	92.29	47	
6	3	23	15.12	60.46	10.25	24.25	35.26	48	
6	3	28	2.39	2.17	4.15	0.18	-4.77	49	
6	3	33	6.43	15.47	2.41	-5.71	-9.40	50	
6	3	38	4.91	4.22	23.12	5.62	-12.59	51	
6	3	43	4.00	1.97	0.56	0.83	0.03	52	
6	7	3	3.15	4.85	4.85	-0.40	0.02	53	
6	7	8	3.79	3.16	3.66	-2.17	1.20	54	
6	7	13	4.13	3.77	28.60	-9.64	17.83	55	
6	7	18	6.57	8.31	4.24	-2.50	3.65	56	
6	7	23	4.24	4.62	-1.75	-2.19	-2.60	57	
6	7	28	5.92	-0.13	3.01	0.92	0.61	58	
6	7	33	46.43	41.62	-15.17	-116.75	-52.15	59	
6	7	38	-1.88	-27.67	-69.39	30.91	-97.92	60	
6	7	43	-1.65	-43.66	50.76	79.07	-84.08	61	
6	11	3	5.43	4.84	5.45	0.31	-0.04	62	
6	11	8	2.82	2.43	3.18	-1.52	-0.37	63	
6	11	13	4.14	5.00	4.35	-1.76	-0.35	64	
6	11	18	25.62	27.47	0.29	-16.58	-8.41	65	
6	11	23	-33.03	-65.24	-34.63	-2.42	-104.37	66	
6	11	28	15.75	3.70	5.36	3.61	4.77	67	
6	11	33	17.72	-51.18	25.43	-105.33	69.42	68	
6	11	38	-6.07	10.81	-26.50	-18.58	14.88	69	
6	11	43	-1.89	-7.14	-36.80	143.89	52.11	70	
6	15	3	5.93	4.03	3.06	-1.26	-0.04	71	
6	15	8	4.53	5.15	3.51	-0.12	-3.63	72	
6	15	13	3.47	3.13	4.51	0.23	-2.86	73	
6	15	18	73.57	21.26	4.96	-93.19	-7.12	74	
6	15	23	-4.88	-6.25	-22.82	14.32	-20.03	75	
6	15	28	13.88	-15.11	-23.34	5.77	-151.00	76	
6	15	33	9.24	-38.95	-22.44	-20.58	-144.33	77	
6	15	38	-37.47	-107.17	5.81	51.09	68.40	78	
6	15	43	21.08	35.87	0.48	16.23	17.51	79	
6	19	3	4.16	5.29	4.69	0.54	-0.58	80	
6	19	8	3.78	3.25	4.82	-2.45	1.69	81	
6	19	13	10.69	38.58	0.45	-13.42	-15.73	82	
6	19	18	-21.78	-93.73	35.96	-41.03	-42.56	83	
6	19	23	8.13	8.03	7.27	-36.78	150.78	84	
6	19	28	-4.51	-42.58	-40.57	1.95	138.11	85	
6	19	33	-7.22	4.72	-3.66	40.84	151.49	86	
6	19	38	16.93	49.70	5.88	19.36	26.08	87	
6	19	43	6.41	5.16	5.11	-1.27	-1.99	88	
6	23	3	1.80	3.44	3.64	0.67	0.19	89	
6	23	8	35.08	44.39	-12.76	-40.32	-24.25	90	
6	23	13	2.71	-103.43	-7.30	-56.44	-72.98	91	
6	23	18	7.50	6.35	-47.76	72.30	-40.08	92	
6	23	23	13.31	0.16	8.84	12.62	-1.93	93	
6	23	28	2.42	2.13	0.08	1.57	4.43	94	
6	23	33	2.62	-1.34	-1.37	0.21	-0.12	95	
6	23	38	3.90	4.04	2.12	-0.43	0.31	96	
6	23	43	2.00	-0.62	1.99	-0.89	-1.01	97	
6	27	3	3.44	3.99	3.15	-1.63	-0.46	98	
6	27	8	26.26	21.08	-6.50	-142.13	-54.80	99	
6	27	13	55.91	71.82	84.09	63.67	33.19	100	
6	27	18	0.92	36.42	29.63	1.66	27.29	101	
6	27	23	4.98	6.25	2.23	2.36	2.43	102	
6	27	28	4.83	4.21	4.30	0.49	-1.04	103	
6	27	33	4.05	4.03	5.08	-1.38	-1.56	104	
6	27	38	4.23	3.52	4.02	1.19	0.68	105	
6	27	43	40.80	45.77	-17.77	-52.95	-26.68	106	
6	31	3	4.44	3.18	5.11	-0.06	1.18	107	
6	31	8	4.46	-24.13	4.06	-146.63	44.93	108	
6	31	13	-23.48	3.86	-24.96	114.77	-75.60	109	
6	31	18	3.11	3.46	2.88	0.46	0.80	110	
6	31	23	2.95	2.75	3.48	0.65	-1.26	111	
6	31	28	3.16	3.19	2.93	-0.60	-0.11	112	
6	31	33	3.84	6.00	3.79	0.05	1.40	113	
6	31	38	4.68	3.25	4.01	-0.82	0.08	114	
6	31	43	25.83	-7.63	42.89	-28.21	23.69	115	
6	35	3	4.41	6.69	3.50	0.52	-0.33	116	
6	35	8	18.55	3.98	44.28	-19.38	22.47	117	
6	35	13	-62.29	16.32	-41.01	-46.94	12.08	118	
6	35	18	49.93	-10.93	55.31	60.42	-32.12	119	
6	35	23	4.30	4.08	1.46	-0.14	0.32	120	
6	35	28	5.08	3.97	4.42	0.35	-0.58	121	
6	35	33	3.58	3.40	5.91	0.11	-1.12	122	
6	35	38	5.17	4.28	3.86	-1.15	1.21	123	
6	35	43	4.28	4.25	3.66	-1.25	0.68	124	
6	39	3	4.08	3.67	5.85	0.60	2.06	125	
6	39	8	57.34	21.98	3.47	-48.33	-5.87	126	
6	39	13	65.25	26.51	92.04	42.55	48.59	127	
6	39	18	-10.94	-3.00	-10.33	143.40	-45.85	128	
6	39	23	4.03	5.30	4.88	-4.60	-5.89	129	
6	39	28	4.94	1.58	2.61	-2.36	-8.47	130	
6	39	33	4.35	1.59	0.09	1.63	-8.16	131	
6	39	38	3.98	0.45	1.22	1.21	-8.18	132	
6	39	43	4.00	2.52	5.48	0.16	-0.63	133	
6	43	3	4.50	3.81	5.39	1.95	-1.04	134	
6	43	8	12.66	0.22	17.42	-9.58	5.52	135	
6	43	13	-19.46	-29.20	-54.48	-33.90	102.07	136	
6	43	18	-4.05	39.31	-38.04	86.67	93.16	137	
6	43	23	3.60	1.27	5.33	-1.29	0.24	138	
6	43	28	2.57	2.07	3.52	2.29	5.49	139	
6	43	33	2.45	2.07	1.37	-1.92	4.06	140	
6	43	38	6.40	4.86	6.07	2.35	1.72	141	
6	43	43	2.40	3.89	3.96	4.22	-4.39	142	
