143
diam	c	r	EConv0	EConv1	EConv2	OConv0	OConv1
6	3	3	1.86	2.98	1.75	3.47	1.53	44	
6	3	8	3.23	4.31	2.96	-0.70	-2.38	45	
6	3	13	3.61	3.60	3.68	0.06	-2.98	46	
6	3	18	4.24	2.17	3.99	-0.55	0.59	47	
6	3	23	4.10	2.14	3.06	-1.79	0.28	48	
6	3	28	4.77	3.58	4.54	0.09	-1.28	49	
6	3	33	3.51	1.64	1.88	1.85	2.80	50	
6	3	38	2.79	5.30	1.65	-2.25	0.86	51	
6	3	43	-16.36	-0.89	-3.09	6.37	0.80	52	
6	7	3	2.54	4.82	4.17	-0.30	0.41	53	
6	7	8	3.51	4.83	4.01	-1.53	0.81	54	
6	7	13	3.62	4.31	4.24	0.17	-0.08	55	
6	7	18	4.99	4.79	4.65	0.44	-2.95	56	
6	7	23	5.04	4.21	2.96	-0.86	-0.49	57	
6	7	28	3.45	5.33	2.92	-2.53	-2.28	58	
6	7	33	10.22	43.91	-2.90	-51.46	-79.75	59	
6	7	38	-20.30	-22.71	-15.16	24.45	-124.23	60	
6	7	43	1.74	-7.90	16.41	23.36	-9.57	61	
6	11	3	2.33	2.50	3.10	-0.01	-0.51	62	
6	11	8	3.30	2.37	3.28	-0.66	0.48	63	
6	11	13	3.75	2.99	3.48	0.01	0.69	64	
6	11	18	3.19	3.31	1.60	0.95	2.32	65	
6	11	23	5.06	7.13	5.54	-1.09	-2.66	66	
6	11	28	16.33	6.46	9.40	-7.49	3.43	67	
6	11	33	-24.58	-65.46	-28.01	-49.45	56.57	68	
6	11	38	-44.24	-20.93	-7.90	35.22	57.96	69	
6	11	43	13.96	30.90	-0.37	9.49	10.05	70	
6	15	3	3.25	3.25	3.45	1.51	0.47	71	
6	15	8	3.17	3.69	5.27	2.73	-1.10	72	
6	15	13	2.74	5.63	4.09	-1.53	-0.52	73	
6	15	18	5.30	3.81	4.65	-1.32	-2.12	74	
6	15	23	14.36	29.73	-6.22	-37.03	-29.78	75	
6	15	28	7.60	-27.45	10.88	40.02	-27.02	76	
6	15	33	28.46	53.91	15.10	-39.23	-18.37	77	
6	15	38	-17.08	-16.94	6.93	76.17	32.91	78	
6	15	43	-14.08	-3.11	1.34	-9.20	2.75	79	
6	19	3	3.35	2.54	4.28	0.71	-0.17	80	
6	19	8	2.39	2.80	1.76	2.86	0.30	81	
6	19	13	1.70	2.66	2.59	-2.12	-0.33	82	
6	19	18	9.13	24.71	6.34	-9.74	-15.06	83	
6	19	23	-29.60	-34.49	3.48	-50.50	-30.47	84	
6	19	28	24.72	61.13	7.33	16.25	-8.89	85	
6	19	33	-20.59	-66.60	11.31	-22.21	1.73	86	
6	19	38	23.88	38.82	-4.75	31.95	20.41	87	
6	19	43	-7.92	-1.05	-1.98	-8.97	-2.17	88	
6	23	3	4.60	3.98	4.00	0.88	0.79	89	
6	23	8	6.55	6.05	1.28	-3.08	-0.41	90	
6	23	13	6.27	30.03	11.01	-11.99	-40.33	91	
6	23	18	-12.48	-50.19	-4.20	-5.75	-25.30	92	
6	23	23	9.78	2.66	-4.54	-37.30	62.92	93	
6	23	28	-0.16	-38.71	-11.01	16.62	39.23	94	
6	23	33	8.49	28.87	6.47	16.65	27.55	95	
6	23	38	3.83	0.96	4.85	-0.49	1.09	96	
6	23	43	-1.03	4.26	1.66	-10.15	1.45	97	
6	27	3	4.57	5.11	3.01	0.13	0.94	98	
6	27	8	7.77	2.22	7.02	-3.34	1.00	99	
6	27	13	-26.31	-30.88	-12.96	3.88	47.10	100	
6	27	18	7.96	34.93	14.24	8.29	31.52	101	
6	27	23	3.30	0.02	13.12	-4.32	1.24	102	
6	27	28	2.00	9.42	0.16	0.67	1.49	103	
6	27	33	5.19	5.32	6.67	1.14	4.91	104	
6	27	38	-13.98	43.08	2.35	-19.04	-66.86	105	
6	27	43	4.25	-1.14	25.67	-1.39	-11.92	106	
6	31	3	4.95	4.50	5.20	-0.78	-2.26	107	
6	31	8	4.22	3.70	4.36	-0.71	-1.88	108	
6	31	13	34.89	25.90	-6.07	-41.46	-11.04	109	
6	31	18	28.60	-20.62	21.34	57.33	-22.59	110	
6	31	23	4.22	2.09	1.85	4.05	-0.60	111	
6	31	28	3.16	3.82	2.35	0.45	-0.15	112	
6	31	33	1.92	4.35	1.64	0.20	-2.99	113	
6	31	38	-31.73	-53.24	-3.35	-64.94	76.04	114	
6	31	43	19.51	15.75	-14.63	24.70	20.72	115	
6	35	3	4.79	3.33	3.63	-1.16	-0.76	116	
6	35	8	3.80	3.94	4.29	3.38	0.20	117	
6	35	13	48.97	16.41	14.46	-68.13	-1.72	118	
6	35	18	44.12	13.38	13.58	85.15	1.55	119	
6	35	23	3.04	6.20	3.98	1.51	-3.71	120	
6	35	28	2.24	3.06	4.15	-0.48	-2.33	121	
6	35	33	4.17	3.96	3.73	-1.30	1.05	122	
6	35	38	2.62	7.82	4.77	1.43	-1.40	123	
6	35	43	-0.38	4.40	0.47	-14.03	-0.69	124	
6	39	3	4.85	2.19	2.28	1.53	0.13	125	
6	39	8	2.10	2.21	2.08	1.32	-1.34	126	
6	39	13	43.47	15.92	8.54	-79.64	-7.30	127	
6	39	18	46.58	36.26	26.01	69.47	-17.73	128	
6	39	23	2.09	1.96	-1.22	0.13	1.03	129	
6	39	28	3.41	3.56	4.46	1.65	-1.42	130	
6	39	33	4.07	2.81	3.26	-1.29	-1.68	131	
6	39	38	3.66	2.68	3.21	-1.22	-1.28	132	
6	39	43	4.22	1.83	4.36	-18.11	-0.63	133	
6	43	3	4.53	5.02	5.15	0.02	4.35	134	
6	43	8	0.85	9.28	9.60	3.79	0.11	135	
6	43	13	39.08	-4.70	21.93	-81.17	13.07	136	
6	43	18	-5.20	-24.94	-50.20	69.45	25.74	137	
6	43	23	12.23	13.18	19.84	-4.18	-1.12	138	
6	43	28	3.88	9.07	8.52	2.96	6.51	139	
6	43	33	2.70	13.38	10.74	-2.10	1.84	140	
6	43	38	4.52	13.96	15.08	-0.22	3.05	141	
6	43	43	6.85	16.51	14.25	-19.77	2.08	142	
