143
diam	c	r	EConv0	EConv1	EConv2	OConv0	OConv1
6	3	3	3.53	3.35	3.03	1.20	-1.04	44	
6	3	8	3.63	3.47	3.22	-1.39	-1.85	45	
6	3	13	2.27	1.48	2.69	-0.38	-1.58	46	
6	3	18	3.36	2.39	2.25	-0.36	1.79	47	
6	3	23	3.03	1.51	2.75	-0.75	0.28	48	
6	3	28	4.51	6.75	3.29	-2.40	1.05	49	
6	3	33	6.28	4.45	5.07	-1.23	2.44	50	
6	3	38	5.08	6.70	5.50	1.97	-4.28	51	
6	3	43	1.24	1.80	4.08	1.23	0.21	52	
6	7	3	3.43	2.95	2.73	0.21	0.28	53	
6	7	8	3.17	3.38	2.68	-2.51	-1.19	54	
6	7	13	2.66	2.51	3.56	1.98	0.59	55	
6	7	18	4.43	3.52	4.34	0.36	1.13	56	
6	7	23	3.44	4.15	2.12	-1.04	1.92	57	
6	7	28	2.69	0.78	3.89	-5.22	0.10	58	
6	7	33	3.75	12.32	12.72	6.99	-8.40	59	
6	7	38	-1.12	6.84	7.91	-0.56	-0.54	60	
6	7	43	2.01	3.74	2.79	1.41	-0.44	61	
6	11	3	3.46	3.42	3.34	-0.13	0.23	62	
6	11	8	3.03	2.86	2.44	-2.88	1.44	63	
6	11	13	3.91	3.77	3.22	1.21	-0.53	64	
6	11	18	2.71	2.63	3.10	1.72	-2.38	65	
6	11	23	4.85	2.85	4.43	-1.70	1.88	66	
6	11	28	11.94	9.14	2.13	-7.19	-0.52	67	
6	11	33	-15.58	-4.09	-31.43	-30.40	-62.84	68	
6	11	38	-7.63	-16.06	5.81	33.55	-68.92	69	
6	11	43	8.65	-2.03	12.74	13.69	-0.75	70	
6	15	3	2.20	3.10	4.36	0.85	-3.94	71	
6	15	8	4.36	2.91	5.72	-1.25	1.91	72	
6	15	13	3.62	7.43	1.88	-1.69	0.65	73	
6	15	18	-1.32	2.24	-0.53	-0.03	-4.25	74	
6	15	23	1.74	1.07	3.80	-0.53	-7.13	75	
6	15	28	8.79	0.02	10.88	-6.45	3.95	76	
6	15	33	-1.00	1.63	24.09	-23.12	70.01	77	
6	15	38	-15.51	3.17	-25.85	-3.74	51.82	78	
6	15	43	18.88	8.21	-3.57	39.03	-1.02	79	
6	19	3	1.49	3.87	1.59	-0.83	0.61	80	
6	19	8	4.00	3.59	2.03	-0.37	-4.31	81	
6	19	13	3.43	0.19	4.77	-2.47	-2.38	82	
6	19	18	-4.35	11.64	0.29	-14.45	-31.46	83	
6	19	23	6.44	-0.53	9.39	12.77	-10.64	84	
6	19	28	4.21	12.77	3.44	-4.02	-12.83	85	
6	19	33	0.35	1.76	4.05	-3.76	-32.08	86	
6	19	38	-3.50	3.36	16.89	5.67	6.94	87	
6	19	43	6.40	20.94	20.53	0.03	-11.68	88	
6	23	3	2.29	1.01	3.11	0.56	0.81	89	
6	23	8	3.40	4.97	2.41	-3.76	-0.02	90	
6	23	13	10.24	20.87	2.86	-16.01	-19.27	91	
6	23	18	-15.85	-15.27	-12.16	-22.67	-18.58	92	
6	23	23	15.15	4.31	0.69	4.97	-44.43	93	
6	23	28	2.52	-23.39	-1.93	7.83	-22.68	94	
6	23	33	-2.08	-8.28	-3.43	17.49	18.20	95	
6	23	38	17.53	14.96	-13.46	-41.27	-1.40	96	
6	23	43	-26.84	-23.31	-29.82	29.37	-56.81	97	
6	27	3	3.73	6.94	2.45	-2.57	2.74	98	
6	27	8	10.03	19.82	-5.22	-24.22	-11.05	99	
6	27	13	-13.91	-41.16	6.13	-12.26	-23.78	100	
6	27	18	16.56	3.31	17.91	13.80	58.39	101	
6	27	23	-0.21	8.55	-2.49	1.19	60.24	102	
6	27	28	6.23	29.52	15.36	27.91	42.05	103	
6	27	33	2.30	17.27	14.23	-7.67	6.93	104	
6	27	38	7.32	-5.11	22.43	-15.51	23.55	105	
6	27	43	-13.15	12.19	-5.55	-38.98	51.53	106	
6	31	3	4.90	2.41	4.79	-0.74	3.37	107	
6	31	8	-1.23	-8.24	2.37	-49.20	-21.27	108	
6	31	13	10.54	14.02	4.14	43.38	44.12	109	
6	31	18	4.40	14.45	-0.05	8.53	-9.75	110	
6	31	23	9.13	23.71	7.96	-41.61	-54.49	111	
6	31	28	-4.86	-17.20	-19.74	3.49	-77.51	112	
6	31	33	12.65	-12.12	21.38	37.74	-23.21	113	
6	31	38	1.51	3.53	-3.64	2.03	-6.70	114	
6	31	43	-17.11	-14.20	13.37	-4.76	10.75	115	
6	35	3	12.46	7.41	4.18	-3.68	2.73	116	
6	35	8	-38.09	-11.73	-2.78	-11.74	-11.31	117	
6	35	13	22.58	21.71	13.60	13.30	1.08	118	
6	35	18	8.17	16.55	3.52	-31.67	-25.88	119	
6	35	23	-6.19	-40.01	8.50	5.99	35.17	120	
6	35	28	13.03	18.10	3.12	-13.18	76.51	121	
6	35	33	3.52	7.20	-11.48	55.45	18.63	122	
6	35	38	-0.51	8.99	3.63	-21.68	-11.19	123	
6	35	43	-1.82	1.26	-0.25	21.04	9.10	124	
6	39	3	10.99	5.65	5.13	-7.61	-3.88	125	
6	39	8	-27.71	-10.01	-13.28	-19.73	23.85	126	
6	39	13	31.77	13.19	5.02	4.39	-5.31	127	
6	39	18	-13.04	-24.24	8.54	-3.08	5.62	128	
6	39	23	13.44	26.65	5.47	25.83	18.30	129	
6	39	28	1.59	5.84	4.63	-27.86	-22.50	130	
6	39	33	18.97	27.33	4.62	7.37	-20.17	131	
6	39	38	-9.52	-22.62	11.19	14.23	-16.51	132	
6	39	43	7.94	12.70	1.47	9.20	1.78	133	
6	43	3	2.02	1.30	4.95	-4.69	0.31	134	
6	43	8	-1.96	6.96	14.99	-5.54	24.82	135	
6	43	13	12.86	10.11	1.53	-25.95	-5.95	136	
6	43	18	2.08	7.07	5.85	28.89	22.58	137	
6	43	23	9.33	20.65	5.43	-7.82	-9.24	138	
6	43	28	-11.82	3.20	3.07	-25.23	-35.23	139	
6	43	33	1.59	-22.76	2.60	-4.27	-16.12	140	
6	43	38	14.23	15.97	2.61	33.56	34.24	141	
6	43	43	17.86	22.60	-9.01	-47.23	-18.80	142	
