143
diam	c	r	EConv0	EConv1	EConv2	OConv0	OConv1
6	3	3	2.93	3.23	3.34	2.06	-1.51	44	
6	3	8	2.93	3.56	3.00	-0.48	-1.58	45	
6	3	13	3.30	3.29	3.61	0.52	0.29	46	
6	3	18	2.99	2.13	1.80	-0.92	-4.52	47	
6	3	23	3.29	4.72	5.06	1.94	-1.22	48	
6	3	28	1.74	-1.33	-0.15	-1.62	2.40	49	
6	3	33	9.06	31.79	6.14	-12.93	-16.87	50	
6	3	38	-7.18	25.85	17.98	-4.91	-78.55	51	
6	3	43	8.86	-3.65	22.99	21.91	-16.44	52	
6	7	3	2.87	2.66	2.96	2.41	-1.07	53	
6	7	8	3.43	3.28	3.44	-1.45	-1.49	54	
6	7	13	5.47	4.45	3.16	-1.41	-2.81	55	
6	7	18	8.33	11.21	1.26	-5.00	-3.20	56	
6	7	23	-1.39	0.09	17.37	14.43	-18.39	57	
6	7	28	9.78	10.73	9.46	-2.73	-5.29	58	
6	7	33	-8.57	-6.29	-15.78	-73.61	-57.91	59	
6	7	38	-15.92	-24.90	-12.29	6.62	-15.29	60	
6	7	43	25.95	1.34	2.61	62.32	1.22	61	
6	11	3	2.92	2.65	1.64	1.44	0.89	62	
6	11	8	3.43	3.04	1.17	-1.58	1.04	63	
6	11	13	1.77	1.24	3.94	1.53	0.26	64	
6	11	18	25.05	18.57	-4.55	-47.77	-12.49	65	
6	11	23	-18.23	-22.42	4.13	67.00	-38.22	66	
6	11	28	10.89	0.28	4.29	-2.84	8.29	67	
6	11	33	-7.67	-26.26	0.08	-45.50	85.24	68	
6	11	38	-30.32	2.69	-27.61	-12.86	16.98	69	
6	11	43	31.96	13.84	10.64	61.88	3.06	70	
6	15	3	2.45	3.39	3.63	2.12	-1.87	71	
6	15	8	3.71	3.14	6.24	-3.67	-3.17	72	
6	15	13	2.79	9.69	2.08	0.69	-4.00	73	
6	15	18	22.44	1.37	11.58	-68.05	-17.15	74	
6	15	23	-26.42	13.21	-37.41	52.94	-38.36	75	
6	15	28	5.66	21.75	26.80	19.85	-82.15	76	
6	15	33	8.27	14.24	12.71	-44.44	-89.05	77	
6	15	38	-24.22	-41.02	12.72	29.07	44.82	78	
6	15	43	16.76	20.37	-4.41	22.09	6.91	79	
6	19	3	4.46	1.11	3.24	2.46	-1.79	80	
6	19	8	2.92	2.66	4.08	5.29	-1.69	81	
6	19	13	12.55	30.54	1.02	-38.10	-39.80	82	
6	19	18	3.84	-40.01	22.82	17.33	-2.62	83	
6	19	23	-3.53	-2.54	-12.73	-28.39	87.49	84	
6	19	28	-7.03	-43.50	-43.46	0.91	40.09	85	
6	19	33	0.01	-24.45	-2.73	29.28	72.44	86	
6	19	38	11.84	35.71	-0.70	27.18	36.98	87	
6	19	43	-2.59	-2.22	0.06	0.24	2.51	88	
6	23	3	7.30	4.65	2.82	5.67	2.45	89	
6	23	8	7.30	18.98	-6.29	-21.28	-30.54	90	
6	23	13	-29.41	-46.34	0.46	-29.11	-37.56	91	
6	23	18	20.13	29.68	-0.83	60.11	29.65	92	
6	23	23	2.72	7.30	24.64	-17.63	5.79	93	
6	23	28	3.05	29.01	23.05	5.75	28.57	94	
6	23	33	1.95	14.35	3.75	0.99	9.27	95	
6	23	38	4.18	2.06	3.51	1.15	-1.51	96	
6	23	43	1.15	6.06	1.92	-0.94	-1.27	97	
6	27	3	6.61	4.99	3.62	-3.59	-2.16	98	
6	27	8	3.35	-12.31	-3.24	-53.20	3.16	99	
6	27	13	-7.58	-11.81	-4.95	59.07	67.55	100	
6	27	18	6.97	10.21	0.24	4.59	1.25	101	
6	27	23	-0.04	6.48	-4.11	-2.15	2.36	102	
6	27	28	2.54	4.51	1.37	1.90	-1.24	103	
6	27	33	-0.85	2.00	1.36	3.08	-3.46	104	
6	27	38	2.11	2.81	2.79	-2.85	-0.55	105	
6	27	43	3.83	2.63	6.45	2.78	-0.28	106	
6	31	3	5.42	3.47	2.34	-5.55	0.37	107	
6	31	8	-0.67	8.65	13.90	-11.86	21.07	108	
6	31	13	3.08	46.91	20.71	17.91	-32.20	109	
6	31	18	-1.37	7.69	25.35	0.53	-14.15	110	
6	31	23	1.88	-2.82	8.19	-3.79	0.74	111	
6	31	28	2.96	-0.20	0.25	-0.17	6.72	112	
6	31	33	5.12	10.86	13.15	1.57	-2.53	113	
6	31	38	5.19	4.46	4.34	0.98	0.07	114	
6	31	43	1.18	4.28	2.72	3.92	-4.89	115	
6	35	3	4.38	2.43	7.44	1.06	-3.28	116	
6	35	8	15.94	18.35	-11.46	-61.84	-32.72	117	
6	35	13	-6.01	-44.29	-34.06	-7.47	-45.60	118	
6	35	18	-4.72	-9.96	-27.93	48.86	-73.89	119	
6	35	23	9.77	1.06	29.73	29.61	-28.26	120	
6	35	28	13.19	36.12	0.94	-39.76	-40.07	121	
6	35	33	-8.99	3.73	2.32	4.24	-83.57	122	
6	35	38	15.87	-8.98	30.56	38.55	-13.06	123	
6	35	43	1.75	9.44	-0.66	-8.63	7.10	124	
6	39	3	0.15	2.33	0.87	0.19	1.98	125	
6	39	8	-3.53	-31.18	8.29	-46.33	31.03	126	
6	39	13	14.36	23.76	19.86	31.95	98.03	127	
6	39	18	-2.20	6.02	-10.26	-47.28	80.91	128	
6	39	23	3.49	9.31	-26.03	52.01	-35.85	129	
6	39	28	-7.68	-50.93	7.98	-36.28	-30.20	130	
6	39	33	-4.18	3.88	-33.04	-28.31	28.20	131	
6	39	38	31.31	3.81	2.27	84.86	-5.31	132	
6	39	43	7.20	16.80	-4.65	-39.38	-39.03	133	
6	43	3	1.82	6.24	-0.43	1.69	0.45	134	
6	43	8	2.06	6.74	12.86	-0.29	5.89	135	
6	43	13	10.27	9.82	10.54	4.86	-6.96	136	
6	43	18	12.56	19.79	24.03	-11.93	2.78	137	
6	43	23	-20.24	-6.86	-3.29	-38.74	3.56	138	
6	43	28	19.26	21.46	3.24	51.45	60.32	139	
6	43	33	-22.96	-10.67	21.52	-53.68	1.51	140	
6	43	38	37.81	51.18	-8.77	22.90	-19.10	141	
6	43	43	-9.85	-36.63	12.84	-21.10	-32.58	142	
