143
diam	c	r	EConv0	EConv1	EConv2	OConv0	OConv1
6	3	3	12.93	-2.36	19.68	-14.96	0.95	44	
6	3	8	-19.63	23.59	13.25	10.42	104.76	45	
6	3	13	24.49	44.31	-0.38	2.24	0.56	46	
6	3	18	-18.15	-60.66	13.22	-55.22	-50.06	47	
6	3	23	17.97	43.54	0.54	51.88	69.36	48	
6	3	28	5.48	3.94	4.56	0.81	-0.48	49	
6	3	33	5.08	1.23	-0.74	0.46	1.45	50	
6	3	38	5.34	5.44	2.61	-10.17	-0.76	51	
6	3	43	4.87	-1.05	1.98	9.09	-2.56	52	
6	7	3	4.70	6.40	5.56	-1.61	2.85	53	
6	7	8	2.67	-0.05	2.45	1.09	-1.10	54	
6	7	13	24.96	-7.42	-6.94	-77.51	-19.28	55	
6	7	18	7.01	19.61	-5.72	68.48	68.91	56	
6	7	23	3.20	0.98	1.99	6.05	1.53	57	
6	7	28	-3.42	29.76	16.21	-11.51	-34.51	58	
6	7	33	8.42	60.11	3.64	-46.45	-92.87	59	
6	7	38	-20.60	-21.58	18.71	19.83	-115.17	60	
6	7	43	13.33	3.46	7.02	17.41	-2.76	61	
6	11	3	4.56	3.71	3.71	-0.18	-0.00	62	
6	11	8	4.47	3.49	3.46	0.38	0.36	63	
6	11	13	-0.99	3.77	20.13	-8.78	19.97	64	
6	11	18	7.19	8.99	4.14	4.58	2.75	65	
6	11	23	21.66	43.65	-4.88	-30.65	-30.13	66	
6	11	28	-21.13	-48.53	-13.82	17.32	-32.33	67	
6	11	33	-24.97	-33.60	7.16	-46.30	-23.86	68	
6	11	38	-20.59	-25.96	-5.04	85.08	50.51	69	
6	11	43	15.09	8.81	7.93	14.14	3.54	70	
6	15	3	3.51	2.76	5.39	-0.06	-0.31	71	
6	15	8	2.00	3.40	0.77	0.31	-0.79	72	
6	15	13	-0.54	0.95	3.70	-3.97	-1.45	73	
6	15	18	16.31	25.37	0.22	-4.51	-7.08	74	
6	15	23	-16.57	-40.94	0.33	-79.78	-72.30	75	
6	15	28	90.34	71.07	11.28	-13.93	23.13	76	
6	15	33	-26.96	-62.22	7.43	37.78	39.32	77	
6	15	38	22.44	53.40	-3.36	42.05	51.23	78	
6	15	43	7.41	3.76	3.06	2.43	-1.48	79	
6	19	3	4.60	3.31	3.33	2.03	1.04	80	
6	19	8	4.56	3.46	4.75	-1.41	1.11	81	
6	19	13	6.67	16.25	10.96	4.43	-2.72	82	
6	19	18	-13.46	-26.02	1.78	-68.78	-72.92	83	
6	19	23	13.50	14.47	-36.89	-45.29	61.37	84	
6	19	28	5.62	-91.56	-6.98	-7.87	-40.71	85	
6	19	33	22.42	49.33	-10.73	76.46	74.65	86	
6	19	38	6.04	5.26	3.66	-9.18	0.75	87	
6	19	43	5.22	2.94	3.91	9.09	-0.76	88	
6	23	3	4.32	4.46	4.46	2.06	0.32	89	
6	23	8	18.91	43.64	-5.94	-40.02	-34.86	90	
6	23	13	4.41	-36.61	-10.20	-9.76	-88.75	91	
6	23	18	-7.45	-10.54	-0.39	63.87	69.68	92	
6	23	23	14.98	-0.87	46.48	-27.01	33.03	93	
6	23	28	3.72	59.98	17.02	27.84	69.35	94	
6	23	33	4.23	8.14	3.92	2.37	-1.22	95	
6	23	38	5.01	4.28	2.40	-11.58	-0.04	96	
6	23	43	6.49	4.48	4.32	6.86	-1.06	97	
6	27	3	0.04	2.08	1.20	-0.12	-1.31	98	
6	27	8	3.32	-35.28	21.23	-58.59	42.82	99	
6	27	13	-1.34	28.05	-5.13	41.32	102.50	100	
6	27	18	8.79	22.50	4.26	7.75	11.02	101	
6	27	23	1.02	-0.14	1.80	0.15	0.72	102	
6	27	28	4.99	3.28	5.81	-0.65	2.92	103	
6	27	33	4.26	5.85	1.72	-1.05	0.45	104	
6	27	38	5.77	1.46	6.49	-8.62	-0.07	105	
6	27	43	5.55	4.90	3.97	6.70	0.87	106	
6	31	3	7.18	5.06	4.90	-0.31	0.06	107	
6	31	8	6.58	22.41	-7.04	-14.92	-13.93	108	
6	31	13	12.54	-1.39	23.20	9.88	-15.56	109	
6	31	18	4.82	2.44	4.89	1.62	-1.38	110	
6	31	23	3.10	4.90	3.68	1.08	0.46	111	
6	31	28	2.68	3.35	2.41	0.05	-3.84	112	
6	31	33	4.54	2.68	6.60	-0.40	0.16	113	
6	31	38	4.05	7.11	0.56	-9.57	-2.15	114	
6	31	43	5.96	2.80	4.75	5.75	-0.42	115	
6	35	3	4.12	3.62	4.07	0.17	-2.03	116	
6	35	8	13.47	12.37	-14.31	-97.23	-26.03	117	
6	35	13	45.17	13.10	6.11	54.46	13.28	118	
6	35	18	4.77	4.33	2.73	1.48	0.45	119	
6	35	23	3.79	2.83	3.49	-0.09	0.02	120	
6	35	28	3.53	3.12	3.48	0.68	1.11	121	
6	35	33	3.69	4.11	3.06	1.12	-0.71	122	
6	35	38	4.74	3.79	4.31	-14.97	-0.49	123	
6	35	43	8.76	6.04	5.47	11.18	0.02	124	
6	39	3	1.44	2.43	4.05	2.40	-1.84	125	
6	39	8	7.65	-5.03	3.98	-111.58	12.84	126	
6	39	13	48.85	3.09	24.61	62.50	-14.37	127	
6	39	18	2.53	3.77	3.81	-1.33	-0.01	128	
6	39	23	3.64	4.09	4.34	0.21	0.78	129	
6	39	28	2.97	3.99	3.11	-0.35	-0.25	130	
6	39	33	3.54	3.81	3.13	-0.64	-0.80	131	
6	39	38	2.03	0.01	4.51	-9.44	-1.67	132	
6	39	43	5.87	2.37	3.70	8.37	1.22	133	
6	43	3	3.54	5.80	3.80	-1.89	-0.89	134	
6	43	8	19.00	-11.63	32.66	-47.03	24.80	135	
6	43	13	31.30	27.78	-10.24	50.34	17.34	136	
6	43	18	3.08	3.22	2.98	-0.06	-1.95	137	
6	43	23	3.77	3.73	3.89	0.27	-1.08	138	
6	43	28	2.70	4.22	4.01	0.31	-1.14	139	
6	43	33	2.10	3.49	3.94	-0.63	-1.04	140	
6	43	38	1.98	6.32	4.75	-7.86	-0.43	141	
6	43	43	6.30	5.77	4.80	7.08	0.87	142	
