143
diam	c	r	EConv0	EConv1	EConv2	OConv0	OConv1
6	3	3	2.78	2.38	3.64	-1.55	2.01	44	
6	3	8	7.29	7.47	2.27	-2.37	-0.97	45	
6	3	13	-1.83	58.63	14.20	-35.20	-114.53	46	
6	3	18	-15.88	-110.80	-13.25	-13.72	-76.88	47	
6	3	23	-3.63	-18.54	-2.57	34.34	122.17	48	
6	3	28	10.28	58.24	14.70	23.65	44.32	49	
6	3	33	10.43	28.65	3.36	-9.69	-15.29	50	
6	3	38	-5.96	11.61	0.30	-52.55	-130.21	51	
6	3	43	31.35	-2.17	68.69	70.56	-59.74	52	
6	7	3	4.15	4.97	2.70	-1.81	-0.32	53	
6	7	8	13.39	1.72	8.91	-6.08	2.06	54	
6	7	13	-24.71	-49.67	-24.24	-32.15	124.43	55	
6	7	18	20.44	64.55	-13.59	68.32	77.85	56	
6	7	23	3.34	21.89	14.66	-0.27	-13.84	57	
6	7	28	3.88	6.34	3.62	3.02	0.88	58	
6	7	33	-11.90	-57.01	-38.80	-107.29	-5.79	59	
6	7	38	29.18	12.84	19.82	42.09	133.90	60	
6	7	43	-85.83	-0.87	-72.26	78.32	8.46	61	
6	11	3	4.25	3.21	4.22	-0.94	0.84	62	
6	11	8	2.94	3.68	4.30	-0.23	-0.49	63	
6	11	13	2.17	5.09	2.05	-0.34	2.41	64	
6	11	18	25.54	49.29	-7.18	-38.21	-30.41	65	
6	11	23	-61.08	-103.93	-17.57	63.29	-19.11	66	
6	11	28	0.86	1.78	1.65	-1.76	-0.57	67	
6	11	33	-0.89	6.68	23.85	-5.23	19.05	68	
6	11	38	15.59	34.36	5.23	-16.52	-14.00	69	
6	11	43	-106.69	-57.99	5.35	44.65	-13.86	70	
6	15	3	4.62	5.27	4.22	0.07	-0.13	71	
6	15	8	3.50	3.85	3.99	-1.21	0.74	72	
6	15	13	3.97	0.78	4.53	-0.64	0.04	73	
6	15	18	-26.58	-26.41	15.38	-102.95	-62.06	74	
6	15	23	29.89	64.25	-3.39	44.15	42.27	75	
6	15	28	5.65	20.89	13.01	-2.26	-9.33	76	
6	15	33	12.06	71.16	25.21	-30.05	-77.82	77	
6	15	38	-10.06	-104.64	-7.40	-33.85	-61.11	78	
6	15	43	38.90	64.09	3.64	73.99	65.35	79	
6	19	3	5.35	1.61	4.85	1.26	-0.39	80	
6	19	8	5.40	4.27	3.37	-0.65	-0.79	81	
6	19	13	16.28	46.33	-4.94	-62.87	-73.09	82	
6	19	18	-2.59	-45.25	-55.55	-33.80	85.99	83	
6	19	23	3.08	-55.30	-64.91	-0.41	-101.60	84	
6	19	28	-3.76	-94.76	-52.81	-4.22	-70.18	85	
6	19	33	-11.32	-92.58	-30.17	32.70	86.57	86	
6	19	38	29.62	77.05	9.13	27.20	56.19	87	
6	19	43	16.71	11.39	10.35	14.71	-1.93	88	
6	23	3	1.70	3.17	0.37	-0.71	-0.64	89	
6	23	8	5.95	54.52	5.64	-53.34	-110.12	90	
6	23	13	-3.68	-42.34	29.23	79.83	56.51	91	
6	23	18	5.84	6.47	19.77	-3.82	10.72	92	
6	23	23	-3.74	40.05	61.35	-10.19	101.87	93	
6	23	28	-0.02	61.81	31.37	18.33	76.95	94	
6	23	33	6.25	20.83	9.96	2.52	7.34	95	
6	23	38	14.47	10.04	7.79	-13.62	-2.63	96	
6	23	43	10.92	9.88	9.35	10.35	-0.73	97	
6	27	3	5.96	3.70	5.26	-4.09	1.09	98	
6	27	8	-49.72	33.45	13.03	-71.19	33.24	99	
6	27	13	48.49	44.31	27.50	63.17	1.92	100	
6	27	18	4.37	3.49	4.76	-0.38	-0.95	101	
6	27	23	2.97	3.79	3.43	0.47	-2.12	102	
6	27	28	2.27	4.48	1.88	-1.23	1.41	103	
6	27	33	3.15	2.84	1.48	0.11	1.40	104	
6	27	38	15.45	8.73	6.41	-11.10	-2.08	105	
6	27	43	12.87	8.00	6.72	10.93	-0.20	106	
6	31	3	4.85	3.26	4.68	1.68	-0.80	107	
6	31	8	-5.68	-37.71	0.12	-106.40	91.33	108	
6	31	13	-35.52	-15.96	-39.84	124.85	-58.42	109	
6	31	18	1.53	5.63	0.73	-0.86	0.87	110	
6	31	23	4.06	2.37	3.63	-0.63	2.95	111	
6	31	28	3.94	3.98	4.93	0.91	2.07	112	
6	31	33	2.75	3.62	1.64	-2.15	2.55	113	
6	31	38	16.94	11.31	5.21	-16.97	-2.44	114	
6	31	43	11.27	5.12	9.08	10.59	0.80	115	
6	35	3	2.99	1.93	3.05	0.94	0.86	116	
6	35	8	3.28	2.01	8.73	-2.16	5.13	117	
6	35	13	-66.37	16.23	-38.73	-63.59	62.67	118	
6	35	18	-0.22	3.10	3.43	-4.48	0.96	119	
6	35	23	5.51	4.03	4.81	-0.45	0.66	120	
6	35	28	3.77	2.99	1.32	0.58	1.01	121	
6	35	33	4.71	2.62	4.72	0.49	-0.04	122	
6	35	38	17.11	13.66	6.20	-18.61	-3.11	123	
6	35	43	10.56	8.21	5.91	7.88	0.43	124	
6	39	3	2.60	3.67	2.42	-0.60	-0.14	125	
6	39	8	2.76	4.21	4.56	1.73	-0.62	126	
6	39	13	-8.00	-9.20	27.30	-21.23	32.29	127	
6	39	18	2.75	1.54	4.13	1.16	3.21	128	
6	39	23	2.55	4.33	2.37	0.00	-0.97	129	
6	39	28	3.31	2.38	3.17	0.36	0.05	130	
6	39	33	5.09	4.38	3.56	-0.88	0.64	131	
6	39	38	16.09	12.83	4.44	-20.11	-3.22	132	
6	39	43	9.66	3.87	7.69	4.69	0.84	133	
6	43	3	4.45	2.62	4.15	-0.97	0.79	134	
6	43	8	3.72	2.56	1.32	1.42	1.18	135	
6	43	13	1.86	1.86	4.49	0.69	1.11	136	
6	43	18	3.52	4.91	0.87	-1.10	0.08	137	
6	43	23	3.70	4.39	4.70	0.02	1.35	138	
6	43	28	4.38	4.48	4.56	2.03	-0.81	139	
6	43	33	4.59	3.19	4.04	-1.51	-1.17	140	
6	43	38	18.92	13.21	8.51	-22.33	-0.73	141	
6	43	43	9.65	4.27	5.26	6.24	1.84	142	
