143
diam	c	r	EConv0	EConv1	EConv2	OConv0	OConv1
6	3	3	3.14	2.69	2.60	1.81	2.03	44	
6	3	8	3.29	3.41	2.28	-1.71	1.88	45	
6	3	13	3.07	2.70	3.93	0.78	1.68	46	
6	3	18	3.09	4.16	2.83	1.02	0.40	47	
6	3	23	1.52	3.46	2.79	1.53	0.16	48	
6	3	28	2.51	-2.44	5.77	-2.35	5.98	49	
6	3	33	23.89	49.42	-7.92	-42.23	-45.48	50	
6	3	38	-23.92	-47.78	-36.11	-13.04	-87.80	51	
6	3	43	40.77	-3.38	39.71	50.10	-24.11	52	
6	7	3	3.20	4.36	4.42	2.01	2.15	53	
6	7	8	4.67	4.44	5.61	-3.34	0.87	54	
6	7	13	4.97	4.48	3.71	2.36	1.29	55	
6	7	18	4.76	3.69	3.21	-2.55	-0.08	56	
6	7	23	2.15	4.40	3.30	1.85	-0.62	57	
6	7	28	11.83	17.02	2.33	-2.55	-8.00	58	
6	7	33	-40.97	-49.49	11.67	-57.32	-41.42	59	
6	7	38	50.78	38.08	32.48	-0.96	110.94	60	
6	7	43	-7.55	-1.60	-14.41	83.58	-27.35	61	
6	11	3	3.51	3.25	3.90	1.89	-1.81	62	
6	11	8	3.05	3.94	3.47	-0.73	-2.34	63	
6	11	13	3.94	1.93	1.58	-1.89	-3.84	64	
6	11	18	4.70	4.82	-0.11	-0.17	-1.66	65	
6	11	23	-2.11	24.12	19.56	-2.83	-24.61	66	
6	11	28	36.31	5.91	13.39	-29.48	3.95	67	
6	11	33	-35.93	-17.05	-16.81	57.28	60.65	68	
6	11	38	26.22	7.10	14.07	1.65	-8.50	69	
6	11	43	-57.83	-1.42	-15.75	38.20	-10.81	70	
6	15	3	4.15	2.90	3.45	2.72	-1.20	71	
6	15	8	2.50	2.50	3.68	-0.08	-0.30	72	
6	15	13	3.10	2.60	3.87	-0.67	3.16	73	
6	15	18	24.38	36.47	-5.98	-40.74	-27.55	74	
6	15	23	-48.63	-58.85	-23.09	8.37	-59.88	75	
6	15	28	31.05	4.30	9.71	10.89	2.45	76	
6	15	33	6.87	20.14	11.07	-3.07	18.44	77	
6	15	38	35.97	43.24	-5.45	-24.13	-23.33	78	
6	15	43	-57.46	-41.36	-9.00	64.18	-5.73	79	
6	19	3	4.69	6.39	4.25	2.79	-2.64	80	
6	19	8	1.68	3.39	4.77	-0.65	-4.63	81	
6	19	13	1.02	-0.22	-0.52	0.85	-1.11	82	
6	19	18	15.36	11.10	2.51	-113.30	-29.59	83	
6	19	23	-24.54	-21.04	-3.87	92.83	56.16	84	
6	19	28	4.29	4.56	3.53	-1.01	0.01	85	
6	19	33	17.41	30.91	5.59	-11.72	-11.60	86	
6	19	38	9.76	-14.45	33.01	-75.08	-63.70	87	
6	19	43	20.36	25.87	-5.68	77.98	62.14	88	
6	23	3	3.29	0.50	1.36	1.00	-1.31	89	
6	23	8	0.73	1.81	1.58	4.36	2.10	90	
6	23	13	20.16	28.69	0.60	-4.33	-10.66	91	
6	23	18	-31.36	-35.07	18.40	-67.03	-38.28	92	
6	23	23	53.06	43.50	26.71	69.08	27.68	93	
6	23	28	8.88	34.58	2.31	-16.88	-12.84	94	
6	23	33	-0.37	-12.37	16.88	-68.75	-92.69	95	
6	23	38	-14.15	-37.76	-11.62	70.89	72.86	96	
6	23	43	15.30	17.55	2.24	5.55	7.52	97	
6	27	3	-0.68	-2.21	3.18	3.61	4.44	98	
6	27	8	10.42	22.00	-0.58	-3.74	-0.23	99	
6	27	13	-1.29	-17.93	6.30	-55.19	-83.80	100	
6	27	18	0.11	-21.92	-37.12	-12.46	45.40	101	
6	27	23	17.49	5.26	-31.95	29.48	-112.19	102	
6	27	28	0.06	-62.28	-4.71	-34.28	-90.54	103	
6	27	33	-21.77	-41.46	-9.98	70.10	79.97	104	
6	27	38	26.12	54.05	3.32	1.77	8.67	105	
6	27	43	-5.91	1.34	33.61	18.21	-60.42	106	
6	31	3	14.63	46.00	-9.35	-22.19	-35.42	107	
6	31	8	0.86	-35.63	6.78	-50.23	-101.69	108	
6	31	13	-5.70	-26.13	4.57	63.83	77.90	109	
6	31	18	22.14	12.93	44.14	-22.19	55.48	110	
6	31	23	-10.73	2.59	5.24	-5.15	132.53	111	
6	31	28	-11.66	36.20	7.06	26.79	110.89	112	
6	31	33	2.71	27.99	4.25	4.05	8.72	113	
6	31	38	45.52	1.96	12.16	-58.28	-0.10	114	
6	31	43	-41.40	-32.80	-31.03	72.80	-10.46	115	
6	35	3	17.35	-16.41	-12.27	-94.01	9.87	116	
6	35	8	-6.28	-10.66	15.80	75.60	87.92	117	
6	35	13	8.35	24.44	0.76	4.82	9.96	118	
6	35	18	8.15	3.84	1.69	-1.94	-5.01	119	
6	35	23	0.93	-2.94	-2.87	6.86	-9.59	120	
6	35	28	1.53	-1.51	0.15	-2.34	-2.81	121	
6	35	33	5.17	3.84	6.08	-0.23	3.40	122	
6	35	38	18.10	2.45	19.55	-9.70	11.15	123	
6	35	43	-13.88	33.50	-4.81	33.59	65.84	124	
6	39	3	42.33	15.06	12.34	-96.53	6.29	125	
6	39	8	29.79	8.16	20.87	91.52	-11.13	126	
6	39	13	-0.76	-0.75	2.68	-2.56	-0.86	127	
6	39	18	3.82	2.79	3.11	0.15	1.22	128	
6	39	23	1.24	3.13	2.92	2.27	4.76	129	
6	39	28	3.32	4.11	4.01	-0.78	2.40	130	
6	39	33	2.75	4.47	4.23	0.37	2.72	131	
6	39	38	2.77	4.42	2.64	0.79	0.30	132	
6	39	43	3.52	3.71	0.54	-4.52	1.13	133	
6	43	3	46.63	12.90	23.28	-78.77	10.18	134	
6	43	8	-3.30	8.62	4.84	107.73	-26.17	135	
6	43	13	4.77	4.94	3.90	-1.53	9.86	136	
6	43	18	4.41	-0.09	4.29	0.10	8.38	137	
6	43	23	3.54	3.21	1.18	4.74	11.38	138	
6	43	28	0.24	2.06	1.83	-3.71	7.73	139	
6	43	33	3.05	4.91	4.17	-0.74	8.20	140	
6	43	38	5.75	5.77	1.45	-1.38	11.36	141	
6	43	43	4.34	3.14	7.40	-2.57	6.51	142	
