143
diam	c	r	EConv0	EConv1	EConv2	OConv0	OConv1
6	3	3	18.60	16.75	-6.04	-24.98	-11.89	44	
6	3	8	-13.88	-16.97	2.50	-13.08	-9.32	45	
6	3	13	-8.35	-42.51	0.48	13.58	14.20	46	
6	3	18	8.29	27.79	-5.21	30.12	40.48	47	
6	3	23	6.08	5.80	1.05	-2.97	-3.40	48	
6	3	28	-10.07	-20.78	-5.63	-3.14	15.68	49	
6	3	33	5.81	7.20	-0.98	2.40	1.59	50	
6	3	38	3.09	17.09	7.62	0.36	-12.14	51	
6	3	43	3.37	3.44	13.95	3.77	-8.95	52	
6	7	3	2.87	-15.40	5.14	-16.98	-60.95	53	
6	7	8	-7.86	-31.27	-0.39	14.45	22.21	54	
6	7	13	6.77	23.16	-5.40	42.03	34.92	55	
6	7	18	2.55	2.48	4.05	-1.79	0.72	56	
6	7	23	3.62	1.82	5.49	-3.23	4.79	57	
6	7	28	7.63	12.69	-0.31	-5.94	-1.32	58	
6	7	33	-2.33	16.60	2.62	-20.99	-63.36	59	
6	7	38	-2.14	-40.34	-0.34	-7.47	-32.07	60	
6	7	43	-11.96	-19.70	-5.03	63.27	-26.94	61	
6	11	3	-0.43	-27.75	-1.71	27.26	46.50	62	
6	11	8	7.92	29.96	0.29	27.82	36.79	63	
6	11	13	3.17	8.71	3.90	1.05	-0.04	64	
6	11	18	2.77	4.49	8.63	1.41	-1.15	65	
6	11	23	3.24	4.19	3.76	0.49	2.32	66	
6	11	28	21.25	-3.27	6.36	-30.78	5.44	67	
6	11	33	-11.18	-34.47	-26.03	-3.03	43.48	68	
6	11	38	-5.09	9.66	-31.44	-1.78	-2.27	69	
6	11	43	-10.39	-5.38	-14.22	66.11	17.18	70	
6	15	3	5.67	25.98	7.30	8.92	18.05	71	
6	15	8	3.61	5.17	3.42	-1.56	-0.14	72	
6	15	13	14.31	28.08	-9.98	-41.61	-29.47	73	
6	15	18	-0.77	-0.71	4.23	34.67	-61.60	74	
6	15	23	3.05	25.65	24.60	-0.08	-53.87	75	
6	15	28	3.68	31.22	32.02	0.52	-56.34	76	
6	15	33	0.84	16.05	16.72	-31.98	-65.31	77	
6	15	38	-12.40	-41.84	8.82	19.85	34.00	78	
6	15	43	11.49	24.79	2.12	11.56	17.38	79	
6	19	3	0.05	2.96	2.50	0.87	-0.09	80	
6	19	8	8.61	27.44	4.71	-12.90	-15.61	81	
6	19	13	-12.51	-24.00	11.54	-43.67	-31.63	82	
6	19	18	1.61	4.77	-0.01	1.92	-1.28	83	
6	19	23	2.97	-4.89	-2.65	-2.25	-1.96	84	
6	19	28	-0.19	-15.23	-5.10	3.07	1.35	85	
6	19	33	-0.94	-8.30	6.09	42.06	54.64	86	
6	19	38	7.54	24.05	4.25	10.90	17.24	87	
6	19	43	2.72	3.55	2.56	0.21	2.43	88	
6	23	3	14.85	22.98	-17.86	-40.86	-30.19	89	
6	23	8	-8.65	-75.17	-14.98	6.13	-13.63	90	
6	23	13	6.98	16.89	9.89	15.24	72.90	91	
6	23	18	-2.28	-1.42	2.30	-18.69	75.38	92	
6	23	23	-3.60	-11.83	-8.55	10.44	76.83	93	
6	23	28	0.03	29.87	7.35	15.97	59.66	94	
6	23	33	4.89	16.56	4.53	6.65	13.52	95	
6	23	38	-2.83	31.06	2.04	-17.19	-40.03	96	
6	23	43	8.90	-4.05	18.65	12.50	-12.08	97	
6	27	3	-0.48	-2.29	26.00	-61.22	-35.74	98	
6	27	8	18.99	52.71	34.51	44.18	-29.08	99	
6	27	13	1.21	16.04	22.99	2.17	-30.02	100	
6	27	18	2.82	17.27	21.26	3.40	-19.10	101	
6	27	23	0.95	25.31	19.09	-3.10	-29.55	102	
6	27	28	4.47	22.12	24.55	-2.45	-25.59	103	
6	27	33	4.26	18.32	14.66	1.70	-28.55	104	
6	27	38	-25.95	-24.49	-6.11	-54.34	-6.46	105	
6	27	43	26.87	36.94	6.57	35.32	-21.86	106	
6	31	3	-15.27	-1.56	-28.05	-23.00	13.52	107	
6	31	8	4.37	-32.42	0.71	30.23	48.53	108	
6	31	13	-1.69	-30.30	-34.82	-3.20	43.58	109	
6	31	18	0.18	-32.47	-40.85	-0.39	31.53	110	
6	31	23	1.61	-35.94	-27.64	-3.43	34.55	111	
6	31	28	2.05	-30.09	-32.03	3.80	43.56	112	
6	31	33	2.50	-31.76	-32.93	-5.36	36.56	113	
6	31	38	-4.15	-30.84	-19.75	-3.84	46.67	114	
6	31	43	9.34	-16.78	-11.06	6.69	37.87	115	
6	35	3	-14.55	3.83	-2.49	-77.10	18.56	116	
6	35	8	20.95	11.02	4.89	65.36	0.16	117	
6	35	13	0.62	4.12	5.10	1.51	2.04	118	
6	35	18	2.69	7.62	8.54	-0.97	3.56	119	
6	35	23	2.02	7.20	6.60	-1.37	3.37	120	
6	35	28	4.25	7.23	8.43	1.48	2.53	121	
6	35	33	0.81	7.74	5.06	1.24	2.53	122	
6	35	38	2.57	9.38	8.68	1.68	1.79	123	
6	35	43	3.03	8.97	8.13	-0.04	1.01	124	
6	39	3	12.22	-9.85	12.34	-66.77	22.77	125	
6	39	8	2.47	7.66	-8.24	42.50	-34.21	126	
6	39	13	9.39	4.82	4.94	3.91	-0.42	127	
6	39	18	3.94	2.78	3.82	0.01	-0.02	128	
6	39	23	2.96	3.01	4.41	1.10	1.09	129	
6	39	28	2.12	3.14	2.01	-0.58	1.16	130	
6	39	33	3.71	3.17	4.06	0.81	1.71	131	
6	39	38	3.25	3.43	2.27	-0.57	-0.36	132	
6	39	43	0.50	7.25	6.83	-1.13	-2.50	133	
6	43	3	6.78	0.87	17.34	-8.17	12.58	134	
6	43	8	-4.10	28.87	14.12	6.64	45.86	135	
6	43	13	4.69	2.59	3.50	-0.01	0.39	136	
6	43	18	4.01	2.82	1.97	-0.02	-1.07	137	
6	43	23	2.63	2.35	3.21	2.63	-0.72	138	
6	43	28	2.19	2.53	2.34	-1.17	0.12	139	
6	43	33	2.69	6.20	3.32	0.34	-1.88	140	
6	43	38	3.54	21.59	2.69	-21.95	-34.56	141	
6	43	43	-18.10	-32.77	-7.62	17.15	-29.31	142	
