143
diam	c	r	EConv0	EConv1	EConv2	OConv0	OConv1
6	3	3	3.84	3.10	2.88	-0.80	-0.25	44	
6	3	8	3.69	2.99	3.32	-0.80	0.09	45	
6	3	13	4.64	-1.69	25.02	-13.28	21.83	46	
6	3	18	2.66	37.53	30.64	0.14	52.41	47	
6	3	23	10.13	42.90	17.42	-1.36	17.68	48	
6	3	28	-14.08	-16.50	4.69	0.22	-46.54	49	
6	3	33	9.25	49.74	-6.48	-27.00	-31.57	50	
6	3	38	-4.23	-11.10	-0.46	-19.31	-111.87	51	
6	3	43	11.35	-29.77	5.90	61.28	-18.22	52	
6	7	3	3.59	2.98	3.63	0.23	1.79	53	
6	7	8	4.76	4.53	4.28	-1.32	2.54	54	
6	7	13	3.98	4.00	3.59	-0.99	-2.87	55	
6	7	18	10.37	21.47	5.64	-7.57	-11.90	56	
6	7	23	3.59	-29.43	4.12	-31.09	-32.05	57	
6	7	28	-14.49	25.50	-17.03	47.66	-9.48	58	
6	7	33	-14.41	-29.59	24.68	-65.94	-0.70	59	
6	7	38	-11.00	-29.06	-11.80	21.51	93.73	60	
6	7	43	27.86	35.85	-10.23	29.22	22.29	61	
6	11	3	3.91	3.15	3.15	0.26	-2.33	62	
6	11	8	5.11	3.85	4.10	-2.27	-2.45	63	
6	11	13	20.21	19.14	-1.94	-14.21	-6.24	64	
6	11	18	-32.66	-60.39	2.11	-13.05	-69.31	65	
6	11	23	14.40	29.72	4.39	29.26	31.68	66	
6	11	28	-0.76	11.93	34.54	-14.03	41.74	67	
6	11	33	-0.23	29.94	17.97	5.87	56.65	68	
6	11	38	5.16	21.50	2.16	4.56	9.24	69	
6	11	43	6.67	5.29	-1.08	-27.12	-24.97	70	
6	15	3	4.22	20.20	21.79	0.42	-16.84	71	
6	15	8	4.46	21.42	24.82	1.88	-15.12	72	
6	15	13	42.40	31.61	21.21	-60.87	-27.35	73	
6	15	18	-11.76	15.88	23.38	88.53	36.31	74	
6	15	23	5.45	23.51	21.84	-11.34	-6.12	75	
6	15	28	2.12	18.85	15.11	2.57	-10.70	76	
6	15	33	2.25	11.06	17.14	4.51	-4.13	77	
6	15	38	7.44	29.35	19.52	-7.03	-17.51	78	
6	15	43	-16.56	-2.45	27.91	2.22	-15.55	79	
6	19	3	0.92	-45.48	-46.80	0.10	-75.76	80	
6	19	8	2.31	-42.27	-44.88	2.37	-77.64	81	
6	19	13	5.10	-47.80	-24.58	-5.31	-66.52	82	
6	19	18	-0.27	-12.64	-50.37	13.59	-55.90	83	
6	19	23	1.72	-41.15	-41.00	3.36	-84.49	84	
6	19	28	0.01	-41.23	-38.99	-2.42	-84.64	85	
6	19	33	-0.49	-40.00	-46.44	4.58	-91.82	86	
6	19	38	2.74	-44.75	-26.98	-14.08	-82.25	87	
6	19	43	-1.37	-25.87	-39.46	9.70	-59.81	88	
6	23	3	1.21	16.10	17.74	0.63	138.31	89	
6	23	8	-2.26	12.33	15.58	1.36	139.67	90	
6	23	13	-16.38	18.99	-5.76	-32.70	97.33	91	
6	23	18	9.49	5.21	18.27	7.20	137.91	92	
6	23	23	1.63	11.61	9.79	-3.95	141.84	93	
6	23	28	2.84	0.81	2.89	-3.73	144.47	94	
6	23	33	11.38	11.30	-4.73	-6.75	136.77	95	
6	23	38	-4.93	-16.47	1.75	15.49	109.36	96	
6	23	43	3.21	-5.17	-1.55	1.55	140.20	97	
6	27	3	2.84	1.62	1.29	0.06	-0.26	98	
6	27	8	6.81	1.74	2.00	-0.62	-0.01	99	
6	27	13	-43.73	-29.31	-4.90	-8.17	-5.23	100	
6	27	18	8.71	5.89	0.32	4.85	-2.34	101	
6	27	23	3.83	2.31	2.50	-0.36	-1.42	102	
6	27	28	1.40	0.80	1.86	2.48	-1.16	103	
6	27	33	0.52	3.78	4.44	-29.92	-25.49	104	
6	27	38	10.82	13.32	1.51	25.23	17.94	105	
6	27	43	4.44	2.54	0.82	0.42	-2.17	106	
6	31	3	4.76	5.23	5.49	1.51	0.33	107	
6	31	8	13.91	12.65	0.18	-12.06	-7.16	108	
6	31	13	-21.35	-9.89	6.65	32.78	16.93	109	
6	31	18	3.19	4.72	4.39	-2.28	2.46	110	
6	31	23	3.94	4.47	4.31	-0.68	-0.04	111	
6	31	28	12.95	13.95	-3.62	-14.32	-8.33	112	
6	31	33	-16.62	-22.34	4.67	17.17	15.20	113	
6	31	38	5.80	9.41	4.65	-0.83	0.01	114	
6	31	43	3.66	3.43	3.69	-1.17	1.03	115	
6	35	3	2.97	4.60	2.76	-0.42	-3.32	116	
6	35	8	18.11	15.52	2.79	-41.59	-14.93	117	
6	35	13	13.66	7.37	-0.01	39.87	10.39	118	
6	35	18	6.18	3.10	5.51	0.46	-1.15	119	
6	35	23	5.15	6.10	5.34	-0.76	2.15	120	
6	35	28	8.13	-7.07	10.56	-18.86	5.47	121	
6	35	33	10.44	17.16	3.38	18.91	11.87	122	
6	35	38	3.02	2.57	2.74	0.26	2.25	123	
6	35	43	3.39	3.73	3.87	-0.13	-1.72	124	
6	39	3	2.61	7.41	0.17	-8.11	-5.77	125	
6	39	8	-17.52	-23.63	9.84	-24.99	-15.42	126	
6	39	13	16.90	15.29	0.84	15.57	5.73	127	
6	39	18	4.48	3.26	3.92	0.63	-4.16	128	
6	39	23	2.51	2.43	3.53	-0.88	-4.67	129	
6	39	28	3.25	4.75	4.49	0.88	-0.96	130	
6	39	33	4.09	5.37	3.22	1.57	-0.15	131	
6	39	38	4.83	4.90	3.77	0.26	-2.99	132	
6	39	43	3.97	3.30	4.02	0.49	-0.27	133	
6	43	3	8.12	-1.99	9.33	-11.27	6.05	134	
6	43	8	-0.81	14.07	4.10	15.17	37.15	135	
6	43	13	6.40	5.10	4.02	0.45	1.60	136	
6	43	18	4.82	4.75	4.95	1.19	0.49	137	
6	43	23	3.49	3.92	3.82	0.35	1.82	138	
6	43	28	3.29	3.93	2.64	0.18	1.32	139	
6	43	33	3.80	3.09	4.40	-0.27	-0.62	140	
6	43	38	3.44	2.84	2.64	-0.79	1.78	141	
6	43	43	3.95	3.26	4.10	2.44	0.63	142	
