143
diam	c	r	EConv0	EConv1	EConv2	OConv0	OConv1
6	3	3	0.66	1.10	2.56	0.18	-0.14	44	
6	3	8	2.36	4.30	4.49	-0.09	0.74	45	
6	3	13	2.75	2.64	3.60	1.29	-0.34	46	
6	3	18	3.99	13.29	2.94	-8.32	-6.57	47	
6	3	23	-7.49	-21.54	-2.12	-9.08	-9.80	48	
6	3	28	4.63	18.29	5.36	5.65	14.44	49	
6	3	33	5.47	2.86	2.16	-1.63	-0.84	50	
6	3	38	-6.62	-14.86	-22.29	-36.88	-41.43	51	
6	3	43	1.29	-13.94	16.42	41.83	-33.92	52	
6	7	3	1.32	1.31	0.42	0.02	-2.60	53	
6	7	8	3.81	4.15	2.78	0.33	-1.32	54	
6	7	13	7.50	16.62	2.72	-8.78	-14.07	55	
6	7	18	-7.36	-30.34	4.21	9.08	-6.69	56	
6	7	23	0.68	32.26	6.35	-2.06	-8.34	57	
6	7	28	2.92	1.57	3.78	2.05	-1.12	58	
6	7	33	4.98	2.21	4.39	0.27	-1.30	59	
6	7	38	0.13	18.57	21.11	3.53	28.64	60	
6	7	43	-33.21	15.87	-20.72	1.30	16.23	61	
6	11	3	2.23	1.68	1.08	-0.11	3.56	62	
6	11	8	7.54	2.28	-9.49	-24.74	-12.90	63	
6	11	13	-0.65	-24.60	-3.87	8.77	13.24	64	
6	11	18	4.27	17.46	3.46	10.74	14.90	65	
6	11	23	-43.08	-19.08	-20.34	-45.20	-26.76	66	
6	11	28	16.26	2.24	22.69	13.24	-8.14	67	
6	11	33	3.76	3.32	5.34	-0.47	1.75	68	
6	11	38	1.89	3.07	4.24	2.16	0.17	69	
6	11	43	-32.11	-10.18	7.59	-4.94	-2.43	70	
6	15	3	3.63	2.97	3.30	-0.42	-0.43	71	
6	15	8	0.13	3.03	10.98	-0.54	7.02	72	
6	15	13	2.34	7.22	4.90	0.41	4.72	73	
6	15	18	8.66	20.00	-2.45	-18.24	-21.37	74	
6	15	23	-7.75	-17.06	-18.01	-30.49	22.58	75	
6	15	28	-1.67	9.06	-10.32	46.97	-50.88	76	
6	15	33	6.36	9.41	18.53	3.84	-11.81	77	
6	15	38	10.32	25.21	9.25	-20.39	-32.09	78	
6	15	43	-1.14	-5.87	-6.45	37.42	16.31	79	
6	19	3	2.72	3.05	1.61	-1.31	-1.68	80	
6	19	8	3.57	5.40	2.89	0.15	0.44	81	
6	19	13	2.17	20.08	1.42	-10.38	-22.32	82	
6	19	18	-8.50	-25.39	6.11	5.92	14.50	83	
6	19	23	19.95	7.00	31.32	-19.28	24.40	84	
6	19	28	-9.17	-3.26	-34.57	-16.97	29.48	85	
6	19	33	4.28	-31.77	-37.67	15.27	-23.37	86	
6	19	38	-1.17	-20.41	-6.96	35.42	46.43	87	
6	19	43	3.46	9.67	1.85	6.26	3.01	88	
6	23	3	2.43	1.47	3.66	-1.59	1.53	89	
6	23	8	13.27	-4.48	-8.34	-36.22	-10.56	90	
6	23	13	2.32	-18.86	-1.97	19.77	26.34	91	
6	23	18	3.83	10.59	1.67	2.50	4.67	92	
6	23	23	1.69	2.21	1.71	1.42	-0.44	93	
6	23	28	2.44	6.95	28.78	-9.93	21.83	94	
6	23	33	2.99	29.88	15.73	6.42	30.28	95	
6	23	38	3.33	5.21	2.27	0.96	-1.02	96	
6	23	43	-0.76	2.98	2.64	3.62	0.28	97	
6	27	3	4.89	15.58	14.92	-1.58	-22.50	98	
6	27	8	-4.69	-8.64	4.19	17.25	-9.11	99	
6	27	13	3.24	7.09	10.73	3.63	-6.35	100	
6	27	18	-0.97	12.07	11.17	-0.30	-13.81	101	
6	27	23	0.16	10.10	7.49	0.81	-10.84	102	
6	27	28	0.35	6.11	7.67	-0.28	-8.79	103	
6	27	33	0.38	17.28	6.46	-6.05	-18.60	104	
6	27	38	3.63	10.44	13.86	3.25	-12.08	105	
6	27	43	-0.46	11.21	15.08	2.94	-16.66	106	
6	31	3	5.05	9.82	-9.98	-21.36	14.68	107	
6	31	8	27.51	12.45	9.06	19.67	12.44	108	
6	31	13	0.30	-0.40	-5.52	3.01	13.82	109	
6	31	18	-6.09	-5.84	-6.62	1.10	22.32	110	
6	31	23	-0.58	-4.58	-1.58	-3.00	19.99	111	
6	31	28	2.81	4.49	0.37	5.63	11.12	112	
6	31	33	-2.08	-6.94	4.37	-8.55	24.23	113	
6	31	38	7.39	5.11	2.59	3.63	15.95	114	
6	31	43	0.08	-1.01	-5.63	4.43	25.35	115	
6	35	3	-1.88	-0.27	2.45	-48.47	-11.66	116	
6	35	8	17.02	7.56	4.96	9.04	-1.03	117	
6	35	13	1.01	2.44	2.32	0.17	-0.29	118	
6	35	18	1.41	3.40	1.43	-3.13	-0.13	119	
6	35	23	3.81	2.05	3.92	-0.29	1.02	120	
6	35	28	2.05	3.00	2.61	2.53	-0.03	121	
6	35	33	4.73	5.40	4.21	-2.58	1.73	122	
6	35	38	3.47	4.79	2.97	0.02	1.06	123	
6	35	43	1.54	1.58	4.23	3.29	0.64	124	
6	39	3	-38.40	-12.44	-5.56	-30.82	-1.14	125	
6	39	8	6.34	3.12	3.10	7.98	0.15	126	
6	39	13	1.18	3.29	0.19	-1.60	-0.35	127	
6	39	18	1.95	-0.04	3.91	-1.25	-1.31	128	
6	39	23	2.48	1.87	1.63	-0.07	-1.74	129	
6	39	28	2.36	2.47	2.07	1.60	2.88	130	
6	39	33	3.49	2.36	2.96	-1.68	-0.33	131	
6	39	38	3.21	3.95	4.05	-0.38	1.18	132	
6	39	43	1.08	2.62	1.26	1.55	0.96	133	
6	43	3	-46.12	-29.45	-24.09	-15.39	13.80	134	
6	43	8	2.98	4.56	0.29	2.20	0.58	135	
6	43	13	3.61	7.98	7.44	-4.57	-5.69	136	
6	43	18	0.60	15.01	13.85	-0.96	-12.74	137	
6	43	23	4.68	3.23	4.99	3.41	1.64	138	
6	43	28	2.72	3.15	2.80	0.09	0.84	139	
6	43	33	4.21	2.98	2.99	-1.65	-0.49	140	
6	43	38	2.96	1.75	1.90	-0.54	-0.80	141	
6	43	43	0.56	0.46	-0.05	0.42	-0.66	142	
