143
diam	c	r	EConv0	EConv1	EConv2	OConv0	OConv1
6	3	3	6.35	6.16	5.53	-0.06	-2.48	44	
6	3	8	5.19	4.65	1.37	1.43	-9.18	45	
6	3	13	10.09	3.67	5.15	-4.44	-7.17	46	
6	3	18	4.51	-2.15	4.04	0.25	7.95	47	
6	3	23	15.14	49.58	5.78	-27.40	-26.62	48	
6	3	28	16.63	-2.62	29.57	18.80	-17.01	49	
6	3	33	8.36	2.77	8.17	2.55	-3.07	50	
6	3	38	5.07	7.29	3.29	0.33	1.65	51	
6	3	43	3.76	3.28	4.62	0.66	-1.16	52	
6	7	3	6.53	6.20	6.70	2.21	-0.18	53	
6	7	8	6.56	8.22	6.69	0.26	4.75	54	
6	7	13	5.23	48.13	24.59	-5.06	-46.58	55	
6	7	18	6.34	32.43	18.77	-34.73	-98.53	56	
6	7	23	-14.54	-52.54	-1.68	-38.76	-78.03	57	
6	7	28	41.98	8.27	-1.89	65.58	16.94	58	
6	7	33	4.58	0.89	5.05	1.52	11.87	59	
6	7	38	4.10	11.12	12.99	-4.66	1.74	60	
6	7	43	4.13	5.46	3.05	-0.46	1.39	61	
6	11	3	1.44	0.19	2.34	2.34	0.47	62	
6	11	8	35.83	27.97	-11.48	-49.54	-21.16	63	
6	11	13	-10.94	-48.27	-19.16	-20.20	-41.78	64	
6	11	18	-3.19	-56.62	-19.40	23.54	49.21	65	
6	11	23	-31.36	19.48	-20.77	11.24	32.24	66	
6	11	28	24.29	50.84	46.52	25.87	-81.88	67	
6	11	33	8.65	34.81	5.90	-42.04	-103.68	68	
6	11	38	-28.47	-34.21	-2.08	43.30	-94.39	69	
6	11	43	10.82	5.98	5.53	-1.21	1.24	70	
6	15	3	6.95	6.44	0.41	4.47	7.37	71	
6	15	8	2.17	-1.52	46.03	-36.01	-37.55	72	
6	15	13	1.54	19.86	13.39	27.47	106.62	73	
6	15	18	8.41	41.51	14.88	20.88	39.83	74	
6	15	23	-14.42	-20.25	-18.76	-84.35	56.14	75	
6	15	28	-13.53	-33.69	-50.73	4.06	9.11	76	
6	15	33	14.76	-36.82	-0.82	-5.97	82.79	77	
6	15	38	-17.62	2.51	-23.36	50.66	99.20	78	
6	15	43	8.16	6.14	3.16	0.62	1.89	79	
6	19	3	34.14	13.64	8.41	-11.38	10.11	80	
6	19	8	-57.98	-18.55	-40.60	-10.40	-25.20	81	
6	19	13	44.30	5.99	31.74	28.21	-6.68	82	
6	19	18	6.02	0.23	-1.20	-1.21	12.70	83	
6	19	23	1.56	3.86	29.82	-7.38	21.88	84	
6	19	28	-7.69	29.30	35.42	-11.47	79.67	85	
6	19	33	16.59	26.27	5.26	1.53	20.34	86	
6	19	38	4.76	5.86	4.02	0.64	9.61	87	
6	19	43	6.00	-1.33	0.21	-4.81	12.43	88	
6	23	3	2.64	14.93	32.11	-3.31	-109.55	89	
6	23	8	-23.13	-9.35	14.13	-27.19	25.57	90	
6	23	13	23.94	37.82	-0.75	37.89	-83.71	91	
6	23	18	-5.30	14.13	12.63	-4.66	-122.81	92	
6	23	23	7.13	23.31	13.78	-0.36	-113.24	93	
6	23	28	3.39	14.40	19.68	3.75	-126.13	94	
6	23	33	4.23	24.07	26.93	1.20	-120.40	95	
6	23	38	6.80	29.79	29.79	-4.70	-112.88	96	
6	23	43	3.64	25.43	30.46	6.87	-112.74	97	
6	27	3	-1.92	-26.42	-27.64	11.64	77.52	98	
6	27	8	19.60	5.43	-29.81	-5.60	36.16	99	
6	27	13	2.79	-47.68	-3.50	11.04	36.54	100	
6	27	18	-8.94	-30.63	-30.37	5.36	83.20	101	
6	27	23	8.29	-24.74	-21.79	-11.76	84.75	102	
6	27	28	5.50	-24.37	-24.97	4.66	90.00	103	
6	27	33	0.54	-30.74	-32.66	-1.94	84.40	104	
6	27	38	2.19	-33.09	-31.99	-4.25	78.56	105	
6	27	43	3.26	-22.94	-25.72	7.37	85.88	106	
6	31	3	8.25	23.20	22.11	1.87	12.50	107	
6	31	8	31.10	37.70	15.00	-88.46	-6.02	108	
6	31	13	43.98	31.60	26.41	76.75	27.57	109	
6	31	18	0.79	23.55	24.57	-2.12	10.33	110	
6	31	23	6.10	17.61	21.06	-3.03	5.41	111	
6	31	28	5.92	21.29	18.11	2.12	7.36	112	
6	31	33	3.89	21.20	22.72	-1.11	7.21	113	
6	31	38	5.01	21.73	24.65	-0.11	11.54	114	
6	31	43	4.11	20.38	18.51	2.64	4.30	115	
6	35	3	3.43	4.22	8.38	15.60	-0.51	116	
6	35	8	-46.39	-33.60	4.89	-76.46	-50.41	117	
6	35	13	40.98	30.13	-0.23	31.92	8.44	118	
6	35	18	7.36	3.67	6.53	2.92	-3.31	119	
6	35	23	3.28	5.30	4.97	1.13	-2.26	120	
6	35	28	4.07	4.26	5.16	-1.46	-2.65	121	
6	35	33	5.12	4.12	3.71	-0.46	0.67	122	
6	35	38	5.18	5.03	3.88	2.56	-2.61	123	
6	35	43	4.42	4.12	3.25	-1.24	-0.17	124	
6	39	3	20.17	10.80	0.49	0.99	-1.07	125	
6	39	8	-83.38	-43.88	-17.15	10.04	2.79	126	
6	39	13	18.42	12.56	5.86	-1.30	1.92	127	
6	39	18	7.41	5.30	4.07	1.53	-0.23	128	
6	39	23	4.16	4.69	4.30	-0.00	-0.05	129	
6	39	28	4.12	4.34	4.52	-0.24	-0.17	130	
6	39	33	4.74	5.07	5.09	-0.65	-2.23	131	
6	39	38	4.17	4.63	4.43	-0.78	-2.13	132	
6	39	43	5.00	4.38	4.74	-0.50	-1.69	133	
6	43	3	8.21	8.58	10.52	4.59	-5.37	134	
6	43	8	-32.40	19.91	-1.28	0.26	81.77	135	
6	43	13	5.56	2.37	4.90	-5.81	-4.97	136	
6	43	18	4.22	4.95	4.95	0.24	0.02	137	
6	43	23	4.57	4.34	4.89	0.13	-1.31	138	
6	43	28	4.35	4.22	4.18	-0.06	-1.22	139	
6	43	33	4.44	4.20	4.44	-0.80	-0.94	140	
6	43	38	3.92	4.06	3.94	-0.40	-1.07	141	
6	43	43	5.25	3.98	4.30	-0.14	-0.39	142	
