143
diam	c	r	EConv0	EConv1	EConv2	OConv0	OConv1
6	3	3	3.03	7.32	4.89	1.25	-2.43	44	
6	3	8	4.19	6.84	9.78	-0.41	-1.48	45	
6	3	13	20.68	-1.89	25.60	-11.94	10.92	46	
6	3	18	-9.60	43.36	16.23	24.36	86.79	47	
6	3	23	8.76	9.57	1.62	-4.58	-10.22	48	
6	3	28	5.07	8.57	4.44	-2.26	-0.54	49	
6	3	33	5.31	3.53	7.04	0.30	3.18	50	
6	3	38	4.77	6.06	3.83	-1.91	5.13	51	
6	3	43	4.99	4.89	4.03	0.91	-0.41	52	
6	7	3	2.91	5.82	6.49	-0.13	-0.18	53	
6	7	8	4.36	7.68	6.43	-1.72	1.88	54	
6	7	13	3.87	6.18	2.61	3.28	-1.05	55	
6	7	18	3.77	-8.77	1.47	7.73	5.42	56	
6	7	23	-0.04	45.46	17.24	-17.11	-44.54	57	
6	7	28	11.77	5.36	18.87	5.69	-3.35	58	
6	7	33	3.71	-0.02	2.65	1.74	0.77	59	
6	7	38	5.33	6.82	3.66	-1.90	1.17	60	
6	7	43	3.40	6.25	5.37	-0.52	-1.34	61	
6	11	3	4.49	9.85	6.74	-2.00	2.30	62	
6	11	8	5.20	4.69	2.64	-0.23	1.34	63	
6	11	13	4.59	19.15	3.80	3.14	-0.18	64	
6	11	18	16.09	55.84	4.57	-52.57	-95.15	65	
6	11	23	-51.05	-81.88	-8.64	25.19	-37.60	66	
6	11	28	23.86	19.23	-0.49	10.75	8.47	67	
6	11	33	11.98	13.72	1.44	5.50	4.68	68	
6	11	38	-23.84	3.83	1.88	-52.35	-105.59	69	
6	11	43	28.63	-6.84	18.09	36.24	-8.40	70	
6	15	3	10.92	7.16	4.22	4.13	10.10	71	
6	15	8	-1.84	46.17	28.24	-1.56	-77.36	72	
6	15	13	-7.47	-26.94	13.27	-47.64	-75.02	73	
6	15	18	3.28	-10.22	-15.27	-53.96	32.99	74	
6	15	23	19.26	31.32	-3.03	95.38	90.61	75	
6	15	28	7.47	13.39	10.41	-3.22	7.70	76	
6	15	33	5.31	17.41	2.83	-78.07	-101.89	77	
6	15	38	-12.59	-36.83	8.07	59.22	100.60	78	
6	15	43	16.31	28.87	1.26	4.41	12.85	79	
6	19	3	31.96	51.94	0.19	-77.00	-64.74	80	
6	19	8	-20.00	-80.62	-2.82	27.62	19.96	81	
6	19	13	9.58	30.00	-7.57	53.75	83.67	82	
6	19	18	-44.13	-15.06	42.30	8.16	13.46	83	
6	19	23	21.19	53.97	8.15	-4.98	-12.35	84	
6	19	28	12.90	13.73	15.08	-67.69	-112.81	85	
6	19	33	-34.31	-80.36	-15.94	48.02	60.51	86	
6	19	38	22.53	35.05	-4.84	10.27	4.33	87	
6	19	43	3.97	0.70	5.25	-3.17	-3.07	88	
6	23	3	-13.55	-66.14	-33.65	-72.71	21.55	89	
6	23	8	14.07	24.58	17.16	128.88	13.71	90	
6	23	13	22.76	4.00	10.04	-18.56	0.71	91	
6	23	18	-33.98	-4.77	-68.44	-17.40	-28.85	92	
6	23	23	7.38	-65.65	-20.25	-36.30	-84.84	93	
6	23	28	-4.39	-41.89	-3.03	63.81	104.85	94	
6	23	33	14.41	56.71	9.58	17.42	30.08	95	
6	23	38	-0.64	2.74	5.64	-4.25	-2.50	96	
6	23	43	4.56	6.12	4.48	-0.18	1.83	97	
6	27	3	38.96	30.67	48.51	-34.66	33.30	98	
6	27	8	-44.85	-9.82	-21.18	98.34	-18.96	99	
6	27	13	-0.81	2.68	2.09	-7.81	-6.13	100	
6	27	18	2.37	13.07	59.62	-26.79	70.94	101	
6	27	23	-2.43	46.26	30.60	16.44	102.48	102	
6	27	28	17.37	33.66	6.57	8.88	5.51	103	
6	27	33	-15.92	37.74	22.28	-5.93	-85.77	104	
6	27	38	12.10	6.53	26.87	2.36	-0.66	105	
6	27	43	3.72	5.06	3.10	-1.02	-0.41	106	
6	31	3	30.29	6.58	13.67	-1.58	0.02	107	
6	31	8	-72.90	2.29	-25.46	72.01	-9.07	108	
6	31	13	0.70	4.43	4.60	-10.31	2.52	109	
6	31	18	3.83	2.40	1.31	1.00	-3.14	110	
6	31	23	2.73	5.04	3.04	2.01	-1.94	111	
6	31	28	16.76	2.51	3.33	-5.43	-3.77	112	
6	31	33	-34.88	-41.32	-59.13	-59.29	29.17	113	
6	31	38	45.44	-8.59	9.65	76.56	-16.15	114	
6	31	43	3.54	3.84	4.81	-1.30	1.55	115	
6	35	3	8.95	4.94	6.53	10.85	0.42	116	
6	35	8	-84.13	1.79	-47.22	-22.78	2.42	117	
6	35	13	20.02	5.97	17.72	0.89	-2.62	118	
6	35	18	3.30	5.92	7.88	0.09	1.47	119	
6	35	23	3.10	7.50	5.34	-0.60	4.23	120	
6	35	28	1.49	4.01	0.22	3.07	-2.94	121	
6	35	33	7.49	18.86	58.16	-17.28	43.66	122	
6	35	38	16.75	36.09	2.94	18.06	18.19	123	
6	35	43	5.08	5.39	3.51	0.29	0.19	124	
6	39	3	-0.62	5.49	0.55	6.61	-4.85	125	
6	39	8	-55.61	-20.73	-12.20	-74.80	24.61	126	
6	39	13	38.04	15.13	10.10	15.55	4.33	127	
6	39	18	3.74	6.30	1.93	-0.35	1.47	128	
6	39	23	6.20	4.93	4.54	-0.68	-0.10	129	
6	39	28	6.88	4.15	4.34	-2.57	-0.73	130	
6	39	33	2.06	3.57	1.37	3.57	2.61	131	
6	39	38	4.45	5.06	3.68	-1.45	-0.37	132	
6	39	43	3.00	2.70	3.66	-1.02	-0.98	133	
6	43	3	2.29	1.67	2.32	2.39	4.41	134	
6	43	8	-27.20	-14.46	10.50	-27.43	46.51	135	
6	43	13	13.18	3.76	3.12	-0.67	2.78	136	
6	43	18	8.03	1.16	5.99	-1.43	3.11	137	
6	43	23	6.09	2.93	3.93	1.00	5.39	138	
6	43	28	4.29	2.45	2.75	0.17	4.11	139	
6	43	33	4.41	3.06	0.45	-0.08	2.75	140	
6	43	38	3.33	0.09	1.51	0.61	3.33	141	
6	43	43	2.61	-2.04	-1.39	-0.60	6.15	142	
