143
diam	c	r	EConv0	EConv1	EConv2	OConv0	OConv1
6	3	3	3.62	3.01	3.01	-0.00	-0.97	44	
6	3	8	4.39	3.76	3.68	-0.80	-0.83	45	
6	3	13	4.91	3.89	4.70	0.63	-1.86	46	
6	3	18	3.90	3.45	3.01	-1.40	-1.05	47	
6	3	23	5.18	4.81	5.65	-0.34	-0.42	48	
6	3	28	2.26	3.18	2.30	-0.45	-0.07	49	
6	3	33	4.72	5.60	2.81	-1.55	-0.86	50	
6	3	38	0.93	32.05	12.11	-13.93	-41.66	51	
6	3	43	14.32	2.28	14.77	10.13	-7.67	52	
6	7	3	3.63	3.02	3.02	0.00	1.97	53	
6	7	8	5.03	3.27	3.41	-1.41	1.96	54	
6	7	13	3.39	3.64	3.16	2.21	-1.09	55	
6	7	18	3.68	4.20	4.64	0.25	0.84	56	
6	7	23	-0.73	4.65	1.91	0.36	-2.53	57	
6	7	28	3.28	4.05	4.58	-1.60	-1.39	58	
6	7	33	12.22	5.06	5.97	-3.43	3.41	59	
6	7	38	-46.87	-29.58	-28.34	-38.22	-16.35	60	
6	7	43	30.82	10.99	6.03	26.50	8.01	61	
6	11	3	3.68	3.93	3.93	-0.00	1.23	62	
6	11	8	4.05	4.27	3.85	-1.22	0.44	63	
6	11	13	3.23	5.22	3.74	-0.70	0.68	64	
6	11	18	3.49	5.85	2.68	-1.14	-2.96	65	
6	11	23	-0.31	4.07	-1.16	-23.86	-32.57	66	
6	11	28	17.97	0.69	13.45	18.08	-9.59	67	
6	11	33	18.82	26.72	2.19	-17.74	-17.27	68	
6	11	38	-29.53	-30.32	16.67	16.19	32.31	69	
6	11	43	19.31	15.68	4.17	2.78	-1.75	70	
6	15	3	2.76	4.13	3.33	-0.45	-3.77	71	
6	15	8	1.93	1.72	2.11	-1.27	-1.51	72	
6	15	13	4.19	5.77	3.51	-3.78	0.12	73	
6	15	18	2.84	10.22	-0.98	-31.19	-33.07	74	
6	15	23	24.54	2.39	15.10	15.97	30.10	75	
6	15	28	6.02	20.29	-0.80	11.40	-40.78	76	
6	15	33	-11.50	-40.34	8.85	-22.03	-40.61	77	
6	15	38	17.10	26.36	-1.90	31.49	25.46	78	
6	15	43	7.71	6.75	7.35	-5.88	-0.39	79	
6	19	3	3.38	4.39	5.02	-1.39	3.12	80	
6	19	8	2.28	3.05	5.78	2.75	-0.33	81	
6	19	13	13.05	23.36	-5.44	-35.65	-20.91	82	
6	19	18	-9.31	-28.28	12.27	34.52	21.71	83	
6	19	23	12.23	13.46	5.64	-1.40	1.22	84	
6	19	28	-8.32	-14.03	-3.92	-27.23	45.92	85	
6	19	33	-0.57	18.29	2.68	37.80	49.83	86	
6	19	38	3.61	7.27	3.49	-0.23	2.49	87	
6	19	43	5.63	4.15	2.15	-6.04	2.55	88	
6	23	3	4.07	3.34	4.34	-0.63	-1.72	89	
6	23	8	1.69	4.61	1.04	1.72	-0.23	90	
6	23	13	-18.44	-31.03	2.71	-38.01	5.45	91	
6	23	18	20.09	28.99	-1.78	20.60	18.08	92	
6	23	23	4.87	6.13	5.47	0.65	0.46	93	
6	23	28	2.00	9.28	7.87	0.67	6.73	94	
6	23	33	1.89	8.73	3.00	2.25	5.62	95	
6	23	38	4.48	3.64	5.00	0.23	-0.27	96	
6	23	43	4.27	1.79	4.47	0.45	1.43	97	
6	27	3	3.43	4.03	3.45	1.14	0.48	98	
6	27	8	4.17	5.37	5.86	-1.99	0.03	99	
6	27	13	-2.92	11.73	10.68	-0.05	20.33	100	
6	27	18	4.25	1.59	5.01	0.08	-4.27	101	
6	27	23	3.24	2.07	1.58	-0.31	1.41	102	
6	27	28	3.84	3.27	3.82	0.12	0.15	103	
6	27	33	1.99	2.75	2.13	0.26	-1.35	104	
6	27	38	4.51	2.52	5.88	0.97	-2.17	105	
6	27	43	4.60	1.42	1.09	-1.26	1.66	106	
6	31	3	3.87	3.71	3.05	-0.59	0.38	107	
6	31	8	5.42	13.18	5.00	-4.56	-3.72	108	
6	31	13	-0.69	23.17	19.51	4.61	-28.95	109	
6	31	18	1.43	7.96	18.60	2.17	-11.15	110	
6	31	23	4.43	3.60	2.80	-0.66	-0.24	111	
6	31	28	3.73	4.18	3.91	-0.15	-0.64	112	
6	31	33	4.65	3.38	2.98	-2.10	1.98	113	
6	31	38	8.38	26.02	2.46	-5.84	-18.12	114	
6	31	43	3.21	10.95	30.88	6.86	-39.20	115	
6	35	3	4.10	4.00	4.28	-0.54	-0.35	116	
6	35	8	31.47	21.24	-9.31	-66.02	-15.52	117	
6	35	13	2.98	-31.68	-19.23	10.50	-42.04	118	
6	35	18	-11.30	-24.03	-35.13	33.46	-51.66	119	
6	35	23	12.54	0.52	13.52	9.92	-7.84	120	
6	35	28	1.56	2.63	5.15	-0.46	0.77	121	
6	35	33	9.69	16.54	1.59	-10.91	-13.79	122	
6	35	38	-6.00	-31.20	3.76	-27.35	-28.02	123	
6	35	43	1.38	-0.68	-43.04	7.13	20.62	124	
6	39	3	4.03	3.56	3.41	-0.25	-1.13	125	
6	39	8	15.89	-17.37	27.87	-38.89	26.22	126	
6	39	13	0.44	19.08	3.61	18.49	82.89	127	
6	39	18	10.78	25.04	27.27	-2.61	66.17	128	
6	39	23	14.84	13.35	-2.21	13.92	8.06	129	
6	39	28	9.54	13.89	4.24	0.44	-0.41	130	
6	39	33	-9.13	-17.63	6.35	-33.94	-32.14	131	
6	39	38	9.34	20.23	6.91	32.97	44.91	132	
6	39	43	17.23	23.02	25.30	-54.21	-16.34	133	
6	43	3	4.31	4.32	4.82	-2.96	0.16	134	
6	43	8	4.89	5.99	1.22	1.86	-1.80	135	
6	43	13	3.50	5.04	4.89	1.94	-0.72	136	
6	43	18	2.56	1.59	2.55	1.03	-5.03	137	
6	43	23	5.84	3.43	3.67	-0.89	3.30	138	
6	43	28	6.54	7.80	-8.14	-42.70	-40.42	139	
6	43	33	-0.20	-5.86	2.12	46.20	41.73	140	
6	43	38	7.55	30.87	-0.05	-27.16	-36.75	141	
6	43	43	-18.07	-47.09	13.94	12.23	4.91	142	
