143
diam	c	r	EConv0	EConv1	EConv2	OConv0	OConv1
6	3	3	4.75	3.15	1.39	0.21	-0.57	44	
6	3	8	3.73	3.24	4.34	2.25	1.04	45	
6	3	13	4.58	4.43	2.88	-0.31	-0.13	46	
6	3	18	4.27	-0.30	3.53	-6.32	0.51	47	
6	3	23	6.07	2.17	2.62	-6.57	6.72	48	
6	3	28	5.48	0.57	2.94	0.93	0.91	49	
6	3	33	8.91	7.83	-2.52	-2.07	-4.67	50	
6	3	38	6.78	32.27	42.39	2.55	-41.32	51	
6	3	43	-1.59	15.83	41.30	13.94	-36.11	52	
6	7	3	5.30	5.47	5.58	-1.50	-2.06	53	
6	7	8	3.80	4.14	2.17	0.39	-0.54	54	
6	7	13	5.30	2.53	4.56	-1.36	1.54	55	
6	7	18	2.51	3.44	3.20	-1.17	-0.11	56	
6	7	23	27.46	49.38	-4.26	-32.34	-31.27	57	
6	7	28	9.87	-49.84	19.31	85.09	-31.06	58	
6	7	33	31.04	5.96	12.85	-18.72	3.03	59	
6	7	38	-34.99	-85.19	-64.03	25.31	22.74	60	
6	7	43	-61.69	-17.01	-30.98	68.09	9.07	61	
6	11	3	1.95	1.31	3.34	-0.24	0.43	62	
6	11	8	4.73	2.44	2.66	-0.82	1.99	63	
6	11	13	3.07	2.49	3.40	0.74	-1.31	64	
6	11	18	15.11	46.17	1.31	-25.89	-27.97	65	
6	11	23	-37.82	-97.95	25.15	-37.10	-50.17	66	
6	11	28	24.01	48.83	-5.01	42.09	16.79	67	
6	11	33	1.67	12.44	1.78	-4.83	-2.96	68	
6	11	38	-0.67	35.96	28.62	-51.93	-64.08	69	
6	11	43	31.12	35.75	-13.93	62.12	49.97	70	
6	15	3	3.35	4.28	2.65	1.79	1.26	71	
6	15	8	-4.02	35.73	-18.09	-37.23	-49.81	72	
6	15	13	38.85	53.60	-8.29	-43.28	-41.98	73	
6	15	18	-28.62	-131.26	-1.72	-12.39	-25.70	74	
6	15	23	-33.78	30.60	-106.71	-10.43	45.94	75	
6	15	28	-7.71	-4.92	-3.91	0.10	-112.40	76	
6	15	33	-6.80	-121.27	-35.66	-3.87	-29.30	77	
6	15	38	8.92	52.07	3.55	48.81	85.85	78	
6	15	43	5.81	6.39	4.05	4.10	3.88	79	
6	19	3	3.34	4.01	3.94	-0.88	-0.51	80	
6	19	8	-47.00	-34.90	25.54	5.66	14.50	81	
6	19	13	41.13	-18.76	50.86	-5.43	38.78	82	
6	19	18	15.84	66.20	7.73	27.02	51.53	83	
6	19	23	10.37	4.68	36.50	-11.94	21.11	84	
6	19	28	-3.31	58.12	46.03	9.23	84.67	85	
6	19	33	6.48	32.20	11.05	8.98	19.44	86	
6	19	38	5.52	6.63	2.83	-2.02	-0.31	87	
6	19	43	4.20	2.53	4.89	4.31	0.12	88	
6	23	3	2.42	3.78	2.73	0.63	-0.49	89	
6	23	8	-11.02	-6.17	-0.33	59.84	8.10	90	
6	23	13	0.78	8.99	2.95	4.65	6.12	91	
6	23	18	4.23	3.05	3.76	-0.72	0.32	92	
6	23	23	4.11	3.38	4.37	0.79	-0.31	93	
6	23	28	3.46	4.64	3.74	3.97	1.62	94	
6	23	33	2.47	3.36	3.22	-0.57	2.02	95	
6	23	38	3.32	4.18	7.54	-4.94	2.53	96	
6	23	43	3.44	4.79	1.84	4.04	2.53	97	
6	27	3	5.89	5.50	3.68	-2.34	-1.33	98	
6	27	8	28.14	14.12	7.72	59.90	1.57	99	
6	27	13	3.79	4.13	4.37	1.54	0.21	100	
6	27	18	3.12	2.44	3.92	-1.19	-0.85	101	
6	27	23	3.72	6.58	3.75	-1.40	-3.30	102	
6	27	28	3.17	3.91	6.72	3.78	-5.21	103	
6	27	33	2.52	5.46	4.55	1.72	-6.03	104	
6	27	38	-0.71	0.12	4.84	-7.10	-2.12	105	
6	27	43	5.45	4.39	2.95	3.07	-0.55	106	
6	31	3	28.86	14.67	7.04	-16.69	-1.73	107	
6	31	8	45.11	18.27	9.87	48.72	7.70	108	
6	31	13	4.75	3.86	4.71	-0.16	-0.43	109	
6	31	18	2.81	4.24	3.18	0.74	1.66	110	
6	31	23	0.95	-0.71	-2.35	-12.72	-2.79	111	
6	31	28	3.51	-2.83	-3.38	4.89	3.56	112	
6	31	33	2.74	-0.40	1.08	0.06	5.06	113	
6	31	38	-2.07	0.63	0.06	3.33	3.33	114	
6	31	43	3.87	4.38	4.19	1.09	-0.47	115	
6	35	3	52.23	24.27	5.53	-43.66	-8.65	116	
6	35	8	47.59	19.52	5.14	32.07	4.59	117	
6	35	13	4.01	3.94	4.97	0.19	-0.43	118	
6	35	18	5.26	3.21	4.39	0.54	2.22	119	
6	35	23	2.91	1.61	4.21	-7.28	5.98	120	
6	35	28	6.62	6.00	5.74	4.42	2.16	121	
6	35	33	3.33	5.42	3.59	1.84	1.27	122	
6	35	38	-1.60	0.59	1.10	-1.10	5.06	123	
6	35	43	3.88	3.73	4.38	1.57	0.96	124	
6	39	3	47.24	17.32	6.39	-70.61	-6.82	125	
6	39	8	21.05	10.39	3.93	8.96	0.68	126	
6	39	13	4.01	2.53	1.95	0.92	0.54	127	
6	39	18	5.22	3.85	4.99	1.99	-0.95	128	
6	39	23	3.03	4.59	6.05	-0.76	0.79	129	
6	39	28	2.56	3.87	2.96	1.31	0.08	130	
6	39	33	4.93	4.24	3.23	-0.85	-1.28	131	
6	39	38	1.78	0.72	5.66	2.41	-3.20	132	
6	39	43	3.25	3.76	4.09	-0.06	-1.41	133	
6	43	3	18.10	-12.94	31.46	-32.62	22.42	134	
6	43	8	7.15	6.05	4.43	0.80	1.63	135	
6	43	13	4.29	3.78	3.50	-0.03	2.28	136	
6	43	18	3.91	4.69	4.65	2.71	-0.46	137	
6	43	23	1.79	3.54	0.63	-0.79	-1.17	138	
6	43	28	30.78	58.00	-19.06	-63.51	-52.77	139	
6	43	33	80.06	14.19	25.31	22.88	-64.56	140	
6	43	38	-36.01	-38.50	-30.01	56.59	-111.57	141	
6	43	43	3.77	5.81	3.04	0.18	0.04	142	
