143
diam	c	r	EConv0	EConv1	EConv2	OConv0	OConv1
6	3	3	4.40	3.61	3.88	0.04	-0.42	44	
6	3	8	2.07	3.48	3.37	-0.05	1.51	45	
6	3	13	1.91	1.97	1.86	-1.11	-0.70	46	
6	3	18	4.15	4.01	4.39	1.28	0.07	47	
6	3	23	3.42	3.78	4.12	-0.22	-1.13	48	
6	3	28	2.82	0.52	1.59	-1.84	0.44	49	
6	3	33	3.27	3.10	1.65	0.32	-3.06	50	
6	3	38	12.35	16.96	14.21	-25.08	-4.52	51	
6	3	43	21.36	11.17	11.55	18.13	0.31	52	
6	7	3	5.33	5.24	4.19	-0.02	0.71	53	
6	7	8	1.63	-0.09	1.68	-0.95	-0.69	54	
6	7	13	4.15	5.46	3.29	1.67	0.25	55	
6	7	18	4.56	1.64	0.72	-1.47	1.05	56	
6	7	23	10.58	26.93	0.21	-10.87	-11.29	57	
6	7	28	1.63	-4.88	34.96	23.76	-30.74	58	
6	7	33	-31.20	-46.36	-22.77	-48.34	-70.64	59	
6	7	38	25.66	-59.47	-68.47	-23.39	37.59	60	
6	7	43	13.33	-38.47	10.55	96.11	-43.73	61	
6	11	3	3.60	2.47	2.48	-2.07	0.35	62	
6	11	8	2.40	3.73	3.66	2.53	-0.44	63	
6	11	13	2.31	2.70	4.54	-3.57	-0.47	64	
6	11	18	1.95	4.44	0.60	1.37	-3.61	65	
6	11	23	0.54	-1.30	-8.69	-108.84	-63.71	66	
6	11	28	69.13	50.52	37.92	76.15	-5.30	67	
6	11	33	-5.42	59.37	4.75	49.58	41.67	68	
6	11	38	19.86	-4.63	25.33	-58.59	-87.07	69	
6	11	43	34.07	37.67	-13.07	84.85	41.08	70	
6	15	3	3.27	4.03	4.90	-0.39	-0.97	71	
6	15	8	1.01	3.10	6.29	2.59	2.78	72	
6	15	13	-10.46	35.70	-23.94	-61.96	-84.62	73	
6	15	18	-1.63	-75.15	-0.81	-5.03	-79.79	74	
6	15	23	16.65	-19.86	12.59	-12.97	102.21	75	
6	15	28	-0.55	-55.77	-82.42	-0.17	62.33	76	
6	15	33	-2.38	-76.35	-49.68	14.49	68.35	77	
6	15	38	16.08	56.31	8.62	24.04	70.74	78	
6	15	43	17.82	6.03	9.86	16.85	-1.29	79	
6	19	3	3.59	4.16	3.19	-1.25	0.04	80	
6	19	8	-0.91	0.32	2.46	6.30	-0.79	81	
6	19	13	-49.03	-8.94	31.87	-67.57	10.34	82	
6	19	18	22.81	64.51	7.27	33.12	52.35	83	
6	19	23	4.18	1.91	0.02	0.27	-0.35	84	
6	19	28	4.34	9.33	8.40	0.98	2.73	85	
6	19	33	0.22	1.92	2.07	-3.00	-0.71	86	
6	19	38	8.93	2.33	3.93	-8.54	2.84	87	
6	19	43	16.49	5.83	7.78	24.49	-1.17	88	
6	23	3	3.31	3.43	1.96	-2.30	0.20	89	
6	23	8	29.00	26.36	-3.39	-14.07	-3.78	90	
6	23	13	-76.15	-54.30	9.83	76.86	0.11	91	
6	23	18	-1.65	2.65	4.92	-10.27	-1.81	92	
6	23	23	3.97	3.22	4.27	-3.23	1.05	93	
6	23	28	3.91	3.91	3.01	-1.92	-1.55	94	
6	23	33	3.59	5.21	5.25	2.12	2.00	95	
6	23	38	6.92	2.05	3.17	-7.85	3.94	96	
6	23	43	12.39	8.47	7.34	19.16	-1.11	97	
6	27	3	4.43	3.56	3.58	-2.82	-2.35	98	
6	27	8	48.82	36.00	-9.29	-93.33	-46.16	99	
6	27	13	10.03	3.90	1.97	130.98	36.93	100	
6	27	18	0.67	2.91	4.98	0.13	-0.37	101	
6	27	23	3.11	3.46	4.50	-2.23	1.48	102	
6	27	28	3.27	2.42	5.31	-1.31	4.19	103	
6	27	33	3.20	3.93	2.27	-0.24	0.30	104	
6	27	38	8.17	4.68	4.11	-5.43	-2.11	105	
6	27	43	4.55	5.00	3.54	16.62	-0.08	106	
6	31	3	1.38	1.16	4.37	1.08	2.25	107	
6	31	8	-10.74	-3.37	2.09	-135.14	-17.81	108	
6	31	13	57.40	35.30	-6.31	86.58	28.70	109	
6	31	18	3.65	3.81	2.05	0.36	2.22	110	
6	31	23	3.18	2.92	3.17	-1.13	-0.08	111	
6	31	28	4.24	3.06	3.59	-0.87	0.08	112	
6	31	33	2.62	3.06	3.42	-2.10	0.08	113	
6	31	38	8.22	3.32	5.11	-7.80	0.92	114	
6	31	43	5.47	1.32	3.00	18.21	-2.15	115	
6	35	3	-1.42	0.97	3.83	8.90	-0.63	116	
6	35	8	-82.89	-54.41	10.53	-67.48	-22.66	117	
6	35	13	26.88	20.28	-0.83	10.13	7.15	118	
6	35	18	5.00	3.45	4.07	-2.27	-2.71	119	
6	35	23	4.99	2.96	2.61	-0.10	-1.35	120	
6	35	28	4.81	2.65	2.27	1.75	-0.11	121	
6	35	33	3.16	2.51	2.93	0.74	0.96	122	
6	35	38	6.49	2.61	4.74	-3.79	1.53	123	
6	35	43	5.66	7.97	1.41	13.33	6.00	124	
6	39	3	6.14	8.56	5.31	6.65	-0.81	125	
6	39	8	-107.78	-33.88	-21.99	20.16	11.31	126	
6	39	13	9.01	4.08	4.83	-5.91	-2.73	127	
6	39	18	4.93	3.27	5.21	-0.75	1.52	128	
6	39	23	4.69	3.10	2.16	-0.81	1.77	129	
6	39	28	4.51	3.54	2.26	1.07	-1.31	130	
6	39	33	3.15	3.08	4.18	0.28	-1.21	131	
6	39	38	8.60	8.74	6.23	-2.11	-1.79	132	
6	39	43	2.43	-0.54	4.12	15.13	-4.85	133	
6	43	3	1.53	2.46	1.40	5.42	-0.96	134	
6	43	8	-96.34	-39.78	-48.36	12.50	49.53	135	
6	43	13	1.23	0.98	4.11	-5.15	-1.91	136	
6	43	18	4.60	3.31	3.43	1.92	0.25	137	
6	43	23	2.95	2.75	2.72	-0.71	-0.69	138	
6	43	28	3.49	3.47	4.19	-1.99	-0.38	139	
6	43	33	2.77	3.86	2.32	2.40	1.92	140	
6	43	38	6.70	4.67	6.05	-3.91	-1.01	141	
6	43	43	-4.07	-1.89	1.14	19.82	-1.86	142	
