143
diam	c	r	EConv0	EConv1	EConv2	OConv0	OConv1
6	3	3	3.32	3.60	2.91	-8.61	-1.97	44	
6	3	8	2.06	0.02	4.87	-0.52	2.73	45	
6	3	13	0.82	-6.97	7.58	-10.34	28.68	46	
6	3	18	3.09	14.38	-2.45	12.05	22.36	47	
6	3	23	7.79	20.67	1.72	-6.96	-17.58	48	
6	3	28	-1.68	-2.51	15.46	17.43	-27.64	49	
6	3	33	2.66	1.49	3.38	0.06	-3.46	50	
6	3	38	5.26	3.16	4.77	-1.63	2.93	51	
6	3	43	3.59	3.61	2.57	3.39	1.78	52	
6	7	3	-0.28	4.64	2.44	-11.03	-7.27	53	
6	7	8	3.24	0.62	5.21	5.32	2.20	54	
6	7	13	4.29	6.44	3.41	2.34	-3.68	55	
6	7	18	5.48	8.53	3.53	-5.78	-1.08	56	
6	7	23	-9.60	-8.34	-8.37	-45.17	-37.00	57	
6	7	28	-10.68	-8.04	-7.06	44.60	-24.96	58	
6	7	33	7.01	3.71	4.69	4.53	0.35	59	
6	7	38	6.57	4.18	5.37	2.37	-1.57	60	
6	7	43	3.54	2.99	3.59	2.64	0.85	61	
6	11	3	-6.28	0.60	3.14	-13.84	-11.28	62	
6	11	8	5.91	4.76	4.68	10.99	-6.97	63	
6	11	13	4.20	5.41	4.35	-3.60	-0.84	64	
6	11	18	12.32	15.20	-2.78	-34.80	-25.33	65	
6	11	23	-6.68	-23.56	14.25	12.40	25.30	66	
6	11	28	-36.08	-3.51	-13.53	26.25	3.26	67	
6	11	33	8.33	5.59	1.92	2.40	1.45	68	
6	11	38	5.24	5.77	4.13	2.29	-3.59	69	
6	11	43	5.03	4.26	5.62	5.13	-2.17	70	
6	15	3	-3.98	-0.90	-4.23	-14.37	12.53	71	
6	15	8	3.33	-1.23	-1.68	14.73	-1.21	72	
6	15	13	9.53	10.36	1.71	-11.03	-5.07	73	
6	15	18	-9.67	-16.85	10.07	-31.25	-9.46	74	
6	15	23	12.89	14.07	1.33	35.55	29.96	75	
6	15	28	-47.40	-11.86	-12.28	13.46	20.43	76	
6	15	33	4.42	1.86	4.25	3.54	-5.84	77	
6	15	38	1.19	-1.11	2.97	-0.74	-1.42	78	
6	15	43	4.62	5.03	1.08	2.75	-2.87	79	
6	19	3	4.98	3.11	11.28	-5.15	14.50	80	
6	19	8	4.42	11.05	1.94	-1.87	10.52	81	
6	19	13	13.71	10.08	3.25	-33.49	-17.68	82	
6	19	18	-5.34	-12.75	6.61	29.47	18.35	83	
6	19	23	14.53	12.26	2.91	6.50	-0.40	84	
6	19	28	-29.79	-9.21	-3.32	26.98	2.37	85	
6	19	33	4.81	13.44	4.20	-3.60	-1.43	86	
6	19	38	-0.98	18.57	8.32	-0.85	-27.64	87	
6	19	43	0.88	-1.05	7.04	5.89	-6.39	88	
6	23	3	4.43	4.96	3.86	-1.22	-0.50	89	
6	23	8	5.28	5.01	1.11	-11.79	-0.90	90	
6	23	13	-13.55	-14.92	7.05	-11.09	-9.70	91	
6	23	18	7.60	15.17	0.05	26.51	16.82	92	
6	23	23	9.65	6.62	1.45	-3.92	0.32	93	
6	23	28	-17.70	9.47	-3.63	23.84	-16.13	94	
6	23	33	1.22	3.26	0.64	-30.03	-54.87	95	
6	23	38	-7.94	-19.82	1.97	14.77	-26.20	96	
6	23	43	21.26	-0.23	11.91	30.31	-2.77	97	
6	27	3	3.81	3.88	2.97	-2.09	-0.68	98	
6	27	8	8.30	4.71	3.03	-18.99	-7.10	99	
6	27	13	-24.40	-4.08	-8.25	13.56	-1.83	100	
6	27	18	4.40	2.00	3.60	9.38	-2.38	101	
6	27	23	14.84	8.59	5.57	-8.65	-6.08	102	
6	27	28	-6.45	2.52	-8.02	-12.73	-15.71	103	
6	27	33	-5.72	-31.17	-6.68	-3.22	11.42	104	
6	27	38	1.16	-8.66	-21.78	23.34	36.57	105	
6	27	43	22.51	12.13	1.13	30.89	4.57	106	
6	31	3	5.77	3.95	2.74	-4.60	-0.59	107	
6	31	8	2.74	-1.35	2.57	-15.67	1.43	108	
6	31	13	-8.82	5.40	-8.40	-11.28	13.30	109	
6	31	18	12.60	2.26	11.83	21.79	-7.61	110	
6	31	23	8.99	0.99	6.29	-7.36	0.13	111	
6	31	28	-8.37	-9.46	2.62	-8.73	39.79	112	
6	31	33	2.73	13.36	2.53	20.19	48.25	113	
6	31	38	6.95	18.50	12.67	-1.56	18.51	114	
6	31	43	9.02	8.79	2.94	8.80	0.87	115	
6	35	3	5.91	3.41	4.63	-3.73	0.81	116	
6	35	8	5.17	-0.01	5.49	-7.75	13.43	117	
6	35	13	7.59	3.40	3.84	-26.12	9.24	118	
6	35	18	8.36	4.17	-0.74	33.65	-5.02	119	
6	35	23	5.40	1.50	2.85	-1.09	0.85	120	
6	35	28	0.47	7.52	7.71	10.04	7.03	121	
6	35	33	8.90	10.49	6.87	-6.92	-0.34	122	
6	35	38	2.41	-3.13	-0.05	-0.70	-0.31	123	
6	35	43	2.88	2.50	1.89	6.70	0.18	124	
6	39	3	2.81	1.89	4.42	-0.33	0.37	125	
6	39	8	4.40	5.46	5.64	0.93	1.24	126	
6	39	13	2.48	0.97	7.04	-18.07	13.22	127	
6	39	18	4.03	10.03	-3.87	7.11	13.36	128	
6	39	23	9.02	6.03	7.33	2.61	1.14	129	
6	39	28	0.88	2.94	1.67	3.79	2.53	130	
6	39	33	6.27	5.56	4.10	-7.49	1.37	131	
6	39	38	6.29	5.44	5.46	2.55	4.55	132	
6	39	43	0.28	2.02	2.10	4.98	2.67	133	
6	43	3	1.89	2.89	2.85	1.25	-0.01	134	
6	43	8	2.63	3.23	2.08	-2.09	-0.89	135	
6	43	13	2.70	0.92	7.02	-3.81	7.79	136	
6	43	18	5.02	7.10	2.07	-11.90	6.64	137	
6	43	23	4.84	2.88	3.35	3.51	-4.94	138	
6	43	28	4.96	4.63	4.48	3.97	0.45	139	
6	43	33	1.04	-0.08	2.19	-4.79	-4.26	140	
6	43	38	5.13	4.61	5.33	2.49	-1.12	141	
6	43	43	3.49	5.29	3.24	2.36	3.46	142	
