143
diam	c	r	EConv0	EConv1	EConv2	OConv0	OConv1
6	3	3	-0.68	3.71	-1.44	0.85	-2.20	44	
6	3	8	3.91	9.33	26.10	-6.76	25.35	45	
6	3	13	1.70	26.12	7.27	13.26	20.34	46	
6	3	18	2.65	5.73	-0.94	3.05	-0.63	47	
6	3	23	3.92	5.71	5.75	-3.33	1.02	48	
6	3	28	0.08	2.10	-3.60	0.26	3.94	49	
6	3	33	-0.73	2.51	9.56	-1.57	9.86	50	
6	3	38	2.74	2.39	-1.90	0.51	4.62	51	
6	3	43	0.39	2.62	2.29	-2.39	1.65	52	
6	7	3	3.45	5.10	5.12	-2.96	0.09	53	
6	7	8	4.98	2.39	3.40	0.94	-2.57	54	
6	7	13	0.32	4.46	4.13	6.12	2.70	55	
6	7	18	2.68	28.96	17.77	-9.06	-26.21	56	
6	7	23	3.11	18.54	3.20	-23.91	-56.40	57	
6	7	28	19.36	-6.13	27.78	28.53	-23.42	58	
6	7	33	0.07	-0.37	-0.32	0.32	7.47	59	
6	7	38	5.40	27.15	-1.91	-42.87	-49.31	60	
6	7	43	16.58	-11.64	23.40	31.22	-21.23	61	
6	11	3	3.64	3.72	4.45	-3.17	0.47	62	
6	11	8	3.69	4.38	2.40	-0.69	-1.94	63	
6	11	13	8.19	24.91	-19.88	-47.68	-34.27	64	
6	11	18	-7.61	-42.37	-15.35	-5.70	-18.87	65	
6	11	23	11.37	-18.12	-12.16	-4.04	31.41	66	
6	11	28	8.36	24.77	3.84	54.06	-27.60	67	
6	11	33	10.57	21.64	11.75	-27.05	-66.94	68	
6	11	38	-7.16	-47.70	6.82	-2.05	-0.80	69	
6	11	43	19.87	21.36	-10.45	38.94	19.58	70	
6	15	3	1.24	2.64	2.67	-2.90	-0.72	71	
6	15	8	1.04	5.37	1.28	2.20	2.41	72	
6	15	13	-26.09	-10.04	-0.57	-69.80	-6.13	73	
6	15	18	14.14	28.68	17.17	23.26	55.64	74	
6	15	23	29.68	15.17	18.11	-18.70	17.13	75	
6	15	28	-4.59	-16.19	-28.52	4.17	6.47	76	
6	15	33	-9.07	-33.38	-2.74	29.23	44.92	77	
6	15	38	4.99	36.94	4.15	23.56	45.54	78	
6	15	43	-5.77	0.63	3.02	-0.84	3.76	79	
6	19	3	0.33	3.87	0.98	-4.61	1.25	80	
6	19	8	1.92	2.35	2.93	-0.19	0.50	81	
6	19	13	-37.57	-2.61	-10.93	-71.91	-8.29	82	
6	19	18	26.85	1.54	13.27	7.23	-6.86	83	
6	19	23	4.73	3.07	1.23	1.94	-1.72	84	
6	19	28	6.72	24.27	32.87	1.96	34.18	85	
6	19	33	4.93	21.80	4.17	6.34	5.04	86	
6	19	38	7.23	3.62	6.88	5.01	-1.54	87	
6	19	43	2.56	2.97	2.27	-0.81	0.59	88	
6	23	3	1.20	1.43	3.70	-4.80	0.78	89	
6	23	8	0.82	1.81	3.92	3.17	1.04	90	
6	23	13	-18.27	-8.78	-7.92	-72.69	16.38	91	
6	23	18	41.08	7.16	20.96	36.06	-5.46	92	
6	23	23	8.82	5.90	8.38	-0.71	1.06	93	
6	23	28	5.15	2.16	0.43	0.54	0.17	94	
6	23	33	1.22	3.01	3.33	-0.22	-0.99	95	
6	23	38	13.21	16.69	0.15	-5.53	-0.95	96	
6	23	43	9.98	2.89	13.79	5.58	-6.46	97	
6	27	3	3.40	4.21	4.61	-0.12	2.02	98	
6	27	8	2.49	5.44	0.73	-0.69	-2.36	99	
6	27	13	27.13	6.51	21.54	-60.28	19.73	100	
6	27	18	28.82	3.65	12.98	59.70	-12.52	101	
6	27	23	3.59	2.50	2.23	-2.23	-0.68	102	
6	27	28	1.87	3.84	0.86	1.52	-4.99	103	
6	27	33	0.84	3.37	5.68	0.29	-1.06	104	
6	27	38	16.44	2.30	-11.43	-64.47	-29.75	105	
6	27	43	37.05	7.48	5.59	40.83	4.30	106	
6	31	3	0.95	3.37	3.44	-2.83	-1.86	107	
6	31	8	8.71	6.59	7.12	-3.97	-0.97	108	
6	31	13	46.07	11.38	20.50	-34.54	5.51	109	
6	31	18	14.99	4.86	7.69	69.83	-6.95	110	
6	31	23	2.24	1.79	0.56	-2.39	-1.92	111	
6	31	28	2.13	0.50	3.14	0.69	2.25	112	
6	31	33	3.60	4.49	3.80	0.63	-0.09	113	
6	31	38	-5.63	-1.41	25.25	-5.94	24.84	114	
6	31	43	6.05	14.57	3.49	-0.79	-1.00	115	
6	35	3	3.77	-1.40	1.33	0.76	2.41	116	
6	35	8	9.18	1.14	3.76	2.78	8.58	117	
6	35	13	22.60	-1.33	8.74	-10.47	13.20	118	
6	35	18	-22.94	-2.76	-6.97	74.25	-4.87	119	
6	35	23	-1.83	1.21	-3.36	-5.70	9.83	120	
6	35	28	6.67	-1.66	-2.83	0.13	8.65	121	
6	35	33	6.59	1.35	1.22	-0.67	3.41	122	
6	35	38	7.17	4.15	0.30	-1.34	8.90	123	
6	35	43	3.63	-0.30	-2.29	-1.94	7.89	124	
6	39	3	4.59	32.98	32.67	4.23	-59.83	125	
6	39	8	-1.50	24.47	14.12	-20.08	-91.94	126	
6	39	13	10.73	23.19	21.54	-7.23	-96.68	127	
6	39	18	-35.29	-3.06	-32.80	26.80	-54.52	128	
6	39	23	-3.07	-1.07	0.94	-10.32	-103.15	129	
6	39	28	18.47	22.89	25.67	17.73	-83.36	130	
6	39	33	-2.21	17.38	21.08	-6.52	-95.11	131	
6	39	38	1.42	9.47	7.39	-15.42	-97.05	132	
6	39	43	12.81	14.54	22.44	0.85	-93.33	133	
6	43	3	4.47	-12.03	-12.59	2.49	-14.00	134	
6	43	8	-2.92	-6.68	-2.87	4.21	1.35	135	
6	43	13	-0.37	-4.06	-0.83	1.90	2.18	136	
6	43	18	-0.09	7.76	8.16	3.91	-1.29	137	
6	43	23	-5.01	4.50	2.26	-0.69	-0.67	138	
6	43	28	1.49	-9.26	-8.68	-4.53	-5.40	139	
6	43	33	-5.33	-5.41	-10.55	-1.89	4.68	140	
6	43	38	-0.91	-2.55	3.45	1.26	3.44	141	
6	43	43	3.27	2.91	-0.63	-5.51	-2.51	142	
