143
diam	c	r	EConv0	EConv1	EConv2	OConv0	OConv1
6	3	3	2.58	1.87	0.30	-2.07	-3.36	44	
6	3	8	2.87	24.72	-10.69	-30.84	-43.16	45	
6	3	13	-8.59	-55.75	-23.48	-6.48	-19.01	46	
6	3	18	19.07	3.44	18.04	19.58	66.51	47	
6	3	23	-37.23	7.73	3.53	44.38	17.45	48	
6	3	28	2.76	10.96	2.62	1.03	2.59	49	
6	3	33	4.39	6.59	2.74	-0.07	1.17	50	
6	3	38	-2.60	28.98	20.31	-3.11	-27.97	51	
6	3	43	5.57	4.50	4.80	6.09	1.71	52	
6	7	3	0.75	3.32	4.63	-3.16	4.18	53	
6	7	8	-26.41	-36.65	-2.88	-32.58	41.08	54	
6	7	13	7.33	35.46	5.09	23.46	33.91	55	
6	7	18	1.73	4.56	3.46	-1.83	-3.42	56	
6	7	23	-27.86	18.28	-30.67	-42.16	10.46	57	
6	7	28	13.22	-5.58	27.12	27.11	-17.32	58	
6	7	33	22.33	12.18	0.11	-19.00	-3.93	59	
6	7	38	-27.40	-25.89	-28.00	-6.07	-29.51	60	
6	7	43	24.84	-2.70	24.30	28.85	-14.36	61	
6	11	3	1.63	1.99	3.04	-1.76	0.90	62	
6	11	8	6.51	11.77	6.64	0.14	2.00	63	
6	11	13	2.20	-0.45	1.39	1.69	-0.93	64	
6	11	18	7.55	19.12	2.03	-6.13	-6.25	65	
6	11	23	-2.82	-20.58	16.00	-39.36	-15.17	66	
6	11	28	14.99	0.48	-7.07	68.35	8.75	67	
6	11	33	17.98	-0.34	16.93	-13.72	4.60	68	
6	11	38	-19.05	19.39	-14.95	-44.67	20.66	69	
6	11	43	36.35	23.59	-5.59	44.29	15.35	70	
6	15	3	3.01	1.59	4.58	2.21	-2.07	71	
6	15	8	5.70	13.86	-1.58	-11.69	-7.20	72	
6	15	13	1.81	26.88	24.63	-5.70	-50.48	73	
6	15	18	-23.54	-67.39	-17.69	-4.42	-26.81	74	
6	15	23	28.60	37.29	-4.43	-43.43	18.33	75	
6	15	28	29.03	11.84	2.24	51.86	6.62	76	
6	15	33	6.68	15.51	3.28	-2.76	-2.76	77	
6	15	38	-50.46	-58.97	4.50	-1.18	16.00	78	
6	15	43	10.00	6.30	4.33	4.01	-1.22	79	
6	19	3	-0.14	3.52	0.52	3.73	0.25	80	
6	19	8	25.32	-2.23	4.74	-47.64	3.32	81	
6	19	13	-23.92	-10.16	-7.82	20.42	7.16	82	
6	19	18	9.19	36.71	4.42	21.49	38.72	83	
6	19	23	-5.46	-5.91	-6.76	-73.51	1.13	84	
6	19	28	22.89	39.62	15.14	-1.54	-59.63	85	
6	19	33	-1.94	-44.21	-10.94	-9.52	-64.93	86	
6	19	38	23.36	26.75	1.95	44.36	30.95	87	
6	19	43	4.67	4.55	3.02	-0.36	0.85	88	
6	23	3	0.34	3.22	-0.17	-0.45	2.86	89	
6	23	8	4.56	1.08	12.23	-4.60	5.06	90	
6	23	13	-65.34	-13.39	-10.45	-4.31	4.58	91	
6	23	18	4.46	2.73	3.58	2.89	-0.29	92	
6	23	23	18.75	-11.67	17.73	-64.14	25.47	93	
6	23	28	-5.91	-36.14	-22.95	10.82	62.74	94	
6	23	33	2.33	30.51	4.04	26.83	72.04	95	
6	23	38	4.59	8.53	0.57	1.24	6.93	96	
6	23	43	3.61	3.12	0.57	-1.94	1.48	97	
6	27	3	1.14	1.22	2.08	0.43	-3.43	98	
6	27	8	7.76	10.02	3.37	-7.34	-8.16	99	
6	27	13	-60.28	-23.75	-5.89	29.49	5.38	100	
6	27	18	3.25	4.55	3.04	-0.26	-3.47	101	
6	27	23	2.29	5.17	12.11	0.64	2.50	102	
6	27	28	1.01	15.20	12.54	0.40	-0.30	103	
6	27	33	1.79	-2.21	3.72	-4.35	-1.83	104	
6	27	38	4.42	4.32	1.52	-2.14	-1.50	105	
6	27	43	4.89	1.74	5.29	1.06	-1.83	106	
6	31	3	3.54	16.40	24.30	-0.45	-36.09	107	
6	31	8	17.58	18.25	18.65	-28.55	-33.66	108	
6	31	13	-6.30	14.00	-7.48	42.45	-0.92	109	
6	31	18	8.90	16.56	25.24	7.23	-23.81	110	
6	31	23	5.07	10.91	16.54	6.15	-18.00	111	
6	31	28	0.17	15.32	8.00	-0.87	-16.57	112	
6	31	33	3.38	8.19	9.86	1.87	-10.22	113	
6	31	38	0.71	1.29	7.19	0.64	-8.27	114	
6	31	43	3.97	6.04	9.40	6.60	-5.98	115	
6	35	3	0.03	0.11	-4.66	-2.86	3.06	116	
6	35	8	-9.95	-4.38	-17.06	-28.75	-9.79	117	
6	35	13	12.42	1.43	1.45	6.68	1.09	118	
6	35	18	2.16	-4.17	-8.93	5.29	-3.36	119	
6	35	23	2.46	-3.92	-15.05	4.76	-15.29	120	
6	35	28	9.11	-10.82	-5.42	1.92	-13.43	121	
6	35	33	3.11	-10.91	-15.40	2.57	-26.68	122	
6	35	38	-0.53	-10.48	-9.97	4.40	-28.88	123	
6	35	43	-1.74	-9.97	-12.32	-2.65	-35.07	124	
6	39	3	4.70	8.64	9.55	-2.74	51.65	125	
6	39	8	-32.45	-38.47	-1.55	6.61	47.65	126	
6	39	13	3.84	1.86	-3.82	-10.01	60.79	127	
6	39	18	3.94	-6.90	-3.97	1.65	56.53	128	
6	39	23	1.93	-8.78	-10.34	-7.50	53.89	129	
6	39	28	2.84	-3.71	-10.20	4.55	36.84	130	
6	39	33	-1.23	-13.90	-14.07	-8.64	45.64	131	
6	39	38	2.77	-9.74	-11.44	-0.29	39.03	132	
6	39	43	3.20	-14.95	-9.40	1.08	35.95	133	
6	43	3	1.80	3.13	3.98	-0.18	-2.78	134	
6	43	8	2.91	19.86	10.68	3.42	13.00	135	
6	43	13	0.86	-0.86	-0.14	0.45	-1.61	136	
6	43	18	-2.34	-0.82	-7.99	-4.78	-3.69	137	
6	43	23	3.96	2.50	8.94	0.86	-6.49	138	
6	43	28	0.56	3.41	1.82	0.74	5.83	139	
6	43	33	2.20	3.87	4.22	0.93	-1.18	140	
6	43	38	1.49	2.24	5.82	-3.51	2.06	141	
6	43	43	3.29	7.69	3.71	5.21	0.69	142	
