143
diam	c	r	EConv0	EConv1	EConv2	OConv0	OConv1
6	3	3	14.02	42.64	-4.53	-23.96	-33.80	44	
6	3	8	-7.01	-62.80	-4.00	-37.67	-81.63	45	
6	3	13	-3.95	-23.35	1.72	33.24	108.30	46	
6	3	18	18.67	62.83	12.27	13.94	41.82	47	
6	3	23	-1.42	5.56	26.08	-1.52	-29.53	48	
6	3	28	1.54	2.70	1.43	1.91	0.57	49	
6	3	33	0.76	3.16	2.67	2.63	-1.16	50	
6	3	38	3.73	1.53	2.42	0.35	-0.00	51	
6	3	43	4.68	3.38	6.82	0.66	-0.18	52	
6	7	3	9.70	-28.59	16.09	-55.03	35.70	53	
6	7	8	12.56	57.00	10.93	45.49	70.49	54	
6	7	13	6.46	11.39	4.20	3.72	-5.63	55	
6	7	18	0.36	-9.85	-13.10	-62.73	-79.36	56	
6	7	23	5.85	-29.21	-6.96	83.90	15.92	57	
6	7	28	3.24	3.30	1.79	-3.36	1.97	58	
6	7	33	3.77	0.04	4.92	5.37	5.99	59	
6	7	38	9.94	36.68	-2.46	-57.21	-63.98	60	
6	7	43	30.81	-11.45	11.15	46.76	-11.08	61	
6	11	3	7.20	4.89	4.14	1.28	-0.13	62	
6	11	8	12.88	26.76	9.92	-6.45	-5.99	63	
6	11	13	3.80	-16.35	12.03	-37.53	-64.00	64	
6	11	18	28.46	37.03	-4.30	-22.71	53.95	65	
6	11	23	40.18	29.77	33.47	60.09	11.29	66	
6	11	28	6.73	19.37	5.68	-3.65	6.69	67	
6	11	33	16.08	50.78	12.04	-42.19	-72.82	68	
6	11	38	-29.32	-69.35	12.12	36.91	42.05	69	
6	11	43	14.86	29.24	0.59	4.05	11.37	70	
6	15	3	29.17	32.64	-9.31	-38.32	-20.72	71	
6	15	8	-19.62	-76.43	6.50	20.71	-42.73	72	
6	15	13	3.92	48.22	12.06	22.49	57.12	73	
6	15	18	20.69	-21.81	-4.85	-95.78	16.30	74	
6	15	23	4.78	-17.13	-66.24	26.88	-72.65	75	
6	15	28	-4.39	-76.68	-37.49	-9.57	-69.86	76	
6	15	33	-7.51	-46.19	-6.37	43.01	86.23	77	
6	15	38	16.00	42.89	6.15	10.76	21.43	78	
6	15	43	3.05	0.43	3.06	-0.51	1.39	79	
6	19	3	44.86	1.40	19.75	-60.41	18.32	80	
6	19	8	-18.08	11.86	5.79	105.84	-3.02	81	
6	19	13	-0.30	-0.03	2.43	-9.44	-4.00	82	
6	19	18	10.68	5.99	30.33	-3.64	9.67	83	
6	19	23	-5.84	36.99	40.42	-3.86	81.67	84	
6	19	28	1.13	52.06	30.96	11.13	58.10	85	
6	19	33	6.23	12.49	2.07	-0.83	-3.77	86	
6	19	38	7.06	6.39	4.39	-1.44	-2.48	87	
6	19	43	3.58	2.34	3.77	-0.20	-1.79	88	
6	23	3	38.92	-2.39	23.23	-23.50	10.46	89	
6	23	8	-58.15	6.16	-40.40	58.51	-16.03	90	
6	23	13	8.27	4.87	4.19	-2.95	3.48	91	
6	23	18	2.36	4.22	2.29	-0.17	5.34	92	
6	23	23	4.47	2.17	1.32	-0.99	-0.04	93	
6	23	28	3.12	0.61	-3.23	0.20	-0.30	94	
6	23	33	4.91	2.91	5.88	0.52	0.74	95	
6	23	38	3.18	2.30	2.53	1.95	1.32	96	
6	23	43	3.52	3.28	2.92	-0.77	2.63	97	
6	27	3	12.25	41.58	41.42	7.78	-63.05	98	
6	27	8	-63.84	-2.91	-15.73	-31.28	-12.29	99	
6	27	13	29.66	42.55	54.44	22.90	-66.87	100	
6	27	18	2.27	41.25	42.99	1.47	-53.62	101	
6	27	23	5.40	46.16	43.52	-4.51	-54.03	102	
6	27	28	3.49	37.96	42.96	3.67	-59.15	103	
6	27	33	5.71	45.20	43.50	0.58	-55.41	104	
6	27	38	4.29	42.20	42.90	2.13	-53.20	105	
6	27	43	3.37	43.47	43.32	-0.07	-55.64	106	
6	31	3	-0.51	-15.82	-19.70	13.41	94.33	107	
6	31	8	-5.81	18.95	-38.63	-69.36	66.24	108	
6	31	13	32.95	-29.39	20.92	45.04	65.08	109	
6	31	18	1.88	-26.51	-31.07	-1.63	101.12	110	
6	31	23	5.06	-26.61	-22.32	4.25	98.09	111	
6	31	28	3.39	-16.30	-13.11	6.41	95.52	112	
6	31	33	2.23	-24.25	-26.48	-5.05	97.24	113	
6	31	38	5.56	-23.67	-24.36	1.25	92.58	114	
6	31	43	1.57	-31.88	-31.42	-2.29	93.60	115	
6	35	3	-1.22	0.35	-2.35	3.51	-4.03	116	
6	35	8	28.47	-3.39	17.50	-108.86	27.56	117	
6	35	13	12.97	9.43	9.02	111.50	-33.79	118	
6	35	18	-1.21	-2.06	-1.12	-5.18	-1.20	119	
6	35	23	-5.73	7.70	0.58	-19.80	-39.80	120	
6	35	28	9.87	1.59	-5.22	13.62	-4.31	121	
6	35	33	5.69	-2.36	-0.68	0.91	-5.80	122	
6	35	38	2.08	0.05	-0.76	2.28	-5.57	123	
6	35	43	3.46	0.88	1.05	0.15	-7.54	124	
6	39	3	5.33	3.24	4.94	-0.87	0.10	125	
6	39	8	44.77	-4.36	34.20	-42.33	19.78	126	
6	39	13	-42.33	16.97	-54.70	41.61	-29.91	127	
6	39	18	8.40	-11.33	18.66	-19.09	-96.44	128	
6	39	23	5.21	-7.88	-11.28	46.96	41.84	129	
6	39	28	3.47	2.38	5.19	0.75	-0.62	130	
6	39	33	3.84	5.25	4.90	-0.74	0.53	131	
6	39	38	2.78	4.24	4.30	-0.57	4.46	132	
6	39	43	4.09	4.16	4.16	-0.57	3.12	133	
6	43	3	5.68	3.90	6.71	3.30	0.57	134	
6	43	8	9.63	9.44	4.82	-0.51	-9.89	135	
6	43	13	-10.27	-3.51	16.73	-42.44	100.85	136	
6	43	18	-2.17	37.17	-1.59	38.99	88.67	137	
6	43	23	6.60	4.58	2.60	-5.73	3.09	138	
6	43	28	17.60	51.78	5.32	-27.25	-27.94	139	
6	43	33	-29.06	-34.52	5.58	21.90	-79.61	140	
6	43	38	6.32	6.34	0.66	-2.43	0.26	141	
6	43	43	4.05	2.87	3.02	-0.51	-0.79	142	
