143
diam	c	r	EConv0	EConv1	EConv2	OConv0	OConv1
6	3	3	3.14	6.26	3.64	-1.66	0.28	44	
6	3	8	5.52	0.36	11.57	-2.34	4.15	45	
6	3	13	4.24	38.41	21.32	4.75	33.07	46	
6	3	18	5.93	15.85	1.33	-0.98	3.53	47	
6	3	23	3.83	7.87	4.69	-14.65	-15.02	48	
6	3	28	25.90	21.53	-2.06	-18.94	-2.36	49	
6	3	33	-23.62	-62.46	-23.58	19.61	28.73	50	
6	3	38	-20.58	-2.54	-7.67	40.38	19.74	51	
6	3	43	41.30	17.33	9.02	-30.93	-1.25	52	
6	7	3	3.21	1.82	3.92	-4.14	2.38	53	
6	7	8	3.52	1.40	3.45	4.10	-1.50	54	
6	7	13	4.53	11.46	4.54	-4.71	-5.19	55	
6	7	18	5.77	2.55	8.08	-4.18	-7.97	56	
6	7	23	-29.30	-50.22	14.12	13.29	6.08	57	
6	7	28	7.19	17.28	7.96	-6.89	-5.48	58	
6	7	33	-4.56	-22.68	3.93	-15.05	-27.45	59	
6	7	38	9.85	22.11	1.00	12.58	9.55	60	
6	7	43	44.53	15.76	12.15	-40.43	-1.63	61	
6	11	3	4.02	2.18	1.97	-2.01	0.46	62	
6	11	8	9.74	30.85	3.32	-11.20	-15.50	63	
6	11	13	3.23	-8.98	9.44	-4.99	-30.54	64	
6	11	18	1.34	-33.98	-3.55	9.65	24.95	65	
6	11	23	-10.51	-19.44	-69.54	11.04	10.94	66	
6	11	28	-2.98	-56.90	-19.78	17.24	22.21	67	
6	11	33	6.08	23.96	2.16	8.84	18.25	68	
6	11	38	2.31	3.82	3.72	1.20	2.04	69	
6	11	43	41.86	10.70	12.96	-41.30	0.15	70	
6	15	3	3.68	4.48	5.82	-0.87	-0.18	71	
6	15	8	-61.41	-55.34	4.56	-2.98	-20.76	72	
6	15	13	4.84	29.26	11.41	9.57	25.41	73	
6	15	18	1.74	2.16	1.96	-0.28	0.97	74	
6	15	23	3.39	5.59	9.20	-1.12	5.72	75	
6	15	28	2.69	3.34	2.25	-0.72	1.64	76	
6	15	33	1.09	1.35	-0.51	2.29	1.54	77	
6	15	38	3.02	2.57	3.18	0.68	3.76	78	
6	15	43	42.03	13.47	9.85	-44.86	1.36	79	
6	19	3	17.75	16.08	0.49	-14.72	-8.29	80	
6	19	8	-47.33	-13.89	0.43	69.96	-4.58	81	
6	19	13	3.23	2.90	3.12	1.73	0.90	82	
6	19	18	2.63	3.61	4.16	0.15	0.83	83	
6	19	23	0.85	4.04	2.06	-1.14	-2.16	84	
6	19	28	5.29	8.40	2.58	-1.86	-2.16	85	
6	19	33	-17.49	-12.87	0.76	-23.26	-57.04	86	
6	19	38	6.51	1.37	2.00	2.50	1.21	87	
6	19	43	44.20	13.25	12.30	-45.40	-0.98	88	
6	23	3	45.22	22.86	6.42	-50.14	-8.12	89	
6	23	8	-25.34	-2.02	-4.51	81.23	4.70	90	
6	23	13	2.37	1.03	1.63	3.16	-0.99	91	
6	23	18	3.44	3.15	2.26	0.42	1.31	92	
6	23	23	2.49	1.99	4.17	-1.79	3.97	93	
6	23	28	7.36	1.84	7.80	-3.40	5.29	94	
6	23	33	0.93	43.18	10.04	17.96	41.09	95	
6	23	38	2.95	4.79	2.19	-0.46	-1.44	96	
6	23	43	29.34	-10.19	23.63	-31.44	15.28	97	
6	27	3	27.96	17.46	0.72	-87.21	-17.19	98	
6	27	8	-17.12	8.72	4.63	80.29	-7.63	99	
6	27	13	2.33	4.00	4.05	1.29	0.15	100	
6	27	18	2.55	3.12	1.98	0.26	-0.32	101	
6	27	23	2.94	2.24	3.28	0.11	0.53	102	
6	27	28	2.20	1.17	1.62	-1.74	1.09	103	
6	27	33	3.14	2.48	2.02	0.64	1.17	104	
6	27	38	2.30	1.79	3.90	-0.40	0.96	105	
6	27	43	1.64	2.38	0.19	-1.32	-0.73	106	
6	31	3	-5.87	-2.80	2.66	-96.30	-14.10	107	
6	31	8	-31.56	12.80	-21.64	46.13	-17.92	108	
6	31	13	10.22	0.15	16.51	8.16	-5.21	109	
6	31	18	2.98	2.47	1.74	-0.60	1.15	110	
6	31	23	2.85	3.50	0.86	0.24	-1.04	111	
6	31	28	2.45	2.52	3.65	0.74	-2.58	112	
6	31	33	3.25	2.56	3.08	-0.87	-1.50	113	
6	31	38	0.96	1.96	0.06	0.30	0.74	114	
6	31	43	1.96	1.03	0.74	-3.09	0.23	115	
6	35	3	-36.11	-16.65	-12.77	-81.96	-4.59	116	
6	35	8	-12.43	-2.01	0.14	12.25	1.07	117	
6	35	13	22.66	15.61	3.29	17.19	4.05	118	
6	35	18	2.88	3.94	4.64	0.95	-3.80	119	
6	35	23	2.92	1.49	4.17	-1.07	-0.18	120	
6	35	28	2.53	3.09	0.52	1.11	2.19	121	
6	35	33	3.11	3.33	2.73	0.17	0.57	122	
6	35	38	2.03	1.94	2.90	0.22	-1.00	123	
6	35	43	2.76	2.31	4.10	0.21	-0.22	124	
6	39	3	14.33	-9.10	17.71	-80.53	41.68	125	
6	39	8	-6.54	2.04	-8.58	4.04	-2.10	126	
6	39	13	25.87	11.95	23.89	8.84	-58.90	127	
6	39	18	12.75	-4.04	1.17	17.62	3.43	128	
6	39	23	2.07	2.71	1.37	0.25	-0.16	129	
6	39	28	3.34	1.77	2.86	0.13	-0.90	130	
6	39	33	2.58	2.19	2.49	-0.63	-2.34	131	
6	39	38	2.26	2.89	3.40	-1.59	-0.92	132	
6	39	43	3.03	3.08	2.65	1.69	-0.80	133	
6	43	3	6.78	2.79	13.48	-6.52	8.07	134	
6	43	8	0.88	33.78	37.56	-3.46	75.17	135	
6	43	13	3.61	45.60	10.38	18.09	43.95	136	
6	43	18	3.21	3.46	2.94	-0.55	1.57	137	
6	43	23	2.00	3.04	3.02	-1.10	0.55	138	
6	43	28	2.43	3.63	2.59	0.40	-0.21	139	
6	43	33	2.70	3.60	2.27	-1.19	1.47	140	
6	43	38	2.81	2.15	4.13	-0.01	1.90	141	
6	43	43	3.22	2.70	2.45	0.62	1.68	142	
