143
diam	c	r	EConv0	EConv1	EConv2	OConv0	OConv1
6	3	3	3.61	3.61	3.61	0.00	-0.00	44	
6	3	8	2.87	2.54	4.25	1.66	1.17	45	
6	3	13	2.81	3.03	1.84	-0.79	2.39	46	
6	3	18	3.13	3.22	2.42	0.50	0.60	47	
6	3	23	3.70	4.03	4.02	-1.10	-0.23	48	
6	3	28	4.90	4.93	3.17	-0.24	-0.77	49	
6	3	33	5.54	3.94	7.35	3.05	-1.35	50	
6	3	38	10.02	15.54	14.53	-24.48	-11.31	51	
6	3	43	17.27	7.10	7.62	15.04	-3.12	52	
6	7	3	3.61	3.61	3.61	0.00	-0.00	53	
6	7	8	3.32	3.48	2.14	0.35	-0.99	54	
6	7	13	3.86	3.77	3.57	-0.19	-3.09	55	
6	7	18	4.21	3.62	3.82	-1.60	-1.43	56	
6	7	23	3.44	3.00	3.15	-0.64	-1.35	57	
6	7	28	4.28	4.77	3.06	1.25	-2.29	58	
6	7	33	6.05	27.41	-7.21	-50.45	-68.88	59	
6	7	38	-20.15	-34.58	0.12	29.52	-66.87	60	
6	7	43	16.28	6.19	7.27	15.80	3.75	61	
6	11	3	3.62	3.37	3.37	-0.00	0.23	62	
6	11	8	3.58	3.30	1.95	-1.12	-0.76	63	
6	11	13	3.89	4.14	3.90	-1.41	0.48	64	
6	11	18	3.11	6.19	3.92	-0.48	-1.51	65	
6	11	23	3.32	4.87	9.43	-0.43	-3.65	66	
6	11	28	22.25	12.04	-4.48	-29.06	-4.55	67	
6	11	33	-6.39	-45.59	3.47	0.07	59.03	68	
6	11	38	-30.82	1.02	-16.73	31.40	44.86	69	
6	11	43	17.98	7.02	7.78	16.56	0.98	70	
6	15	3	3.80	4.78	4.67	0.08	-1.26	71	
6	15	8	4.45	5.11	3.85	-1.59	-1.74	72	
6	15	13	3.38	0.15	5.29	0.61	-0.41	73	
6	15	18	13.76	26.67	-7.62	-46.31	-33.96	74	
6	15	23	12.27	-16.15	15.72	47.75	-19.36	75	
6	15	28	12.03	2.20	23.19	-6.96	11.17	76	
6	15	33	10.53	31.84	5.34	-13.92	-15.90	77	
6	15	38	2.43	11.88	-0.11	9.04	29.69	78	
6	15	43	14.15	4.90	4.32	17.59	-0.53	79	
6	19	3	4.11	2.59	5.21	2.54	1.44	80	
6	19	8	2.99	2.83	3.98	-0.58	1.01	81	
6	19	13	10.79	13.50	0.79	-5.08	-5.38	82	
6	19	18	-6.95	-31.55	5.89	-53.11	-15.71	83	
6	19	23	16.01	-1.77	-30.15	47.11	-15.51	84	
6	19	28	-1.48	-30.69	-29.05	-7.02	-35.54	85	
6	19	33	-1.23	-22.92	-0.60	18.30	17.90	86	
6	19	38	17.86	14.13	4.11	-18.64	5.46	87	
6	19	43	18.26	6.12	9.91	20.55	-2.98	88	
6	23	3	2.70	2.95	1.09	1.62	-1.14	89	
6	23	8	4.61	6.51	2.42	-4.19	-3.95	90	
6	23	13	1.64	-6.90	0.55	-31.69	-30.45	91	
6	23	18	7.29	11.86	14.31	25.43	50.15	92	
6	23	23	7.84	28.61	19.12	-0.79	28.89	93	
6	23	28	5.75	22.12	19.38	4.60	28.08	94	
6	23	33	5.87	16.55	7.21	1.31	4.85	95	
6	23	38	11.62	0.94	7.28	-19.93	2.48	96	
6	23	43	13.56	8.74	0.58	18.75	4.65	97	
6	27	3	3.56	5.67	4.12	-1.32	0.07	98	
6	27	8	4.63	11.28	2.44	-17.58	-18.25	99	
6	27	13	-5.55	-1.83	6.83	16.39	26.54	100	
6	27	18	4.69	7.62	2.23	1.73	0.41	101	
6	27	23	4.57	3.45	3.26	-1.07	2.19	102	
6	27	28	6.14	1.53	3.50	-1.00	1.47	103	
6	27	33	5.60	5.28	4.29	1.62	2.61	104	
6	27	38	8.21	5.33	5.40	-16.20	-3.83	105	
6	27	43	10.87	4.15	5.74	9.70	-4.75	106	
6	31	3	7.08	5.70	5.87	-3.86	-0.75	107	
6	31	8	-14.30	-13.46	2.35	3.87	10.49	108	
6	31	13	5.99	20.68	13.67	-0.88	-0.14	109	
6	31	18	2.84	0.87	2.30	0.21	2.57	110	
6	31	23	4.67	2.90	5.73	1.03	-1.44	111	
6	31	28	2.93	2.88	3.10	-0.04	-3.22	112	
6	31	33	3.75	5.86	1.85	-0.25	-2.62	113	
6	31	38	13.82	7.94	7.19	-19.99	2.24	114	
6	31	43	12.80	5.52	9.02	15.95	-1.41	115	
6	35	3	11.52	9.80	4.34	-8.68	2.06	116	
6	35	8	-7.83	9.77	-20.44	-55.09	-72.39	117	
6	35	13	-12.18	-32.59	-29.70	28.34	-85.61	118	
6	35	18	21.04	-4.80	30.85	29.24	-21.55	119	
6	35	23	2.05	4.70	1.41	0.25	1.03	120	
6	35	28	5.36	6.16	5.06	-0.11	2.89	121	
6	35	33	1.21	15.69	9.24	-1.66	-15.46	122	
6	35	38	12.49	11.92	16.69	-21.46	-17.89	123	
6	35	43	16.11	8.30	8.82	18.68	3.19	124	
6	39	3	15.41	1.90	6.06	-12.38	1.73	125	
6	39	8	-20.05	-23.01	8.65	-12.01	77.55	126	
6	39	13	15.95	25.84	12.52	-22.15	89.75	127	
6	39	18	14.61	6.15	-13.43	60.81	12.08	128	
6	39	23	7.66	14.22	5.84	-8.89	-5.33	129	
6	39	28	0.29	14.70	-0.34	-32.58	-71.17	130	
6	39	33	0.61	-47.61	-16.78	0.94	-23.36	131	
6	39	38	1.54	-18.17	-31.48	1.97	-15.79	132	
6	39	43	20.92	3.87	20.50	32.14	-12.55	133	
6	43	3	4.07	2.51	3.34	1.55	-1.17	134	
6	43	8	4.21	12.67	9.63	-0.84	3.67	135	
6	43	13	5.63	1.49	10.82	-2.47	1.35	136	
6	43	18	7.65	26.19	-6.57	3.76	3.11	137	
6	43	23	-2.79	-7.33	9.14	-38.23	-56.13	138	
6	43	28	-1.61	-18.90	6.04	22.74	65.08	139	
6	43	33	13.65	37.90	13.84	19.19	35.44	140	
6	43	38	24.33	23.64	23.52	-47.11	21.67	141	
6	43	43	19.46	4.37	3.73	58.70	4.57	142	
