143
diam	c	r	EConv0	EConv1	EConv2	OConv0	OConv1
6	3	3	1.26	2.89	3.44	6.92	0.69	44	
6	3	8	4.82	3.68	4.27	2.28	-3.26	45	
6	3	13	2.32	3.35	2.04	1.51	-0.58	46	
6	3	18	3.52	3.88	6.62	-0.28	-0.04	47	
6	3	23	3.52	7.20	4.72	0.29	0.60	48	
6	3	28	2.06	3.63	1.53	-4.32	-1.43	49	
6	3	33	9.10	34.44	5.25	-11.69	-25.68	50	
6	3	38	-4.52	27.38	42.07	14.75	-64.80	51	
6	3	43	3.45	6.13	17.46	5.48	-10.18	52	
6	7	3	1.50	4.62	0.32	0.50	1.05	53	
6	7	8	5.34	4.07	4.77	3.63	1.30	54	
6	7	13	4.32	25.47	5.96	-4.96	-12.82	55	
6	7	18	8.43	46.21	23.72	-23.79	-63.79	56	
6	7	23	-26.83	-24.79	-8.95	3.05	-91.77	57	
6	7	28	13.24	0.93	10.42	8.04	-0.43	58	
6	7	33	5.48	-15.22	25.15	-28.66	35.24	59	
6	7	38	18.04	24.52	-4.02	-30.10	86.34	60	
6	7	43	-5.66	-22.20	-9.74	69.53	-28.51	61	
6	11	3	4.50	1.11	1.43	2.44	-2.88	62	
6	11	8	7.54	6.46	9.00	7.64	-0.75	63	
6	11	13	-8.49	-51.05	-13.16	-45.95	26.41	64	
6	11	18	2.15	15.37	9.94	28.36	85.22	65	
6	11	23	-53.34	18.43	-35.09	-50.97	10.16	66	
6	11	28	29.81	26.29	49.10	34.31	-31.81	67	
6	11	33	6.93	52.52	28.08	-13.72	-53.97	68	
6	11	38	-1.01	-49.63	8.11	-12.00	-48.90	69	
6	11	43	8.52	27.50	-8.49	39.08	45.23	70	
6	15	3	18.46	7.81	3.66	-10.09	1.46	71	
6	15	8	-38.74	-20.87	-24.52	6.18	-86.60	72	
6	15	13	13.08	4.27	11.15	8.02	-0.22	73	
6	15	18	1.16	1.85	0.23	2.41	-3.23	74	
6	15	23	-1.34	-29.46	22.12	-67.21	66.82	75	
6	15	28	-1.02	-58.78	-65.62	18.14	66.36	76	
6	15	33	-1.15	-12.06	-9.07	20.77	90.12	77	
6	15	38	6.53	38.32	8.39	16.88	34.11	78	
6	15	43	4.60	4.33	2.93	-0.03	0.62	79	
6	19	3	29.60	10.32	12.37	-6.80	-2.52	80	
6	19	8	-56.26	-5.44	-20.12	-15.93	1.98	81	
6	19	13	24.40	1.31	10.95	20.03	1.24	82	
6	19	18	2.72	2.48	3.38	-1.03	0.47	83	
6	19	23	3.04	5.29	3.39	0.21	-0.73	84	
6	19	28	2.35	6.25	3.21	0.72	-2.16	85	
6	19	33	2.20	-1.98	2.11	-3.47	1.40	86	
6	19	38	3.02	1.99	0.60	1.90	-0.35	87	
6	19	43	3.23	4.11	4.62	0.42	-1.89	88	
6	23	3	20.57	4.91	7.49	-2.70	1.13	89	
6	23	8	-54.53	-15.31	-13.40	-30.89	-0.03	90	
6	23	13	33.02	14.00	5.82	26.12	0.22	91	
6	23	18	3.07	2.34	3.32	-0.79	-0.36	92	
6	23	23	2.79	1.25	1.75	-1.09	-0.86	93	
6	23	28	2.53	2.95	2.23	0.28	0.57	94	
6	23	33	2.28	4.70	3.57	-0.57	-2.90	95	
6	23	38	2.40	1.77	3.01	-0.90	-0.69	96	
6	23	43	1.91	1.81	3.60	0.76	0.71	97	
6	27	3	16.89	8.59	7.21	2.19	-5.65	98	
6	27	8	-69.25	-23.88	-3.37	-6.38	7.22	99	
6	27	13	20.50	13.98	5.75	10.25	-4.09	100	
6	27	18	4.03	3.51	3.50	-0.06	-0.45	101	
6	27	23	1.44	3.01	2.16	-1.12	-2.91	102	
6	27	28	0.91	-0.42	3.24	0.99	-0.35	103	
6	27	33	2.22	1.46	3.14	-1.36	4.02	104	
6	27	38	4.64	5.66	3.10	-0.82	2.73	105	
6	27	43	2.22	2.32	1.76	-1.23	1.11	106	
6	31	3	30.22	12.71	10.15	2.19	2.65	107	
6	31	8	-73.78	-25.10	-9.57	32.79	10.98	108	
6	31	13	4.45	3.94	2.72	1.98	0.09	109	
6	31	18	3.82	2.84	3.23	-0.03	-1.24	110	
6	31	23	1.64	2.24	2.98	-1.12	0.12	111	
6	31	28	2.21	4.67	2.39	4.39	0.61	112	
6	31	33	0.52	2.09	1.87	-0.75	0.30	113	
6	31	38	2.84	1.30	2.41	-2.12	-1.47	114	
6	31	43	3.07	2.29	3.52	0.67	1.20	115	
6	35	3	41.35	11.11	13.88	3.33	5.29	116	
6	35	8	-59.22	-0.50	-9.14	47.82	-9.30	117	
6	35	13	3.18	2.08	7.89	0.04	-0.66	118	
6	35	18	3.09	2.08	2.16	0.04	-1.07	119	
6	35	23	3.05	3.28	4.69	0.90	0.86	120	
6	35	28	3.32	4.82	2.21	1.58	1.76	121	
6	35	33	1.91	2.77	1.70	-1.00	-0.00	122	
6	35	38	3.64	3.01	3.37	-0.45	-0.16	123	
6	35	43	1.99	1.92	2.21	0.56	-1.97	124	
6	39	3	41.56	14.08	10.45	-5.48	-4.23	125	
6	39	8	-44.06	-34.19	-26.48	33.85	54.09	126	
6	39	13	9.09	7.53	-3.27	9.83	3.14	127	
6	39	18	2.85	3.94	4.05	0.06	-1.32	128	
6	39	23	2.51	1.66	1.95	0.33	2.09	129	
6	39	28	3.06	1.66	2.18	-0.37	-2.85	130	
6	39	33	2.23	1.00	3.37	2.62	-0.89	131	
6	39	38	3.25	3.34	2.50	-2.42	0.38	132	
6	39	43	1.80	1.43	0.89	-2.01	0.37	133	
6	43	3	26.18	3.80	14.91	13.31	-1.67	134	
6	43	8	0.18	22.00	5.56	11.91	17.30	135	
6	43	13	5.00	3.87	6.86	1.56	1.29	136	
6	43	18	2.32	3.69	4.74	-0.35	0.28	137	
6	43	23	2.31	1.59	2.29	0.70	-1.68	138	
6	43	28	3.15	4.84	4.92	0.40	0.31	139	
6	43	33	2.98	4.61	3.18	-0.18	-0.97	140	
6	43	38	2.83	0.75	1.98	-1.27	-1.24	141	
6	43	43	2.78	3.84	3.01	0.44	0.24	142	
