143
diam	c	r	EConv0	EConv1	EConv2	OConv0	OConv1
6	3	3	-6.84	3.75	0.11	14.33	-4.88	44	
6	3	8	4.42	1.81	2.97	0.95	0.15	45	
6	3	13	2.72	2.53	4.66	-0.30	-2.06	46	
6	3	18	4.45	3.49	4.42	0.98	0.27	47	
6	3	23	4.32	3.91	4.34	-1.32	1.23	48	
6	3	28	7.34	12.86	5.66	-0.50	-0.59	49	
6	3	33	6.20	35.24	12.94	-25.36	-49.02	50	
6	3	38	-14.09	10.41	9.84	-0.24	-90.63	51	
6	3	43	17.63	-1.46	24.71	21.64	-10.29	52	
6	7	3	-5.17	4.32	2.36	7.60	8.91	53	
6	7	8	6.91	4.87	3.61	2.05	-0.18	54	
6	7	13	2.93	3.53	4.15	1.02	0.09	55	
6	7	18	4.42	5.41	3.00	0.58	-0.67	56	
6	7	23	1.46	3.38	4.09	1.59	0.19	57	
6	7	28	20.77	16.26	-9.36	-48.33	-17.39	58	
6	7	33	-6.84	-44.03	-16.65	-32.62	-27.71	59	
6	7	38	-21.60	-25.25	-32.91	15.41	9.92	60	
6	7	43	32.02	9.82	20.62	55.90	-7.78	61	
6	11	3	-4.20	3.07	3.43	6.82	-0.48	62	
6	11	8	7.73	6.10	7.10	0.37	0.53	63	
6	11	13	4.72	4.10	4.90	1.61	3.60	64	
6	11	18	5.55	3.27	3.44	-1.62	1.17	65	
6	11	23	0.45	8.95	4.28	0.96	-15.22	66	
6	11	28	11.89	-11.37	33.43	-23.15	18.50	67	
6	11	33	1.11	32.37	17.54	3.47	84.28	68	
6	11	38	1.52	34.18	29.13	-27.37	54.15	69	
6	11	43	13.57	9.45	-5.90	49.37	8.67	70	
6	15	3	-4.79	-0.50	2.17	8.75	-0.98	71	
6	15	8	8.13	6.04	4.03	-0.25	-0.31	72	
6	15	13	4.43	6.35	7.70	4.87	-5.42	73	
6	15	18	13.71	14.01	6.10	-5.64	-4.67	74	
6	15	23	-14.05	5.15	-2.92	-6.99	-40.46	75	
6	15	28	7.54	18.80	21.09	15.22	-35.50	76	
6	15	33	13.43	14.63	19.74	-17.36	-25.20	77	
6	15	38	-9.72	-22.22	2.91	2.90	-1.69	78	
6	15	43	12.99	19.12	-0.20	15.35	5.71	79	
6	19	3	-7.72	-5.48	-12.20	10.23	6.19	80	
6	19	8	14.60	9.01	2.42	-8.86	2.33	81	
6	19	13	-14.38	-3.01	-22.06	-15.75	-48.19	82	
6	19	18	9.69	-21.48	8.09	10.70	-32.09	83	
6	19	23	-2.50	-20.27	-12.23	-22.96	42.94	84	
6	19	28	-1.68	-26.31	-44.92	-2.90	8.51	85	
6	19	33	5.52	-28.02	-15.03	15.71	1.58	86	
6	19	38	6.97	9.62	3.72	28.32	21.41	87	
6	19	43	4.11	8.11	8.11	-1.23	-0.93	88	
6	23	3	-3.26	-0.40	3.57	2.49	0.54	89	
6	23	8	13.35	22.94	-1.41	-30.73	-21.93	90	
6	23	13	-16.67	6.28	37.76	6.14	-7.21	91	
6	23	18	9.88	16.21	7.81	17.04	38.62	92	
6	23	23	5.44	10.20	8.33	2.09	11.54	93	
6	23	28	3.33	11.40	22.51	-9.03	28.77	94	
6	23	33	7.53	22.09	12.31	4.20	25.77	95	
6	23	38	4.29	10.09	2.88	2.50	0.30	96	
6	23	43	3.50	2.78	4.73	3.25	1.72	97	
6	27	3	-8.69	-2.79	-4.23	10.09	-10.69	98	
6	27	8	26.74	-11.88	12.75	-61.19	24.12	99	
6	27	13	-18.05	-8.71	-58.90	-4.62	-14.04	100	
6	27	18	23.46	-7.78	25.96	70.87	-48.74	101	
6	27	23	3.04	3.77	6.11	-4.16	-0.47	102	
6	27	28	5.63	4.09	4.50	-0.81	0.73	103	
6	27	33	4.13	1.27	-0.22	-5.59	-1.61	104	
6	27	38	11.57	9.15	-2.05	-10.93	-5.96	105	
6	27	43	-6.20	-0.88	18.13	25.24	-42.77	106	
6	31	3	-3.24	4.42	5.04	8.41	11.35	107	
6	31	8	11.61	4.65	17.73	-1.05	3.20	108	
6	31	13	10.96	10.76	23.06	-68.50	71.16	109	
6	31	18	-14.54	-2.52	-22.29	84.28	13.11	110	
6	31	23	-1.01	4.17	4.20	-3.69	0.78	111	
6	31	28	4.71	4.78	4.76	0.16	0.79	112	
6	31	33	4.35	4.33	4.89	-5.64	1.82	113	
6	31	38	18.66	3.16	12.20	-19.32	7.45	114	
6	31	43	-26.74	-18.13	-34.81	29.35	26.71	115	
6	35	3	0.48	9.62	5.89	9.08	-1.65	116	
6	35	8	6.29	6.39	5.50	-2.31	-1.94	117	
6	35	13	16.07	-0.56	16.89	-18.48	8.33	118	
6	35	18	-3.79	16.68	-10.44	26.35	32.48	119	
6	35	23	5.80	5.48	5.75	0.29	-2.73	120	
6	35	28	4.07	4.84	4.09	0.10	-1.76	121	
6	35	33	5.19	3.40	4.91	-4.16	1.88	122	
6	35	38	4.74	1.60	5.73	-1.91	4.63	123	
6	35	43	1.60	12.75	11.62	4.04	16.85	124	
6	39	3	-7.71	-21.30	-4.15	19.14	-37.87	125	
6	39	8	13.15	4.94	9.89	10.05	-5.79	126	
6	39	13	3.01	0.34	1.67	-1.51	1.00	127	
6	39	18	4.43	6.72	5.61	-1.20	0.20	128	
6	39	23	4.22	5.11	4.33	0.36	-1.63	129	
6	39	28	3.31	2.99	3.37	0.03	-2.03	130	
6	39	33	5.53	4.36	4.48	-1.73	-2.66	131	
6	39	38	2.53	4.53	3.48	-0.65	-4.17	132	
6	39	43	4.80	5.33	5.04	2.96	0.02	133	
6	43	3	-0.37	22.20	5.58	9.22	37.67	134	
6	43	8	6.30	8.16	2.69	5.17	-1.04	135	
6	43	13	2.95	2.76	1.81	-2.23	-4.24	136	
6	43	18	3.51	1.44	5.00	-1.28	-1.30	137	
6	43	23	4.00	4.59	3.99	1.20	1.44	138	
6	43	28	3.50	4.08	4.05	-1.48	0.45	139	
6	43	33	5.59	4.21	3.57	-2.68	-0.58	140	
6	43	38	0.41	2.43	2.52	-0.01	-1.33	141	
6	43	43	5.81	4.59	6.71	3.69	-0.45	142	
