143
diam	c	r	EConv0	EConv1	EConv2	OConv0	OConv1
6	3	3	2.65	3.66	1.09	-1.26	4.00	44	
6	3	8	3.47	3.08	2.39	-0.59	0.95	45	
6	3	13	3.47	3.33	2.56	0.27	-0.74	46	
6	3	18	3.49	6.01	5.80	1.81	1.34	47	
6	3	23	3.19	4.63	4.51	-1.70	1.04	48	
6	3	28	4.28	-0.49	2.58	5.05	1.59	49	
6	3	33	14.18	34.99	-6.98	-17.24	-18.72	50	
6	3	38	-7.63	-42.73	4.32	-61.73	-72.71	51	
6	3	43	-13.45	-27.40	-49.39	93.64	33.94	52	
6	7	3	3.44	1.74	3.75	-0.89	-0.67	53	
6	7	8	2.78	2.91	3.27	0.23	2.10	54	
6	7	13	1.88	3.07	2.12	-1.29	0.22	55	
6	7	18	2.37	3.88	4.70	1.28	-1.17	56	
6	7	23	2.34	2.89	3.87	-0.07	0.85	57	
6	7	28	4.70	3.31	1.58	-1.16	-0.17	58	
6	7	33	24.50	-4.03	-9.26	-107.76	-19.59	59	
6	7	38	10.15	-11.62	6.29	64.25	81.41	60	
6	7	43	6.94	31.09	20.22	24.28	-0.25	61	
6	11	3	4.14	25.49	26.39	-0.08	-53.81	62	
6	11	8	1.57	21.41	24.84	5.45	-49.84	63	
6	11	13	2.69	27.27	29.54	-0.80	-44.76	64	
6	11	18	2.15	32.74	33.49	2.18	-44.43	65	
6	11	23	11.70	34.39	26.27	-5.00	-42.83	66	
6	11	28	-2.97	10.49	35.79	13.49	-54.85	67	
6	11	33	0.73	2.23	54.29	-18.87	33.90	68	
6	11	38	27.86	69.97	6.26	-38.07	-34.17	69	
6	11	43	-5.39	-26.48	-0.52	75.80	2.99	70	
6	15	3	2.48	-36.08	-36.25	2.65	20.92	71	
6	15	8	0.17	-38.51	-42.45	3.91	19.12	72	
6	15	13	1.23	-41.77	-42.09	-0.09	23.43	73	
6	15	18	-0.98	-23.25	-45.49	-12.42	0.89	74	
6	15	23	2.67	-30.51	-30.60	-25.16	-47.40	75	
6	15	28	5.66	-16.60	-39.28	33.03	-12.59	76	
6	15	33	5.96	-1.22	-29.35	-12.00	-95.03	77	
6	15	38	-8.98	-68.99	-12.85	-16.02	-46.63	78	
6	15	43	41.68	20.62	11.78	80.43	5.70	79	
6	19	3	0.50	20.72	23.09	-1.64	23.71	80	
6	19	8	2.81	20.06	21.98	-1.92	22.16	81	
6	19	13	5.88	26.21	17.09	-1.71	17.66	82	
6	19	18	10.06	40.41	31.30	-73.94	-32.45	83	
6	19	23	5.98	0.81	-21.11	-4.41	50.25	84	
6	19	28	34.02	41.93	49.67	-22.53	-19.06	85	
6	19	33	-18.53	-47.42	7.86	12.85	54.00	86	
6	19	38	22.78	45.60	16.74	17.99	86.65	87	
6	19	43	17.56	21.95	-1.88	30.45	13.43	88	
6	23	3	4.38	4.55	4.98	-0.28	4.27	89	
6	23	8	13.13	17.01	1.33	-6.79	-1.64	90	
6	23	13	5.74	16.79	6.61	-47.77	-93.07	91	
6	23	18	-20.69	-55.84	10.08	47.81	42.80	92	
6	23	23	38.95	16.32	40.11	-29.11	42.52	93	
6	23	28	-21.63	-37.41	-40.86	-1.64	76.36	94	
6	23	33	13.73	37.45	2.52	38.24	54.35	95	
6	23	38	9.76	5.59	6.79	-14.53	-2.25	96	
6	23	43	11.04	6.03	7.20	12.70	-0.81	97	
6	27	3	5.41	5.83	3.72	-0.77	1.48	98	
6	27	8	35.93	1.13	2.76	-55.60	-4.50	99	
6	27	13	-12.35	-37.22	-9.78	26.73	88.21	100	
6	27	18	12.59	35.89	-5.04	30.09	36.18	101	
6	27	23	6.18	4.95	4.19	0.43	-2.30	102	
6	27	28	2.58	10.06	12.03	-1.76	7.94	103	
6	27	33	4.19	3.08	3.88	-1.89	0.21	104	
6	27	38	9.62	7.56	7.06	-17.49	1.47	105	
6	27	43	11.82	7.82	5.48	11.46	1.30	106	
6	31	3	4.13	1.87	2.84	-0.78	-0.51	107	
6	31	8	6.45	3.51	11.28	-7.65	5.78	108	
6	31	13	3.56	6.28	18.85	11.84	-5.02	109	
6	31	18	4.85	3.73	2.17	2.07	-2.30	110	
6	31	23	2.62	2.85	4.21	3.00	0.01	111	
6	31	28	3.09	7.22	5.21	-0.79	-3.70	112	
6	31	33	0.06	43.32	9.32	-12.95	-51.65	113	
6	31	38	-0.70	11.18	47.66	8.17	-55.71	114	
6	31	43	9.51	4.91	3.58	6.31	1.39	115	
6	35	3	3.80	4.50	3.80	0.14	-1.19	116	
6	35	8	18.58	10.67	7.09	-7.82	-1.43	117	
6	35	13	9.01	-0.02	4.80	43.23	3.10	118	
6	35	18	3.62	4.95	5.64	-0.26	-0.98	119	
6	35	23	5.67	11.49	2.02	-3.31	-3.36	120	
6	35	28	8.42	31.83	2.71	-58.39	-78.51	121	
6	35	33	-6.72	-65.41	-5.16	-12.09	-24.80	122	
6	35	38	-21.83	-7.69	-71.59	20.30	4.88	123	
6	35	43	28.29	5.62	18.01	21.58	-1.39	124	
6	39	3	2.80	3.28	3.22	-1.76	0.97	125	
6	39	8	25.66	11.11	6.96	-18.02	-0.13	126	
6	39	13	18.19	9.56	3.51	45.09	-1.08	127	
6	39	18	6.11	11.57	5.52	0.16	1.26	128	
6	39	23	9.42	28.82	3.70	-58.08	-76.98	129	
6	39	28	-22.41	-74.66	0.08	12.34	19.98	130	
6	39	33	11.79	40.00	12.51	45.58	77.98	131	
6	39	38	-7.89	11.25	14.24	-82.98	18.93	132	
6	39	43	35.95	14.81	8.16	24.74	0.74	133	
6	43	3	2.49	3.18	3.45	-1.80	1.49	134	
6	43	8	29.25	6.90	5.99	-28.39	-0.95	135	
6	43	13	25.13	6.49	11.39	49.92	1.55	136	
6	43	18	15.74	32.17	-2.07	-67.25	-68.53	137	
6	43	23	-23.73	-79.23	-4.85	25.09	40.02	138	
6	43	28	17.97	54.74	2.95	38.29	57.30	139	
6	43	33	9.85	19.82	4.01	-2.83	-5.88	140	
6	43	38	-25.53	-33.13	11.44	-9.89	5.33	141	
6	43	43	14.87	8.55	1.55	5.19	-0.07	142	
