143
diam	c	r	EConv0	EConv1	EConv2	OConv0	OConv1
6	3	3	-32.48	-8.30	0.27	59.65	5.03	44	
6	3	8	-3.74	0.02	2.28	-3.00	-1.02	45	
6	3	13	-0.65	13.96	1.99	2.59	-2.82	46	
6	3	18	-12.66	-8.43	-8.37	-47.86	-71.89	47	
6	3	23	-7.63	-38.19	-2.12	38.47	62.41	48	
6	3	28	10.02	22.41	6.24	9.82	17.77	49	
6	3	33	5.55	-2.52	-0.87	2.89	9.96	50	
6	3	38	3.41	4.92	-2.19	-0.77	7.43	51	
6	3	43	1.46	3.64	1.71	-0.53	3.71	52	
6	7	3	-6.31	-1.08	1.63	76.27	8.88	53	
6	7	8	1.80	1.89	4.97	1.08	4.99	54	
6	7	13	30.68	8.06	-1.80	-43.52	0.16	55	
6	7	18	-16.82	-20.26	8.50	55.05	61.74	56	
6	7	23	4.05	31.90	9.55	-1.47	-10.62	57	
6	7	28	7.23	15.26	4.12	-0.26	-1.39	58	
6	7	33	-16.85	10.37	-20.89	-41.74	-116.66	59	
6	7	38	-14.88	-52.74	14.41	61.07	-80.43	60	
6	7	43	0.12	1.05	2.51	-3.07	-0.32	61	
6	11	3	14.61	10.54	1.03	63.46	13.87	62	
6	11	8	2.98	6.69	3.59	-1.17	-0.49	63	
6	11	13	6.45	-1.01	18.56	-7.76	5.48	64	
6	11	18	21.57	60.77	-3.06	-14.87	-9.76	65	
6	11	23	-50.82	-62.29	-11.74	9.30	-53.44	66	
6	11	28	25.66	2.81	12.75	-0.43	15.26	67	
6	11	33	-22.83	-3.00	11.73	-60.02	46.67	68	
6	11	38	21.81	31.39	-8.09	83.48	61.52	69	
6	11	43	3.65	4.07	0.03	-1.98	2.85	70	
6	15	3	33.41	11.60	15.38	55.02	0.00	71	
6	15	8	1.95	-2.24	5.27	0.98	3.66	72	
6	15	13	14.53	50.29	-6.01	-25.60	-28.28	73	
6	15	18	0.61	-67.92	-4.79	-50.49	-29.36	74	
6	15	23	-4.91	44.97	16.62	89.70	17.89	75	
6	15	28	-0.04	9.01	14.06	-52.88	-91.10	76	
6	15	33	-0.14	-21.46	-6.86	51.21	59.50	77	
6	15	38	31.31	49.07	-9.30	-26.56	-15.81	78	
6	15	43	6.31	-22.40	27.74	42.22	-49.11	79	
6	19	3	37.73	9.85	6.02	60.18	18.05	80	
6	19	8	15.82	13.52	-7.99	-7.94	7.28	81	
6	19	13	-35.34	-77.88	-10.19	-28.58	-19.31	82	
6	19	18	39.14	30.26	18.65	3.00	60.29	83	
6	19	23	-13.25	-50.48	-66.78	-8.35	53.30	84	
6	19	28	-3.41	-6.62	-8.56	50.79	95.38	85	
6	19	33	13.06	14.64	2.88	2.63	7.49	86	
6	19	38	25.06	-14.34	24.27	-37.72	25.15	87	
6	19	43	11.87	25.01	-21.78	48.38	52.74	88	
6	23	3	22.57	-9.70	-31.27	34.56	-91.06	89	
6	23	8	9.26	-4.24	13.65	-5.88	-103.66	90	
6	23	13	3.08	16.42	0.16	9.76	-33.27	91	
6	23	18	-2.88	-31.17	-34.70	8.43	-78.13	92	
6	23	23	2.23	-16.15	-10.92	-2.81	-66.44	93	
6	23	28	5.84	-33.19	-35.28	4.39	-62.22	94	
6	23	33	3.41	-36.02	-38.74	-0.89	-64.28	95	
6	23	38	8.03	-33.51	-33.15	0.44	-65.16	96	
6	23	43	3.15	-27.76	-35.19	9.04	-74.72	97	
6	27	3	46.03	50.95	52.67	31.57	44.55	98	
6	27	8	-45.54	1.16	10.40	19.37	37.83	99	
6	27	13	4.70	33.14	30.03	-0.15	40.40	100	
6	27	18	4.07	34.30	32.64	-1.28	30.83	101	
6	27	23	5.98	38.06	31.43	-1.34	27.74	102	
6	27	28	3.85	30.47	28.89	5.57	16.31	103	
6	27	33	6.11	32.68	35.96	-4.49	24.80	104	
6	27	38	7.06	33.15	33.08	-0.97	17.07	105	
6	27	43	6.97	37.40	37.11	2.73	24.53	106	
6	31	3	37.33	21.04	3.96	10.71	2.16	107	
6	31	8	-41.36	-20.14	-4.45	36.44	1.55	108	
6	31	13	1.92	1.23	2.93	0.97	-0.97	109	
6	31	18	4.53	4.23	7.01	-0.62	2.23	110	
6	31	23	4.75	3.91	4.57	-4.85	3.52	111	
6	31	28	5.31	5.77	3.10	0.58	4.20	112	
6	31	33	5.92	1.45	2.22	0.86	-1.49	113	
6	31	38	3.12	1.23	5.10	1.50	3.36	114	
6	31	43	6.68	15.44	-7.52	-30.87	-17.97	115	
6	35	3	49.78	18.34	12.38	-16.40	5.66	116	
6	35	8	-7.03	-1.84	-2.03	75.12	17.85	117	
6	35	13	3.06	2.78	0.73	-3.35	10.14	118	
6	35	18	2.32	15.33	3.39	-4.23	-9.62	119	
6	35	23	2.32	12.68	8.96	-5.22	-14.49	120	
6	35	28	4.75	4.91	15.78	5.92	-7.17	121	
6	35	33	5.78	7.86	4.66	-0.60	1.65	122	
6	35	38	8.77	12.14	-0.33	-3.76	-1.03	123	
6	35	43	-12.09	-20.69	8.02	-8.69	0.31	124	
6	39	3	43.44	9.65	5.82	-30.40	-12.94	125	
6	39	8	3.87	16.60	-23.89	28.51	-65.13	126	
6	39	13	21.07	18.63	22.77	-4.29	-96.91	127	
6	39	18	-12.39	-60.88	-17.47	9.82	-22.12	128	
6	39	23	13.88	-11.86	-4.44	-12.91	19.19	129	
6	39	28	-9.54	-12.44	-31.34	29.53	-3.88	130	
6	39	33	3.86	-1.28	7.15	1.16	3.33	131	
6	39	38	10.12	23.23	2.30	-47.59	-38.19	132	
6	39	43	9.00	-12.25	2.81	32.57	2.57	133	
6	43	3	29.49	5.03	19.41	-14.59	20.47	134	
6	43	8	-23.73	-18.43	-5.40	-13.12	30.86	135	
6	43	13	0.64	3.38	-3.98	37.17	88.24	136	
6	43	18	8.66	29.66	10.66	9.13	25.72	137	
6	43	23	2.87	4.52	3.96	-0.69	4.05	138	
6	43	28	1.11	4.87	12.23	-3.73	12.67	139	
6	43	33	18.45	31.07	6.67	-17.38	-17.07	140	
6	43	38	-15.65	-32.44	16.18	6.34	28.21	141	
6	43	43	7.34	24.11	-1.18	8.45	17.54	142	
