143
diam	c	r	EConv0	EConv1	EConv2	OConv0	OConv1
6	3	3	4.18	4.58	1.59	-3.17	-0.05	44	
6	3	8	3.36	11.90	18.10	-4.11	14.32	45	
6	3	13	3.80	7.52	4.59	6.61	-0.83	46	
6	3	18	2.21	1.33	1.88	1.53	-2.39	47	
6	3	23	4.37	3.31	4.15	1.47	-0.78	48	
6	3	28	4.20	5.29	3.86	-5.43	2.13	49	
6	3	33	-7.84	16.48	1.68	-14.38	-57.97	50	
6	3	38	4.65	4.88	32.21	13.53	-26.45	51	
6	3	43	4.76	3.41	5.91	2.57	1.29	52	
6	7	3	3.63	1.35	2.59	-2.16	3.01	53	
6	7	8	3.37	2.93	2.15	-0.98	2.31	54	
6	7	13	2.50	4.19	1.67	2.03	5.21	55	
6	7	18	4.08	3.09	3.59	1.45	3.21	56	
6	7	23	4.90	4.78	3.22	2.61	1.32	57	
6	7	28	5.11	0.96	4.22	-3.24	3.34	58	
6	7	33	-13.78	-2.76	-14.34	-39.47	27.44	59	
6	7	38	-5.46	-0.18	-19.50	11.87	-9.06	60	
6	7	43	16.00	-0.83	13.07	16.18	-5.08	61	
6	11	3	4.42	4.76	5.02	0.49	-0.15	62	
6	11	8	1.46	3.27	2.88	-2.67	-0.66	63	
6	11	13	3.50	4.46	3.72	1.65	-0.97	64	
6	11	18	3.18	3.79	2.57	1.15	-1.18	65	
6	11	23	2.00	2.39	3.69	-0.92	-5.73	66	
6	11	28	4.28	2.89	1.98	0.18	-1.26	67	
6	11	33	6.42	13.34	19.50	-13.47	9.18	68	
6	11	38	-25.67	-14.46	5.68	4.73	13.76	69	
6	11	43	12.66	12.64	-1.35	15.40	5.51	70	
6	15	3	4.16	3.63	3.49	-0.56	0.18	71	
6	15	8	1.67	5.38	4.59	-4.02	-0.27	72	
6	15	13	6.50	19.71	2.43	-7.44	-13.54	73	
6	15	18	-5.35	5.01	1.43	-10.52	-57.29	74	
6	15	23	9.03	-1.62	21.80	15.18	-14.58	75	
6	15	28	4.30	5.97	1.86	-0.72	-1.37	76	
6	15	33	7.46	12.78	5.86	-36.87	-25.32	77	
6	15	38	2.79	5.31	-1.89	38.03	24.11	78	
6	15	43	3.88	2.79	3.84	3.38	3.19	79	
6	19	3	3.51	2.81	3.33	-0.47	0.49	80	
6	19	8	10.71	11.57	-0.25	-11.58	-3.34	81	
6	19	13	-3.44	-26.18	4.35	-15.95	-26.73	82	
6	19	18	8.23	-9.21	1.72	9.16	45.60	83	
6	19	23	-10.81	11.22	-24.65	21.71	-23.61	84	
6	19	28	6.29	0.35	1.13	-21.24	-48.54	85	
6	19	33	-8.42	-30.50	8.21	25.31	14.95	86	
6	19	38	7.03	11.03	2.38	7.60	6.45	87	
6	19	43	3.40	3.09	1.41	2.91	-0.11	88	
6	23	3	4.33	4.62	2.00	-2.28	-0.74	89	
6	23	8	24.98	17.01	6.15	-41.06	-14.33	90	
6	23	13	7.56	9.36	16.34	37.74	27.23	91	
6	23	18	4.76	9.05	4.85	3.88	5.61	92	
6	23	23	-14.28	-13.22	-12.31	-37.70	30.31	93	
6	23	28	0.27	-11.86	-6.03	28.41	44.37	94	
6	23	33	6.39	22.63	1.14	13.41	24.10	95	
6	23	38	1.29	2.33	2.63	-0.66	2.38	96	
6	23	43	2.64	2.49	2.89	2.04	1.43	97	
6	27	3	4.08	1.26	4.49	-3.98	0.66	98	
6	27	8	-9.61	-6.81	-11.70	-46.59	-10.49	99	
6	27	13	17.08	7.03	-0.69	35.81	12.48	100	
6	27	18	2.32	3.19	2.44	-1.00	-1.11	101	
6	27	23	4.31	6.00	12.72	-2.17	9.27	102	
6	27	28	4.22	7.28	2.16	-0.67	2.80	103	
6	27	33	4.46	1.54	1.11	1.16	-0.93	104	
6	27	38	3.33	3.80	2.68	1.60	-1.37	105	
6	27	43	2.96	4.56	2.87	2.08	-1.51	106	
6	31	3	4.11	4.36	4.05	-0.14	0.08	107	
6	31	8	1.25	4.27	3.70	-58.02	8.44	108	
6	31	13	24.76	10.54	13.81	24.78	-0.55	109	
6	31	18	3.40	3.74	6.01	-2.03	4.35	110	
6	31	23	3.68	4.17	3.09	2.36	1.53	111	
6	31	28	2.48	3.20	4.07	-1.64	2.68	112	
6	31	33	2.02	4.72	3.55	0.30	1.43	113	
6	31	38	3.09	4.54	4.32	-1.01	1.31	114	
6	31	43	3.11	2.31	2.71	1.19	0.31	115	
6	35	3	6.62	4.12	5.54	0.49	-3.37	116	
6	35	8	8.95	4.37	12.97	-49.83	-8.12	117	
6	35	13	28.77	6.34	9.45	35.43	-4.28	118	
6	35	18	3.77	3.91	3.20	2.87	-0.46	119	
6	35	23	2.87	4.63	3.43	-1.65	0.26	120	
6	35	28	4.09	4.31	3.87	0.51	-3.94	121	
6	35	33	2.63	1.65	3.23	-2.34	-2.05	122	
6	35	38	2.73	1.69	1.35	-0.29	-1.84	123	
6	35	43	2.45	3.83	2.60	0.19	-0.28	124	
6	39	3	7.89	11.43	4.50	-6.89	-6.38	125	
6	39	8	-19.50	-21.45	5.34	-14.07	-3.20	126	
6	39	13	16.57	14.87	-0.03	20.62	6.50	127	
6	39	18	1.68	2.32	4.57	0.47	-5.35	128	
6	39	23	4.27	9.41	6.50	-2.61	-2.34	129	
6	39	28	2.14	8.83	11.29	-0.18	-3.95	130	
6	39	33	2.30	4.80	2.21	-1.38	-1.39	131	
6	39	38	3.95	9.29	4.89	-3.94	-6.91	132	
6	39	43	4.40	2.05	8.21	6.02	-5.50	133	
6	43	3	7.07	-8.56	5.49	-2.35	-31.59	134	
6	43	8	0.05	22.06	4.57	18.86	18.50	135	
6	43	13	7.28	22.50	14.62	-7.88	-38.24	136	
6	43	18	-3.09	4.74	1.24	3.02	-42.93	137	
6	43	23	-0.01	-15.56	-3.29	-14.29	-36.90	138	
6	43	28	4.32	-4.06	-10.42	2.24	-31.68	139	
6	43	33	-1.77	-6.74	4.83	18.88	-42.43	140	
6	43	38	3.76	0.18	3.98	-15.25	-27.99	141	
6	43	43	-0.68	0.43	-5.20	19.41	-35.64	142	
