143
diam	c	r	EConv0	EConv1	EConv2	OConv0	OConv1
6	3	3	1.83	4.66	5.79	-0.52	1.17	44	
6	3	8	2.81	6.53	5.68	-0.49	4.64	45	
6	3	13	4.01	6.08	4.07	0.17	3.58	46	
6	3	18	3.83	3.30	4.08	2.00	3.72	47	
6	3	23	1.78	4.42	5.37	-0.13	3.40	48	
6	3	28	2.93	4.14	4.72	-1.05	2.42	49	
6	3	33	-25.61	-64.25	-20.47	-64.25	48.19	50	
6	3	38	47.25	53.21	12.41	17.94	48.35	51	
6	3	43	42.69	6.96	7.00	81.04	4.86	52	
6	7	3	2.82	3.21	3.40	-1.20	1.22	53	
6	7	8	4.32	4.40	5.41	-1.32	-1.62	54	
6	7	13	4.90	5.19	5.31	0.82	0.38	55	
6	7	18	5.48	5.38	4.56	1.96	-2.66	56	
6	7	23	-7.38	31.11	-1.61	-25.14	-52.25	57	
6	7	28	10.79	0.58	10.39	6.23	-5.23	58	
6	7	33	9.32	14.90	4.54	-3.62	-3.37	59	
6	7	38	-28.01	-71.45	12.04	-41.75	-43.54	60	
6	7	43	30.39	27.46	0.28	34.90	13.52	61	
6	11	3	3.38	2.44	2.42	-1.73	0.06	62	
6	11	8	3.92	3.21	2.04	0.17	1.25	63	
6	11	13	4.40	3.95	4.32	-1.22	0.75	64	
6	11	18	19.07	42.17	-0.47	-21.15	-22.27	65	
6	11	23	-34.57	-63.26	15.55	44.29	17.12	66	
6	11	28	9.65	36.18	11.59	-8.21	-19.70	67	
6	11	33	-5.81	-32.27	9.92	-45.94	-80.40	68	
6	11	38	34.55	53.53	1.83	41.43	51.69	69	
6	11	43	15.79	16.43	6.04	12.58	-8.11	70	
6	15	3	2.28	2.43	3.66	-1.58	-2.22	71	
6	15	8	5.74	16.02	4.00	-5.85	-7.00	72	
6	15	13	4.40	25.35	13.33	-23.83	-59.93	73	
6	15	18	0.03	-73.48	1.85	2.32	39.72	74	
6	15	23	-7.00	-24.58	-105.37	-25.92	17.58	75	
6	15	28	-3.52	-107.35	-59.19	7.54	20.32	76	
6	15	33	15.12	52.29	6.25	49.68	73.98	77	
6	15	38	17.12	16.18	2.89	-16.46	-2.28	78	
6	15	43	-13.22	-35.04	-9.16	-7.88	-16.97	79	
6	19	3	2.46	3.16	2.17	-1.04	0.21	80	
6	19	8	-10.07	-22.66	-10.93	-75.56	-18.24	81	
6	19	13	10.64	35.80	12.19	34.49	59.33	82	
6	19	18	4.44	8.40	2.36	2.52	2.62	83	
6	19	23	3.60	11.09	22.13	-3.52	9.64	84	
6	19	28	5.40	17.99	11.20	-0.97	9.41	85	
6	19	33	9.13	19.87	2.20	-6.27	-7.33	86	
6	19	38	-8.46	-23.43	8.46	-34.52	-64.82	87	
6	19	43	19.56	21.06	7.17	39.53	27.29	88	
6	23	3	1.21	3.19	4.62	2.28	1.69	89	
6	23	8	-59.36	-21.78	-2.39	-13.33	9.49	90	
6	23	13	12.75	14.44	-1.85	-9.46	-5.47	91	
6	23	18	-32.65	-54.26	-14.04	-5.68	-96.70	92	
6	23	23	18.74	5.97	7.44	11.36	0.24	93	
6	23	28	6.08	18.17	4.84	-6.29	-9.72	94	
6	23	33	-12.70	-56.51	3.17	-34.57	-45.29	95	
6	23	38	22.14	46.70	7.18	24.24	58.74	96	
6	23	43	11.42	7.48	4.87	12.58	0.37	97	
6	27	3	2.04	3.26	2.99	1.90	-1.26	98	
6	27	8	-43.48	-4.72	-7.34	1.33	-0.49	99	
6	27	13	40.15	3.34	15.76	-36.87	1.97	100	
6	27	18	-7.30	68.54	20.00	66.17	-18.65	101	
6	27	23	14.04	30.16	8.04	-8.97	-15.38	102	
6	27	28	-16.10	-75.55	-0.75	-18.64	-29.47	103	
6	27	33	16.08	47.40	0.14	32.12	42.62	104	
6	27	38	15.21	2.06	2.11	-12.15	-0.55	105	
6	27	43	15.91	7.62	7.85	14.61	1.66	106	
6	31	3	-0.18	2.38	1.78	1.71	1.93	107	
6	31	8	-55.96	-15.04	-11.32	8.13	-8.55	108	
6	31	13	3.77	1.08	8.31	-1.19	4.02	109	
6	31	18	20.88	51.33	46.74	-49.95	60.59	110	
6	31	23	-6.14	-88.06	6.07	36.38	-11.40	111	
6	31	28	14.26	43.78	3.85	20.71	27.12	112	
6	31	33	3.87	2.90	3.60	-1.61	2.13	113	
6	31	38	16.79	8.56	4.29	-17.68	-2.27	114	
6	31	43	16.24	8.39	3.60	12.52	2.99	115	
6	35	3	-0.22	2.10	2.81	2.31	-0.03	116	
6	35	8	-58.10	-17.87	-2.03	26.32	-4.62	117	
6	35	13	2.92	3.61	3.61	-0.24	-0.31	118	
6	35	18	2.95	-43.06	-17.39	-100.36	2.60	119	
6	35	23	47.25	52.26	-15.68	74.00	38.86	120	
6	35	28	5.14	-17.63	16.33	24.44	-17.53	121	
6	35	33	8.35	36.60	8.22	-11.39	-20.71	122	
6	35	38	11.65	1.38	41.44	-0.16	-31.30	123	
6	35	43	13.40	6.14	8.92	9.04	-3.05	124	
6	39	3	12.89	12.90	2.85	-1.46	-6.83	125	
6	39	8	-22.84	-16.65	1.09	65.22	9.61	126	
6	39	13	4.26	6.10	7.45	-1.08	-2.58	127	
6	39	18	1.37	9.84	16.93	-2.60	9.43	128	
6	39	23	8.24	16.42	5.83	-33.71	-25.07	129	
6	39	28	25.71	68.80	-19.66	-36.96	-54.77	130	
6	39	33	-12.71	-109.22	-12.58	13.19	14.32	131	
6	39	38	32.44	47.40	-8.02	-13.36	8.38	132	
6	39	43	23.92	-1.17	-6.08	41.36	3.36	133	
6	43	3	17.69	0.52	11.60	-12.01	5.83	134	
6	43	8	22.35	28.58	-16.83	45.37	26.14	135	
6	43	13	5.33	4.34	4.92	2.31	2.26	136	
6	43	18	3.42	1.55	3.56	0.19	4.71	137	
6	43	23	-48.24	-34.51	11.20	10.97	2.64	138	
6	43	28	-1.95	27.65	39.84	-32.74	34.33	139	
6	43	33	2.62	3.85	14.57	9.63	-13.03	140	
6	43	38	8.35	9.32	7.18	-1.22	18.23	141	
6	43	43	9.67	6.17	2.60	6.97	5.11	142	
