143
diam	c	r	EConv0	EConv1	EConv2	OConv0	OConv1
6	3	3	4.58	13.13	3.02	4.68	8.53	44	
6	3	8	7.31	1.46	6.97	-4.01	0.40	45	
6	3	13	2.45	47.43	6.67	11.90	9.66	46	
6	3	18	2.69	2.27	10.42	2.08	-9.78	47	
6	3	23	2.22	2.97	3.87	0.99	-0.80	48	
6	3	28	1.50	2.79	3.22	-1.44	0.67	49	
6	3	33	2.72	27.78	0.77	-12.90	-22.56	50	
6	3	38	-0.79	11.90	2.19	-15.44	-83.41	51	
6	3	43	7.83	-13.77	28.77	29.00	-32.39	52	
6	7	3	2.72	3.05	2.82	-1.69	-0.46	53	
6	7	8	1.36	0.90	1.94	-0.22	1.27	54	
6	7	13	1.47	-16.12	6.56	-26.77	21.49	55	
6	7	18	6.96	6.40	-7.97	19.96	12.18	56	
6	7	23	2.49	13.24	5.65	-3.38	-5.62	57	
6	7	28	2.47	4.88	2.32	3.29	-3.41	58	
6	7	33	-7.00	-43.03	-14.58	-54.49	12.00	59	
6	7	38	16.65	1.19	10.03	44.73	60.73	60	
6	7	43	-3.51	8.43	-7.57	57.44	12.17	61	
6	11	3	3.81	3.59	3.89	-0.66	0.85	62	
6	11	8	2.89	2.32	2.19	-0.96	0.87	63	
6	11	13	3.17	4.73	1.06	-0.95	-0.75	64	
6	11	18	6.82	15.76	2.88	-11.49	-10.63	65	
6	11	23	-22.03	-36.80	-6.41	-5.33	-15.58	66	
6	11	28	5.20	4.11	3.31	4.48	-1.24	67	
6	11	33	-0.78	10.77	9.12	0.44	3.96	68	
6	11	38	19.12	19.99	2.91	-20.93	-14.65	69	
6	11	43	16.17	17.63	4.39	29.43	11.86	70	
6	15	3	4.19	3.85	3.95	2.02	-1.37	71	
6	15	8	5.57	4.22	3.05	-1.29	-1.08	72	
6	15	13	8.05	21.97	4.17	-13.78	-22.66	73	
6	15	18	-4.17	-21.31	2.81	-14.31	-31.42	74	
6	15	23	15.64	26.34	1.66	23.43	26.85	75	
6	15	28	4.04	5.66	3.94	-0.06	2.84	76	
6	15	33	6.12	11.02	1.97	-7.68	-3.10	77	
6	15	38	-6.57	-18.13	4.56	-0.13	1.18	78	
6	15	43	8.41	11.17	4.76	3.99	4.99	79	
6	19	3	3.33	4.35	2.69	0.36	1.78	80	
6	19	8	4.56	5.94	-2.77	-25.13	-34.38	81	
6	19	13	-4.56	-33.27	-4.26	10.62	19.58	82	
6	19	18	-20.97	1.97	0.88	3.25	17.23	83	
6	19	23	6.11	3.34	3.32	5.77	1.14	84	
6	19	28	5.58	13.61	1.45	-8.23	-5.68	85	
6	19	33	-6.90	-23.21	6.18	-8.57	-15.12	86	
6	19	38	7.51	13.05	-0.98	15.24	15.85	87	
6	19	43	3.01	2.78	3.29	2.51	1.30	88	
6	23	3	8.81	7.14	1.59	-6.57	-3.70	89	
6	23	8	-15.47	-10.48	7.95	21.28	14.47	90	
6	23	13	7.33	16.29	3.17	3.67	6.93	91	
6	23	18	-22.45	2.42	-20.88	-16.06	-14.69	92	
6	23	23	5.69	5.58	3.56	-5.97	-54.08	93	
6	23	28	-2.61	-40.00	-7.12	-1.03	-20.47	94	
6	23	33	10.14	20.32	3.47	21.90	22.10	95	
6	23	38	5.09	4.25	4.24	-0.84	1.85	96	
6	23	43	4.28	5.12	3.04	1.32	1.04	97	
6	27	3	14.13	7.79	4.68	-16.64	-0.32	98	
6	27	8	7.50	8.89	2.57	22.79	8.75	99	
6	27	13	4.91	5.54	5.11	0.19	-0.60	100	
6	27	18	-1.97	-1.30	23.68	-15.46	32.60	101	
6	27	23	0.44	16.57	13.59	5.72	51.07	102	
6	27	28	5.90	26.48	10.74	10.55	21.25	103	
6	27	33	0.17	4.42	4.57	0.29	3.11	104	
6	27	38	3.44	2.98	2.80	0.63	-0.95	105	
6	27	43	3.58	3.11	4.05	-1.03	-1.22	106	
6	31	3	16.03	4.04	8.23	-16.56	0.41	107	
6	31	8	12.10	5.69	7.91	17.06	-1.35	108	
6	31	13	4.45	3.60	3.70	-0.64	0.31	109	
6	31	18	3.20	2.80	4.07	0.65	2.08	110	
6	31	23	3.69	5.83	2.87	-0.26	1.10	111	
6	31	28	3.59	3.25	4.24	-0.27	-2.26	112	
6	31	33	3.66	4.46	4.59	2.77	-3.82	113	
6	31	38	3.75	2.60	4.70	-1.50	-2.15	114	
6	31	43	3.36	3.66	2.85	0.46	-0.26	115	
6	35	3	12.07	4.58	8.39	-7.61	1.63	116	
6	35	8	1.42	4.24	3.07	25.46	-11.00	117	
6	35	13	4.52	4.54	4.59	-0.79	-1.41	118	
6	35	18	4.95	4.40	3.15	-0.01	-1.84	119	
6	35	23	4.19	1.82	5.10	0.88	-1.86	120	
6	35	28	5.34	10.34	4.20	-3.01	-2.36	121	
6	35	33	-7.63	8.74	5.31	0.13	-33.09	122	
6	35	38	4.53	3.55	8.39	5.66	-3.12	123	
6	35	43	4.48	4.36	4.26	-1.85	1.04	124	
6	39	3	5.77	2.43	4.40	-0.87	2.03	125	
6	39	8	-5.78	6.11	-4.64	3.40	16.54	126	
6	39	13	4.36	1.37	2.59	1.99	2.48	127	
6	39	18	3.76	4.97	3.07	0.30	-0.17	128	
6	39	23	4.24	6.36	1.87	-0.63	-1.81	129	
6	39	28	-3.06	-6.61	2.02	-16.25	-19.54	130	
6	39	33	-10.83	1.42	-7.25	-2.58	20.62	131	
6	39	38	6.57	6.36	2.96	5.24	1.91	132	
6	39	43	5.75	3.71	4.22	0.10	-1.96	133	
6	43	3	5.08	4.45	4.79	-0.50	0.65	134	
6	43	8	4.22	4.59	6.16	-2.69	1.62	135	
6	43	13	6.52	3.91	5.20	2.13	0.36	136	
6	43	18	2.77	2.61	4.83	-1.71	0.25	137	
6	43	23	-1.95	12.03	-0.65	-22.07	-23.22	138	
6	43	28	8.17	27.71	7.79	11.12	6.44	139	
6	43	33	-1.57	0.66	33.28	9.82	-14.44	140	
6	43	38	5.01	3.92	2.57	4.33	1.05	141	
6	43	43	4.08	3.91	4.43	-0.06	1.78	142	
