143
diam	c	r	EConv0	EConv1	EConv2	OConv0	OConv1
6	3	3	3.83	4.45	4.37	-0.05	1.57	44	
6	3	8	3.82	4.19	3.13	-0.15	1.84	45	
6	3	13	30.90	47.03	-10.78	-46.46	-27.61	46	
6	3	18	6.66	8.80	16.16	8.49	-115.34	47	
6	3	23	10.33	-40.61	13.62	26.80	25.00	48	
6	3	28	-23.42	-24.25	-42.05	7.40	-24.86	49	
6	3	33	-0.23	3.52	10.73	64.39	69.00	50	
6	3	38	8.60	12.36	6.01	0.90	-0.39	51	
6	3	43	6.12	4.26	7.68	-5.12	1.75	52	
6	7	3	3.92	3.10	2.97	-1.28	-0.34	53	
6	7	8	5.58	4.06	3.62	0.94	-1.24	54	
6	7	13	40.29	-21.84	32.20	-73.73	30.12	55	
6	7	18	11.42	13.65	1.47	31.61	110.85	56	
6	7	23	7.05	-1.34	-11.17	-31.18	-60.25	57	
6	7	28	-23.80	-0.54	-3.03	77.48	39.03	58	
6	7	33	1.02	12.49	-11.99	-0.04	2.22	59	
6	7	38	3.76	5.59	16.47	8.38	-14.03	60	
6	7	43	3.30	1.18	3.57	0.87	-0.65	61	
6	11	3	4.04	4.38	5.11	0.75	-0.26	62	
6	11	8	3.63	2.63	3.95	-2.90	0.57	63	
6	11	13	10.16	24.48	2.01	-5.17	-9.78	64	
6	11	18	-18.23	-37.90	-2.18	-58.46	-80.89	65	
6	11	23	11.40	19.67	3.91	61.25	73.97	66	
6	11	28	-15.50	35.31	-8.48	5.00	19.13	67	
6	11	33	-6.64	-9.84	5.34	-55.51	-90.89	68	
6	11	38	-23.30	-40.49	-53.58	31.81	-58.56	69	
6	11	43	8.82	1.58	9.69	10.83	-16.44	70	
6	15	3	3.73	2.34	1.34	-1.73	-1.36	71	
6	15	8	5.77	4.08	4.51	2.14	-1.42	72	
6	15	13	34.76	-9.05	-2.15	-79.17	-3.69	73	
6	15	18	8.47	23.90	1.98	66.02	87.49	74	
6	15	23	13.25	37.02	-0.16	-12.00	-13.66	75	
6	15	28	-22.12	-58.83	-0.39	-43.42	-52.25	76	
6	15	33	5.66	26.12	6.19	52.60	81.46	77	
6	15	38	4.36	51.25	32.66	-38.30	34.78	78	
6	15	43	17.58	7.06	8.17	10.38	7.02	79	
6	19	3	3.63	2.68	4.10	0.82	-0.32	80	
6	19	8	4.49	1.87	2.81	-0.68	1.46	81	
6	19	13	3.85	3.75	19.62	-4.05	13.99	82	
6	19	18	8.12	38.85	-1.33	-14.93	-15.34	83	
6	19	23	-29.01	-71.06	9.78	-41.64	-53.53	84	
6	19	28	9.47	42.36	0.87	46.35	72.88	85	
6	19	33	17.85	30.43	2.61	-20.42	-5.62	86	
6	19	38	-22.51	-69.21	1.69	6.02	-4.06	87	
6	19	43	11.54	11.34	2.23	5.49	7.21	88	
6	23	3	3.53	7.74	5.66	1.13	-3.12	89	
6	23	8	1.99	22.69	7.52	-7.12	-21.71	90	
6	23	13	16.55	31.07	3.79	-13.09	-15.56	91	
6	23	18	-24.96	-80.65	7.41	-31.23	-35.85	92	
6	23	23	-30.19	40.45	-56.65	12.91	-0.25	93	
6	23	28	13.89	34.48	34.47	1.18	-112.53	94	
6	23	33	-21.73	-74.09	11.97	-10.59	-55.46	95	
6	23	38	22.03	43.94	4.86	25.56	29.20	96	
6	23	43	1.82	4.44	1.95	-0.01	-4.41	97	
6	27	3	1.99	-0.84	0.53	1.03	-2.51	98	
6	27	8	0.23	-10.72	12.74	-18.87	24.44	99	
6	27	13	-6.22	-20.72	-1.54	-73.95	-54.01	100	
6	27	18	19.41	36.75	-8.47	66.74	57.39	101	
6	27	23	2.90	-22.44	24.85	-74.49	69.34	102	
6	27	28	-9.17	-44.77	-34.53	8.76	73.20	103	
6	27	33	14.28	47.84	-5.54	55.34	66.92	104	
6	27	38	-18.30	25.35	-3.52	-25.91	-83.48	105	
6	27	43	13.55	-2.30	13.21	11.02	-7.28	106	
6	31	3	4.37	5.08	4.15	1.09	3.06	107	
6	31	8	25.13	39.89	0.31	-33.54	-29.72	108	
6	31	13	-14.02	-9.35	9.09	50.95	58.18	109	
6	31	18	4.63	4.80	7.33	0.43	3.75	110	
6	31	23	3.21	4.94	6.38	2.92	4.60	111	
6	31	28	4.01	18.30	14.52	1.45	12.68	112	
6	31	33	7.25	4.98	3.26	-4.18	6.87	113	
6	31	38	-36.62	-23.01	-1.87	-5.73	86.41	114	
6	31	43	11.15	13.93	2.02	6.27	3.22	115	
6	35	3	1.62	2.06	3.55	1.09	1.63	116	
6	35	8	-29.65	-23.39	17.82	-39.89	-7.30	117	
6	35	13	16.51	14.79	4.79	7.81	12.39	118	
6	35	18	5.78	4.09	2.02	5.14	1.79	119	
6	35	23	4.29	6.41	6.15	0.67	-0.96	120	
6	35	28	3.98	1.39	2.17	-1.44	1.23	121	
6	35	33	4.71	-1.71	2.11	1.34	0.22	122	
6	35	38	5.11	5.59	5.30	-1.96	3.26	123	
6	35	43	2.69	2.72	4.54	-0.43	5.21	124	
6	39	3	4.20	35.29	36.19	3.24	-94.41	125	
6	39	8	-47.07	-4.90	-9.54	-4.88	-48.56	126	
6	39	13	0.88	26.89	27.72	4.47	-93.22	127	
6	39	18	4.69	35.17	29.38	0.57	-95.69	128	
6	39	23	1.10	32.50	31.06	-1.34	-102.49	129	
6	39	28	4.68	29.10	25.98	-3.18	-109.76	130	
6	39	33	4.20	23.49	22.63	4.17	-109.93	131	
6	39	38	0.77	20.68	23.05	1.32	-102.83	132	
6	39	43	0.48	29.08	26.10	2.32	-105.76	133	
6	43	3	-2.92	-31.46	-28.30	4.62	104.35	134	
6	43	8	3.63	-20.75	-23.93	-5.33	108.20	135	
6	43	13	1.83	-26.74	-26.15	-2.27	98.95	136	
6	43	18	3.89	-29.34	-20.12	4.68	105.99	137	
6	43	23	0.13	-18.27	-19.45	-0.39	115.02	138	
6	43	28	5.25	-11.03	-13.49	-0.93	116.24	139	
6	43	33	0.58	-19.64	-16.93	0.59	110.27	140	
6	43	38	1.89	-17.50	-20.33	-4.02	108.33	141	
6	43	43	2.18	-17.09	-16.24	0.79	110.39	142	
