143
diam	c	r	EConv0	EConv1	EConv2	OConv0	OConv1
6	3	3	2.92	5.07	2.46	1.62	0.48	44	
6	3	8	3.11	2.68	3.15	-0.55	0.30	45	
6	3	13	-25.31	-1.68	-0.29	-12.13	4.47	46	
6	3	18	14.17	37.01	8.98	-25.65	-27.01	47	
6	3	23	1.32	-14.68	21.59	20.44	-19.04	48	
6	3	28	21.63	37.69	2.42	-7.55	-20.44	49	
6	3	33	-14.20	-23.40	-9.93	-25.13	-47.84	50	
6	3	38	12.85	-9.30	22.20	55.23	-29.47	51	
6	3	43	5.00	4.28	3.05	4.75	-2.07	52	
6	7	3	4.44	5.01	3.58	-2.79	0.34	53	
6	7	8	3.12	4.08	3.49	2.22	-1.94	54	
6	7	13	-23.30	-2.49	-26.91	-41.46	-20.87	55	
6	7	18	-5.26	-32.92	7.53	-14.53	-22.45	56	
6	7	23	17.61	25.14	-6.57	45.84	29.05	57	
6	7	28	-10.51	-15.13	11.81	-40.42	-34.61	58	
6	7	33	13.91	0.75	9.67	20.13	67.72	59	
6	7	38	-33.97	4.91	-40.67	33.81	5.21	60	
6	7	43	3.04	2.94	4.09	0.57	-0.39	61	
6	11	3	4.54	3.86	6.41	-0.68	2.01	62	
6	11	8	4.92	6.73	4.48	-3.30	2.24	63	
6	11	13	5.24	-11.22	24.49	-39.94	41.07	64	
6	11	18	-1.67	7.20	-3.50	32.81	64.62	65	
6	11	23	12.20	25.71	-1.78	-44.18	-39.07	66	
6	11	28	-25.96	-25.79	9.41	44.71	16.05	67	
6	11	33	10.62	21.29	-5.39	-3.92	-4.32	68	
6	11	38	-30.52	-15.62	9.62	-3.10	-1.97	69	
6	11	43	3.23	3.10	3.47	2.14	-0.27	70	
6	15	3	3.57	4.12	3.08	0.85	-1.16	71	
6	15	8	4.04	2.93	4.64	-2.88	-0.98	72	
6	15	13	3.72	4.98	6.63	1.77	-3.65	73	
6	15	18	25.97	32.76	1.85	-34.69	-26.08	74	
6	15	23	-1.90	-25.99	8.28	-10.59	-2.38	75	
6	15	28	7.21	28.59	3.29	48.54	-6.04	76	
6	15	33	3.76	-12.20	11.26	-35.66	-49.73	77	
6	15	38	10.39	6.34	-2.80	46.15	24.81	78	
6	15	43	3.04	4.70	2.54	1.21	3.05	79	
6	19	3	3.27	4.16	2.99	-0.96	-1.29	80	
6	19	8	3.83	4.01	4.47	-0.30	-2.00	81	
6	19	13	12.37	21.25	1.79	-6.17	-2.97	82	
6	19	18	-17.55	-34.70	12.05	-29.48	-30.35	83	
6	19	23	36.65	34.26	2.68	-11.01	36.50	84	
6	19	28	4.25	-3.77	-5.59	-0.01	-19.60	85	
6	19	33	-1.97	-12.44	6.01	49.73	42.21	86	
6	19	38	13.94	15.59	7.02	1.16	7.52	87	
6	19	43	3.68	2.76	5.43	0.67	-2.50	88	
6	23	3	3.05	0.63	6.11	1.01	0.40	89	
6	23	8	0.91	3.87	3.80	0.86	2.39	90	
6	23	13	6.75	9.62	-7.73	-58.48	-37.69	91	
6	23	18	-5.21	-6.75	3.45	53.65	32.77	92	
6	23	23	29.39	1.97	15.44	-41.21	6.93	93	
6	23	28	-13.74	-18.44	-7.94	39.82	48.69	94	
6	23	33	11.77	42.13	-7.33	1.79	1.61	95	
6	23	38	9.69	3.38	27.36	13.87	-19.67	96	
6	23	43	2.74	3.62	3.31	0.52	2.08	97	
6	27	3	3.48	3.99	-1.25	0.90	1.22	98	
6	27	8	8.78	18.82	-1.22	-3.87	-12.51	99	
6	27	13	-29.48	-35.51	15.97	-34.83	-5.33	100	
6	27	18	21.62	23.36	-4.98	25.50	18.75	101	
6	27	23	9.32	2.01	10.06	-3.86	3.40	102	
6	27	28	9.49	21.09	8.43	5.44	13.38	103	
6	27	33	26.42	9.60	-5.00	-72.11	-15.50	104	
6	27	38	23.34	-4.02	8.83	78.62	-4.52	105	
6	27	43	5.15	4.16	4.44	1.27	-1.59	106	
6	31	3	5.49	3.44	5.09	1.27	0.41	107	
6	31	8	9.75	6.25	-3.48	-58.75	-19.36	108	
6	31	13	-0.38	0.99	-2.04	44.60	47.55	109	
6	31	18	7.70	6.10	8.86	-3.67	-5.16	110	
6	31	23	1.50	2.17	3.89	-2.58	-1.03	111	
6	31	28	3.23	3.25	4.35	-0.34	1.86	112	
6	31	33	10.05	-10.15	30.40	-26.69	25.36	113	
6	31	38	17.12	37.93	-2.64	29.50	25.68	114	
6	31	43	2.33	3.88	4.18	0.28	-2.24	115	
6	35	3	5.75	4.91	2.88	0.87	-2.58	116	
6	35	8	-34.07	-11.45	0.89	-44.98	-7.61	117	
6	35	13	18.11	13.81	9.83	4.16	-2.96	118	
6	35	18	5.75	5.27	6.15	2.48	2.64	119	
6	35	23	4.52	6.53	6.14	1.07	2.29	120	
6	35	28	3.80	1.75	4.01	1.35	-0.24	121	
6	35	33	2.78	4.77	0.32	0.94	3.62	122	
6	35	38	4.19	4.22	4.85	0.87	1.76	123	
6	35	43	3.56	5.00	3.45	-0.54	3.39	124	
6	39	3	9.19	26.11	20.35	-4.31	-17.80	125	
6	39	8	-32.41	-6.04	5.87	-33.96	-21.82	126	
6	39	13	20.00	14.44	22.02	29.29	-8.10	127	
6	39	18	4.90	21.50	12.29	-1.07	-12.25	128	
6	39	23	3.92	14.91	18.25	4.95	-15.46	129	
6	39	28	8.07	18.05	16.06	1.19	-9.51	130	
6	39	33	6.37	17.97	20.69	-0.35	-14.24	131	
6	39	38	4.21	22.88	19.96	-3.12	-18.17	132	
6	39	43	4.35	23.40	17.90	-3.89	-28.02	133	
6	43	3	0.88	-18.31	-15.48	-4.33	-43.97	134	
6	43	8	-17.37	-23.38	-13.89	-1.62	2.39	135	
6	43	13	4.17	-11.62	-25.15	0.02	-46.73	136	
6	43	18	6.80	-23.79	-12.76	1.79	-45.80	137	
6	43	23	7.54	-9.78	-14.84	-0.96	-42.64	138	
6	43	28	7.25	-17.89	-17.11	5.26	-41.85	139	
6	43	33	-7.68	-26.99	-17.55	7.71	-48.90	140	
6	43	38	1.80	-16.28	-12.77	-2.60	-34.34	141	
6	43	43	4.01	-15.83	-15.44	-6.06	-24.80	142	
