143
diam	c	r	EConv0	EConv1	EConv2	OConv0	OConv1
6	3	3	3.98	3.34	3.79	0.29	0.31	44	
6	3	8	2.21	2.04	2.43	-2.20	1.37	45	
6	3	13	-36.59	-14.94	-5.42	-95.29	-1.78	46	
6	3	18	39.31	78.43	15.69	-40.78	-45.95	47	
6	3	23	-36.48	-99.23	7.15	19.52	41.04	48	
6	3	28	15.08	64.50	1.34	35.20	49.41	49	
6	3	33	9.09	12.41	4.48	0.91	-1.12	50	
6	3	38	-0.48	58.43	28.49	-15.02	-74.42	51	
6	3	43	11.78	-3.83	37.32	16.42	-21.89	52	
6	7	3	3.71	3.86	3.56	1.55	0.76	53	
6	7	8	2.55	5.03	3.27	-1.89	-0.32	54	
6	7	13	9.63	-28.71	33.72	-63.02	49.74	55	
6	7	18	-22.10	-66.19	-38.86	-4.67	86.02	56	
6	7	23	18.00	54.71	5.49	18.90	32.32	57	
6	7	28	7.48	12.69	1.24	-6.31	-3.15	58	
6	7	33	0.14	7.53	-2.74	-74.34	-105.53	59	
6	7	38	-11.07	-93.69	-17.31	37.52	67.63	60	
6	7	43	-6.12	-4.66	-18.12	95.48	-7.71	61	
6	11	3	5.66	5.36	5.54	-0.27	-0.29	62	
6	11	8	2.50	2.08	2.55	-1.32	1.02	63	
6	11	13	5.29	3.13	1.31	-1.76	-0.29	64	
6	11	18	5.26	2.69	3.21	-2.86	-1.72	65	
6	11	23	8.09	15.42	4.10	-6.01	-2.62	66	
6	11	28	-9.14	-13.74	-4.75	-74.44	-103.03	67	
6	11	33	-8.87	-37.63	3.96	71.81	103.52	68	
6	11	38	26.15	46.45	8.64	9.73	12.03	69	
6	11	43	7.00	6.35	5.58	88.96	22.59	70	
6	15	3	5.57	3.69	4.33	0.45	1.49	71	
6	15	8	3.39	3.37	1.69	-0.43	1.76	72	
6	15	13	4.77	2.82	4.03	-0.44	-1.45	73	
6	15	18	5.16	8.73	5.31	-0.52	1.86	74	
6	15	23	-9.72	-5.37	-7.35	-86.68	-97.11	75	
6	15	28	-6.77	-33.36	4.67	79.91	96.55	76	
6	15	33	10.72	14.41	-0.74	8.79	6.33	77	
6	15	38	14.43	36.35	10.93	-74.66	-90.09	78	
6	15	43	51.62	21.62	-3.13	59.48	10.45	79	
6	19	3	4.91	4.87	3.03	1.38	-0.50	80	
6	19	8	4.55	2.25	5.09	-0.78	-0.59	81	
6	19	13	0.89	-0.99	-1.42	1.68	-0.40	82	
6	19	18	13.84	37.59	0.09	-88.81	-97.62	83	
6	19	23	-13.71	-55.17	7.92	71.77	88.66	84	
6	19	28	15.27	27.10	3.70	11.33	9.55	85	
6	19	33	27.27	55.99	-8.28	-88.54	-80.83	86	
6	19	38	-60.53	-67.94	6.65	54.17	13.77	87	
6	19	43	6.37	15.16	0.51	-1.49	5.86	88	
6	23	3	2.70	3.18	3.80	0.60	-0.55	89	
6	23	8	3.53	4.74	3.20	-3.24	-0.72	90	
6	23	13	43.58	71.29	-4.98	-65.05	-56.21	91	
6	23	18	-35.87	-86.15	10.94	54.82	60.32	92	
6	23	23	18.01	37.76	1.46	13.98	14.93	93	
6	23	28	8.34	7.88	1.20	0.54	-1.63	94	
6	23	33	-44.58	-44.62	2.63	-58.44	-29.00	95	
6	23	38	10.96	11.91	-3.42	125.94	67.96	96	
6	23	43	2.73	1.40	6.12	1.77	-1.96	97	
6	27	3	1.22	2.30	1.71	0.98	0.06	98	
6	27	8	14.52	21.07	0.84	-8.88	-5.05	99	
6	27	13	-59.79	-104.52	20.97	-37.61	-26.95	100	
6	27	18	30.64	60.52	-0.61	36.29	37.32	101	
6	27	23	1.48	0.53	1.36	-3.44	1.48	102	
6	27	28	32.90	11.76	7.90	-17.03	0.04	103	
6	27	33	-44.21	-63.88	-14.71	24.32	59.46	104	
6	27	38	30.77	40.01	-0.64	26.98	12.66	105	
6	27	43	-6.73	46.76	18.65	-11.72	-47.14	106	
6	31	3	4.91	4.31	5.20	-1.44	0.08	107	
6	31	8	17.40	14.60	-8.58	-106.97	-65.45	108	
6	31	13	24.92	46.64	-2.95	91.23	76.94	109	
6	31	18	5.03	3.32	2.85	-2.43	0.48	110	
6	31	23	4.32	0.70	3.68	0.32	1.74	111	
6	31	28	4.37	-0.58	8.90	-3.04	2.31	112	
6	31	33	3.00	50.06	13.48	14.97	38.56	113	
6	31	38	-0.58	3.91	0.16	6.28	0.97	114	
6	31	43	-84.04	-79.72	-52.79	-17.53	31.92	115	
6	35	3	14.74	11.59	0.99	-5.06	-3.56	116	
6	35	8	-69.40	-91.23	18.46	42.97	37.55	117	
6	35	13	7.72	15.12	6.33	0.80	0.22	118	
6	35	18	4.49	2.58	5.59	-1.49	0.73	119	
6	35	23	4.66	5.37	2.71	0.86	-0.50	120	
6	35	28	3.06	4.72	2.92	0.68	1.62	121	
6	35	33	0.43	-0.86	3.71	3.60	-5.06	122	
6	35	38	1.54	4.12	3.47	0.27	-0.02	123	
6	35	43	-5.49	24.36	18.45	5.11	25.35	124	
6	39	3	35.67	5.70	9.22	-25.89	-4.89	125	
6	39	8	30.42	72.59	10.56	74.29	-44.06	126	
6	39	13	-9.92	-28.96	5.86	18.58	-22.10	127	
6	39	18	4.06	6.00	4.04	1.33	0.95	128	
6	39	23	3.25	3.19	3.25	1.41	0.99	129	
6	39	28	2.86	2.97	5.56	2.45	0.97	130	
6	39	33	-0.10	5.26	2.05	0.73	3.50	131	
6	39	38	4.56	6.93	5.68	-0.90	2.02	132	
6	39	43	3.56	4.24	5.16	-0.04	3.01	133	
6	43	3	8.47	6.17	11.09	-4.90	0.98	134	
6	43	8	-16.80	17.93	18.39	10.36	87.45	135	
6	43	13	11.06	23.96	4.84	10.24	10.85	136	
6	43	18	1.89	4.01	2.65	0.66	2.91	137	
6	43	23	0.92	2.47	2.50	-0.81	0.19	138	
6	43	28	1.42	3.15	1.83	-1.10	1.77	139	
6	43	33	3.18	3.80	4.23	-0.55	1.65	140	
6	43	38	3.09	1.06	2.96	1.22	1.82	141	
6	43	43	1.99	1.86	1.03	0.30	0.06	142	
