143
diam	c	r	EConv0	EConv1	EConv2	OConv0	OConv1
6	3	3	5.72	0.77	2.22	-2.63	-2.16	44	
6	3	8	4.28	2.53	5.29	-1.80	-1.83	45	
6	3	13	4.33	2.29	2.39	-0.12	-2.09	46	
6	3	18	2.12	0.89	-1.24	0.11	-1.99	47	
6	3	23	-0.47	-2.05	-0.27	-5.07	-1.75	48	
6	3	28	3.82	3.96	1.38	-2.33	-5.17	49	
6	3	33	3.20	14.28	-3.30	-0.75	-15.14	50	
6	3	38	-2.58	9.87	3.09	-5.57	-48.26	51	
6	3	43	5.00	-2.52	7.93	5.40	-7.58	52	
6	7	3	1.91	0.26	2.03	2.36	-0.80	53	
6	7	8	0.24	1.52	1.00	-0.27	1.96	54	
6	7	13	1.10	1.04	0.73	-0.04	1.07	55	
6	7	18	4.14	4.06	4.53	-1.60	0.01	56	
6	7	23	-1.07	-0.64	2.46	0.66	0.27	57	
6	7	28	9.58	21.04	-1.01	-10.20	-8.71	58	
6	7	33	-9.85	-23.95	-8.56	-11.26	-29.77	59	
6	7	38	0.00	-12.18	-9.07	-1.56	10.01	60	
6	7	43	8.33	-3.69	7.84	34.09	-12.80	61	
6	11	3	3.16	3.76	3.51	2.07	0.70	62	
6	11	8	3.06	4.39	2.68	-1.51	3.20	63	
6	11	13	1.21	1.92	3.65	-0.39	-0.26	64	
6	11	18	3.33	2.56	1.47	-3.24	0.40	65	
6	11	23	7.14	19.45	6.89	1.40	-11.47	66	
6	11	28	-14.58	-35.74	1.33	-26.87	-23.48	67	
6	11	33	8.91	14.02	12.55	19.13	46.20	68	
6	11	38	11.95	28.59	22.57	-4.55	26.52	69	
6	11	43	-26.86	-3.53	-13.52	29.94	-0.11	70	
6	15	3	3.15	3.85	2.59	0.77	1.08	71	
6	15	8	3.05	2.55	3.19	-1.47	-2.21	72	
6	15	13	0.53	1.50	2.54	3.23	1.32	73	
6	15	18	12.16	14.06	0.74	-12.26	-6.54	74	
6	15	23	-6.21	-17.76	7.61	-9.74	-21.95	75	
6	15	28	7.68	26.78	6.41	22.95	32.85	76	
6	15	33	-10.88	-12.77	-15.11	-23.97	-52.80	77	
6	15	38	-2.46	-23.45	-2.21	42.50	-25.69	78	
6	15	43	-27.86	-9.11	0.08	29.29	-2.11	79	
6	19	3	4.50	3.91	3.95	0.49	-0.61	80	
6	19	8	2.09	3.34	3.06	-0.66	-0.08	81	
6	19	13	1.88	4.43	1.27	0.80	0.44	82	
6	19	18	6.38	-1.78	8.67	-30.13	-14.42	83	
6	19	23	2.26	6.69	-4.33	14.12	35.22	84	
6	19	28	24.33	17.04	-1.41	-21.40	-13.31	85	
6	19	33	10.43	-3.46	18.10	33.00	43.51	86	
6	19	38	10.18	27.78	1.38	0.63	20.64	87	
6	19	43	0.42	0.29	-1.23	38.18	14.24	88	
6	23	3	3.92	3.15	3.95	0.03	-1.26	89	
6	23	8	4.51	2.96	2.50	-1.67	-0.93	90	
6	23	13	12.34	14.74	0.42	-14.15	-13.37	91	
6	23	18	-4.72	-9.93	4.89	19.89	15.31	92	
6	23	23	3.81	3.43	5.69	-1.32	2.04	93	
6	23	28	6.97	1.71	-3.38	-47.34	-3.29	94	
6	23	33	16.32	30.36	22.05	12.98	-32.06	95	
6	23	38	9.43	10.25	11.06	-30.40	-35.04	96	
6	23	43	20.31	12.72	3.50	26.54	3.80	97	
6	27	3	2.74	1.18	4.54	3.00	-1.31	98	
6	27	8	3.67	3.13	2.71	-1.44	0.78	99	
6	27	13	-5.88	-11.02	4.86	-18.04	-3.71	100	
6	27	18	12.09	12.64	0.76	12.19	6.03	101	
6	27	23	4.04	3.99	4.29	-0.89	-2.07	102	
6	27	28	16.09	-2.16	15.82	-30.63	15.30	103	
6	27	33	-0.99	-24.11	-20.42	1.78	12.69	104	
6	27	38	-4.67	-22.52	-7.60	29.91	31.87	105	
6	27	43	6.07	7.85	1.74	5.39	1.09	106	
6	31	3	2.77	6.70	3.68	2.95	-0.06	107	
6	31	8	9.95	12.41	0.17	-14.36	-7.83	108	
6	31	13	-1.42	-6.33	2.50	26.41	13.52	109	
6	31	18	3.48	3.91	3.07	1.89	2.48	110	
6	31	23	2.73	2.94	2.94	-0.16	1.54	111	
6	31	28	9.15	3.49	7.09	-10.87	3.88	112	
6	31	33	8.85	22.75	21.04	8.79	11.91	113	
6	31	38	7.84	17.04	6.71	4.39	5.61	114	
6	31	43	2.35	4.22	2.38	2.92	5.20	115	
6	35	3	-2.64	-0.65	-2.94	1.91	-0.78	116	
6	35	8	-5.18	-8.69	5.58	-22.50	-7.71	117	
6	35	13	7.96	9.12	2.28	10.09	2.96	118	
6	35	18	1.19	2.93	2.54	-1.37	-2.58	119	
6	35	23	3.16	3.83	2.00	-2.30	-1.23	120	
6	35	28	5.41	1.83	5.51	-1.52	-1.87	121	
6	35	33	1.62	3.57	1.66	9.65	-2.42	122	
6	35	38	2.33	1.72	3.21	2.24	-0.62	123	
6	35	43	4.08	2.04	2.70	1.89	-1.01	124	
6	39	3	6.40	5.49	3.61	-7.22	-1.12	125	
6	39	8	-11.22	-9.87	-0.81	17.54	7.77	126	
6	39	13	3.96	5.40	3.88	1.01	-1.74	127	
6	39	18	0.82	-0.22	0.79	-0.99	-0.03	128	
6	39	23	2.91	-2.95	1.52	-1.58	2.97	129	
6	39	28	6.74	3.15	2.39	2.18	3.79	130	
6	39	33	5.27	1.29	6.11	5.00	8.64	131	
6	39	38	2.59	2.20	1.14	4.08	3.09	132	
6	39	43	1.57	3.68	3.72	3.17	-0.47	133	
6	43	3	10.97	7.03	10.39	-7.55	-2.73	134	
6	43	8	9.37	22.18	10.67	12.62	0.66	135	
6	43	13	0.49	15.14	12.91	-1.23	-5.80	136	
6	43	18	2.99	18.66	17.48	1.50	-11.67	137	
6	43	23	1.39	23.50	15.70	-3.73	-24.73	138	
6	43	28	2.37	27.08	22.61	-5.01	-39.05	139	
6	43	33	0.32	27.00	15.46	0.23	-41.33	140	
6	43	38	0.81	25.25	25.39	3.33	-46.60	141	
6	43	43	1.23	25.63	25.50	-6.21	-43.08	142	
