143
diam	c	r	EConv0	EConv1	EConv2	OConv0	OConv1
6	3	3	4.92	2.94	4.26	0.10	0.64	44	
6	3	8	2.90	4.14	2.91	0.04	1.96	45	
6	3	13	2.89	1.60	2.00	-1.05	1.68	46	
6	3	18	23.05	-6.25	7.93	-29.24	8.30	47	
6	3	23	-0.66	-26.34	-6.80	15.99	38.13	48	
6	3	28	9.83	19.23	1.44	6.93	9.07	49	
6	3	33	-2.27	-1.36	5.61	3.69	5.16	50	
6	3	38	9.82	21.98	-0.75	-22.83	-32.82	51	
6	3	43	16.64	-5.28	2.81	30.04	-4.31	52	
6	7	3	0.39	1.71	0.79	0.72	-1.02	53	
6	7	8	1.96	1.74	2.34	-1.35	-0.72	54	
6	7	13	4.07	4.18	3.75	0.13	-0.94	55	
6	7	18	3.69	3.31	4.59	2.85	1.73	56	
6	7	23	0.81	3.86	2.05	-0.29	0.28	57	
6	7	28	2.40	1.23	3.62	-6.80	-5.73	58	
6	7	33	13.99	26.86	1.20	-20.61	-23.94	59	
6	7	38	-0.83	-5.14	6.34	24.91	37.11	60	
6	7	43	2.61	5.64	9.76	4.99	-5.77	61	
6	11	3	1.93	2.61	3.34	0.43	-0.11	62	
6	11	8	1.25	2.98	2.52	-0.52	-0.10	63	
6	11	13	2.27	1.36	2.71	-0.89	1.28	64	
6	11	18	0.84	1.09	-1.42	2.72	-0.87	65	
6	11	23	2.63	2.54	3.19	-2.76	-1.11	66	
6	11	28	1.32	19.86	0.51	-9.45	-16.40	67	
6	11	33	-7.36	14.16	23.13	14.78	-0.07	68	
6	11	38	-6.61	-10.16	16.76	-24.39	-61.78	69	
6	11	43	13.79	7.29	-1.27	18.03	5.66	70	
6	15	3	4.46	4.01	2.94	-0.04	0.13	71	
6	15	8	3.36	3.40	3.95	1.57	0.77	72	
6	15	13	2.41	2.19	3.04	2.32	-1.12	73	
6	15	18	3.52	3.11	3.23	-1.78	-1.58	74	
6	15	23	8.72	17.62	-1.20	-15.24	-12.57	75	
6	15	28	1.83	-17.25	10.90	7.19	18.16	76	
6	15	33	-22.07	-47.76	-17.76	-21.01	-6.77	77	
6	15	38	11.69	36.20	-7.77	50.92	52.91	78	
6	15	43	2.73	0.93	11.32	4.68	-5.38	79	
6	19	3	4.49	3.32	2.00	-0.27	-2.65	80	
6	19	8	2.11	2.28	2.48	0.30	-2.86	81	
6	19	13	2.38	3.13	3.24	1.83	-0.14	82	
6	19	18	4.41	7.58	1.56	-6.39	-4.77	83	
6	19	23	-14.25	-32.68	6.20	1.34	4.67	84	
6	19	28	5.80	9.18	7.85	3.75	8.71	85	
6	19	33	-2.28	35.36	18.57	6.91	41.62	86	
6	19	38	15.11	-3.41	10.00	-15.30	1.50	87	
6	19	43	18.44	14.13	-5.80	14.36	4.92	88	
6	23	3	3.52	3.17	4.57	1.00	1.27	89	
6	23	8	1.81	1.34	1.48	1.47	1.99	90	
6	23	13	4.78	3.79	3.80	-1.46	0.09	91	
6	23	18	-11.15	-18.27	1.55	-20.52	-20.65	92	
6	23	23	8.25	17.30	-0.40	8.36	10.77	93	
6	23	28	1.02	5.24	0.67	2.06	2.52	94	
6	23	33	4.64	1.54	2.83	-3.69	-3.22	95	
6	23	38	3.57	2.21	3.33	2.50	3.02	96	
6	23	43	1.40	3.00	3.48	-2.15	0.77	97	
6	27	3	1.90	1.03	1.51	1.87	0.40	98	
6	27	8	1.61	2.79	1.49	0.34	-1.21	99	
6	27	13	6.36	8.94	-0.96	-25.52	-25.45	100	
6	27	18	8.04	11.50	-1.56	25.18	23.89	101	
6	27	23	1.58	2.07	3.17	1.01	0.52	102	
6	27	28	0.60	1.09	1.45	-2.18	-3.09	103	
6	27	33	1.09	2.40	3.11	1.04	-0.23	104	
6	27	38	3.94	4.10	2.47	-1.02	-0.62	105	
6	27	43	3.64	1.78	3.84	0.43	1.23	106	
6	31	3	1.59	17.57	19.77	2.83	-22.40	107	
6	31	8	12.50	33.05	15.34	-18.72	-31.05	108	
6	31	13	-2.72	8.10	12.60	21.79	10.98	109	
6	31	18	1.61	14.41	16.66	-1.49	-11.73	110	
6	31	23	3.29	10.51	13.55	1.88	-7.80	111	
6	31	28	1.67	11.64	9.82	-0.70	-5.84	112	
6	31	33	2.54	5.68	6.10	1.38	-2.27	113	
6	31	38	5.62	6.42	7.72	0.14	-0.78	114	
6	31	43	4.16	5.31	6.53	1.50	0.09	115	
6	35	3	11.65	16.24	6.99	-9.06	32.34	116	
6	35	8	-16.99	-36.69	8.53	20.52	20.49	117	
6	35	13	7.04	-6.70	-2.73	-3.93	29.35	118	
6	35	18	2.90	-10.96	-18.78	1.62	30.01	119	
6	35	23	2.17	-20.60	-19.99	0.15	28.76	120	
6	35	28	4.67	-19.51	-23.62	-0.50	23.06	121	
6	35	33	2.48	-28.21	-33.40	0.61	8.99	122	
6	35	38	1.05	-27.80	-26.21	3.14	0.60	123	
6	35	43	-1.55	-32.62	-36.08	-4.66	0.38	124	
6	39	3	4.63	-18.86	-7.40	-39.29	-3.01	125	
6	39	8	11.96	26.23	-5.83	27.11	25.16	126	
6	39	13	2.51	3.39	0.96	-1.07	-0.09	127	
6	39	18	6.03	3.15	4.77	1.45	-0.07	128	
6	39	23	4.21	3.83	0.91	-0.92	-1.93	129	
6	39	28	3.16	1.01	4.76	-0.21	1.20	130	
6	39	33	2.92	4.21	2.73	-1.16	0.70	131	
6	39	38	12.93	18.85	-1.44	-12.77	-7.16	132	
6	39	43	14.10	-3.81	5.42	30.68	-3.25	133	
6	43	3	0.28	7.57	7.25	1.79	4.28	134	
6	43	8	2.74	3.35	3.84	-0.56	-0.32	135	
6	43	13	3.76	2.82	3.96	0.62	0.54	136	
6	43	18	3.22	3.79	3.10	1.90	-0.55	137	
6	43	23	4.89	2.61	4.63	-0.03	-0.39	138	
6	43	28	3.59	3.66	2.35	1.19	-3.76	139	
6	43	33	2.13	2.05	2.67	-3.14	-1.51	140	
6	43	38	7.07	2.36	2.73	-39.76	-9.88	141	
6	43	43	12.76	13.05	0.48	11.01	4.74	142	
