143
diam	c	r	EConv0	EConv1	EConv2	OConv0	OConv1
6	3	3	4.62	2.96	3.81	-0.71	0.32	44	
6	3	8	3.16	3.34	3.19	2.37	-0.42	45	
6	3	13	3.64	3.56	2.36	-1.38	-1.12	46	
6	3	18	26.75	-10.77	33.12	-29.12	17.64	47	
6	3	23	-40.57	24.10	-63.03	-61.79	15.64	48	
6	3	28	30.15	-33.44	29.88	3.01	-64.94	49	
6	3	33	24.04	39.95	-2.58	34.47	24.71	50	
6	3	38	15.66	33.54	7.93	-20.38	-16.01	51	
6	3	43	12.07	22.60	29.72	5.00	-14.74	52	
6	7	3	4.74	3.32	3.56	1.52	-0.87	53	
6	7	8	4.29	4.26	2.70	-0.61	-1.50	54	
6	7	13	3.61	1.11	3.02	-0.13	-0.84	55	
6	7	18	1.88	3.22	1.94	0.99	0.55	56	
6	7	23	-14.00	-43.79	21.40	-90.36	83.53	57	
6	7	28	17.34	49.90	-13.99	69.36	74.17	58	
6	7	33	7.26	51.35	9.82	-31.55	-85.99	59	
6	7	38	4.34	-71.79	-23.72	-40.66	-58.35	60	
6	7	43	-33.58	-45.17	-80.53	33.39	-43.03	61	
6	11	3	4.45	4.62	4.26	1.10	-1.14	62	
6	11	8	4.15	3.88	4.65	0.01	0.75	63	
6	11	13	3.51	3.97	2.79	0.94	1.36	64	
6	11	18	2.80	3.28	4.19	1.56	0.38	65	
6	11	23	6.39	18.02	3.35	-4.03	-9.14	66	
6	11	28	-3.77	-22.79	0.18	-54.97	-79.89	67	
6	11	33	-0.67	-24.94	5.10	37.69	96.72	68	
6	11	38	24.91	58.66	33.55	-4.12	54.09	69	
6	11	43	-49.50	1.53	19.32	-61.41	15.70	70	
6	15	3	3.31	3.51	2.96	-0.71	1.14	71	
6	15	8	3.43	3.78	2.67	-0.06	-0.35	72	
6	15	13	3.33	1.95	2.97	-0.27	-0.69	73	
6	15	18	8.57	17.82	1.70	-11.32	-12.20	74	
6	15	23	-10.68	-50.60	4.89	-41.47	-61.75	75	
6	15	28	13.38	36.61	6.36	49.02	73.35	76	
6	15	33	4.61	9.47	1.13	3.19	2.12	77	
6	15	38	11.62	22.94	27.84	-24.18	-23.06	78	
6	15	43	-41.90	-35.80	6.11	47.35	27.84	79	
6	19	3	4.23	3.89	3.69	-0.97	-0.13	80	
6	19	8	2.65	2.78	4.36	-0.08	-0.75	81	
6	19	13	6.15	12.31	0.23	-6.09	-4.37	82	
6	19	18	-18.52	-53.71	4.15	-42.67	-44.30	83	
6	19	23	10.97	45.54	3.01	48.87	63.63	84	
6	19	28	4.37	4.28	3.07	1.49	2.22	85	
6	19	33	12.31	51.09	-11.98	-56.23	-57.31	86	
6	19	38	30.35	-7.24	-11.72	-25.21	-11.46	87	
6	19	43	42.46	31.49	-3.93	49.42	23.02	88	
6	23	3	3.02	2.94	2.21	-0.16	-1.80	89	
6	23	8	3.49	3.99	3.12	1.82	-0.76	90	
6	23	13	-3.37	-2.09	2.13	-53.72	-52.62	91	
6	23	18	11.74	35.68	-0.94	41.92	53.13	92	
6	23	23	3.16	3.41	3.07	1.83	1.57	93	
6	23	28	4.27	3.26	4.03	-0.67	-0.49	94	
6	23	33	-63.35	-14.66	-25.78	-111.98	-4.09	95	
6	23	38	-38.56	-63.27	23.76	0.26	1.73	96	
6	23	43	9.85	7.61	3.78	2.65	3.07	97	
6	27	3	4.05	3.32	4.88	-1.26	1.61	98	
6	27	8	22.55	40.79	-4.39	-38.17	-35.04	99	
6	27	13	-5.71	-11.21	6.57	55.43	46.01	100	
6	27	18	3.49	2.96	3.09	1.21	0.61	101	
6	27	23	1.94	2.57	1.51	1.47	-1.40	102	
6	27	28	3.34	3.94	3.63	-0.56	-0.17	103	
6	27	33	-38.19	-30.44	-11.18	-133.05	14.48	104	
6	27	38	54.15	35.08	-4.88	48.64	53.20	105	
6	27	43	8.97	4.83	4.46	4.94	-2.49	106	
6	31	3	3.67	4.91	2.10	-2.14	-0.34	107	
6	31	8	-71.49	-67.45	16.80	-10.37	-18.77	108	
6	31	13	8.77	27.15	2.03	6.80	-0.39	109	
6	31	18	3.97	0.89	7.45	5.10	-1.87	110	
6	31	23	2.78	3.85	4.06	1.09	2.03	111	
6	31	28	3.81	3.70	3.29	0.34	1.71	112	
6	31	33	-12.23	-4.14	41.19	-23.40	45.41	113	
6	31	38	17.99	3.77	-2.08	-18.05	0.83	114	
6	31	43	7.91	4.93	4.13	3.50	2.66	115	
6	35	3	39.21	16.32	4.00	-26.91	-4.80	116	
6	35	8	-8.58	27.16	17.35	105.04	-17.30	117	
6	35	13	-28.66	-56.99	5.94	3.01	-35.35	118	
6	35	18	9.12	7.94	1.23	9.47	3.78	119	
6	35	23	1.53	2.68	1.78	-0.60	-0.33	120	
6	35	28	3.67	3.05	2.28	-1.39	0.36	121	
6	35	33	3.96	6.54	5.27	-1.36	1.88	122	
6	35	38	5.24	-3.15	-8.60	-23.95	-1.50	123	
6	35	43	6.80	2.65	4.49	5.63	0.03	124	
6	39	3	10.22	1.60	14.97	-2.71	5.72	125	
6	39	8	-43.12	-28.67	-47.05	-12.06	88.63	126	
6	39	13	17.50	44.47	0.23	34.83	36.68	127	
6	39	18	4.82	5.96	2.80	0.84	1.73	128	
6	39	23	3.17	2.82	3.48	0.97	-0.52	129	
6	39	28	3.71	3.36	4.31	1.77	-0.03	130	
6	39	33	3.01	3.03	2.37	-3.19	1.80	131	
6	39	38	5.61	3.87	-8.87	-25.89	-7.24	132	
6	39	43	7.52	5.90	3.49	5.14	1.23	133	
6	43	3	4.73	2.72	3.46	2.09	3.36	134	
6	43	8	1.99	6.35	7.28	0.64	5.37	135	
6	43	13	2.16	1.90	3.00	2.16	-0.14	136	
6	43	18	3.97	2.50	4.41	0.71	1.04	137	
6	43	23	3.23	2.39	2.72	0.30	2.46	138	
6	43	28	4.17	3.44	2.60	1.58	2.02	139	
6	43	33	3.61	2.66	3.40	-1.48	0.93	140	
6	43	38	3.76	7.25	-2.50	-25.15	-6.19	141	
6	43	43	5.85	3.09	2.94	2.72	1.31	142	
