143
diam	c	r	EConv0	EConv1	EConv2	OConv0	OConv1
6	3	3	4.53	3.03	3.46	0.74	-0.08	44	
6	3	8	10.85	-7.25	25.02	-24.78	13.19	45	
6	3	13	41.32	66.86	3.35	-70.64	-8.01	46	
6	3	18	15.21	-37.32	-20.92	-7.27	-55.27	47	
6	3	23	-9.03	-49.82	-7.27	38.92	84.94	48	
6	3	28	11.48	50.18	7.11	25.86	43.80	49	
6	3	33	2.21	4.63	2.32	1.41	0.44	50	
6	3	38	2.91	48.50	14.53	-15.10	-44.02	51	
6	3	43	4.46	2.18	42.61	20.05	-36.34	52	
6	7	3	2.13	3.37	3.17	-0.15	0.81	53	
6	7	8	1.80	1.86	3.51	-5.18	3.53	54	
6	7	13	-37.46	-59.38	0.22	-68.37	28.72	55	
6	7	18	13.62	51.11	21.08	24.50	72.98	56	
6	7	23	5.51	16.36	2.11	12.51	1.12	57	
6	7	28	1.47	3.50	1.51	-0.89	-2.03	58	
6	7	33	7.74	40.47	1.51	-55.33	-81.58	59	
6	7	38	-13.32	-68.21	-5.91	-6.87	-18.28	60	
6	7	43	-38.72	-26.82	-35.51	93.28	-1.26	61	
6	11	3	2.98	3.02	3.83	-1.74	-0.87	62	
6	11	8	1.61	3.83	3.09	-2.42	0.88	63	
6	11	13	-0.50	12.58	10.08	2.37	13.09	64	
6	11	18	0.45	-0.59	0.47	0.48	0.79	65	
6	11	23	-4.28	2.38	-2.44	-5.35	-1.38	66	
6	11	28	7.85	21.22	0.78	-56.83	-83.00	67	
6	11	33	20.00	-11.20	-10.62	-11.03	45.96	68	
6	11	38	29.82	53.53	3.00	68.15	64.58	69	
6	11	43	-11.20	-3.73	7.06	72.87	27.07	70	
6	15	3	1.34	3.34	2.30	-0.48	-2.60	71	
6	15	8	1.40	0.90	1.80	-3.54	-3.31	72	
6	15	13	2.57	1.87	3.52	1.92	-1.72	73	
6	15	18	2.67	3.20	3.02	3.00	2.80	74	
6	15	23	2.99	26.17	-3.38	-68.29	-68.17	75	
6	15	28	-13.17	-32.95	4.74	61.27	73.66	76	
6	15	33	-64.30	-32.76	3.01	-39.44	1.90	77	
6	15	38	25.76	29.43	-4.89	-52.93	-46.64	78	
6	15	43	45.54	32.51	-4.08	47.81	15.48	79	
6	19	3	3.37	3.64	2.75	-1.16	1.19	80	
6	19	8	0.51	-0.24	-0.24	-0.77	1.77	81	
6	19	13	1.61	3.53	-0.68	0.41	-0.59	82	
6	19	18	17.30	41.73	-2.78	-57.45	-67.58	83	
6	19	23	-17.55	-49.22	4.69	56.88	67.55	84	
6	19	28	4.70	16.92	2.15	7.73	11.68	85	
6	19	33	-61.89	-24.09	-60.68	-44.78	5.97	86	
6	19	38	-31.03	-59.55	-6.49	30.76	45.28	87	
6	19	43	3.07	3.83	1.58	2.90	0.05	88	
6	23	3	1.67	0.73	2.52	-1.35	1.64	89	
6	23	8	3.10	3.79	3.23	0.02	3.23	90	
6	23	13	20.53	45.03	-7.07	-43.13	-33.82	91	
6	23	18	-30.60	-70.99	8.34	32.11	35.77	92	
6	23	23	10.35	23.26	4.38	12.77	3.36	93	
6	23	28	3.81	5.39	5.41	0.30	0.73	94	
6	23	33	3.08	9.33	23.10	-3.61	17.32	95	
6	23	38	4.78	11.35	2.17	2.35	5.75	96	
6	23	43	5.22	3.68	3.69	0.09	-3.03	97	
6	27	3	1.71	2.69	2.63	-0.16	-0.28	98	
6	27	8	8.27	12.97	0.66	-6.14	-6.17	99	
6	27	13	-48.44	-94.54	15.78	-11.73	-3.43	100	
6	27	18	20.73	36.19	5.49	11.28	30.02	101	
6	27	23	2.41	-4.75	-5.75	-0.08	4.26	102	
6	27	28	1.97	1.40	3.14	5.99	-9.74	103	
6	27	33	3.38	3.19	4.87	2.21	-4.37	104	
6	27	38	3.43	2.95	6.62	-1.21	1.12	105	
6	27	43	-1.08	-0.68	0.20	4.45	0.88	106	
6	31	3	2.75	5.05	3.17	1.67	-0.27	107	
6	31	8	28.62	19.70	-5.86	-79.18	-33.38	108	
6	31	13	31.29	46.72	-2.80	52.34	39.21	109	
6	31	18	1.84	1.50	1.33	0.57	1.20	110	
6	31	23	1.79	4.08	5.43	-1.95	4.51	111	
6	31	28	1.12	3.55	-1.72	-1.32	11.04	112	
6	31	33	2.22	2.07	-2.74	3.47	-5.04	113	
6	31	38	4.25	1.70	6.09	4.89	-5.52	114	
6	31	43	3.94	4.93	2.33	2.72	2.92	115	
6	35	3	1.47	1.02	1.79	-0.63	1.01	116	
6	35	8	-69.94	-47.86	6.87	-27.96	10.69	117	
6	35	13	3.74	2.94	4.76	3.44	0.92	118	
6	35	18	2.29	2.26	3.27	0.76	-0.26	119	
6	35	23	2.20	1.78	2.79	-1.14	-0.71	120	
6	35	28	2.14	1.65	2.96	0.48	-0.19	121	
6	35	33	0.77	2.50	5.41	-2.87	6.72	122	
6	35	38	1.22	4.67	-3.83	-0.03	2.68	123	
6	35	43	4.32	3.23	3.11	0.95	-6.48	124	
6	39	3	-1.42	0.75	3.36	0.53	1.02	125	
6	39	8	-51.20	9.06	-23.39	-0.40	-31.10	126	
6	39	13	13.76	1.52	2.30	15.34	-1.99	127	
6	39	18	1.89	3.87	2.71	-0.35	0.91	128	
6	39	23	4.60	2.72	4.97	-1.60	1.98	129	
6	39	28	2.61	3.90	3.04	0.27	0.23	130	
6	39	33	3.23	2.79	5.91	-1.95	2.16	131	
6	39	38	3.60	3.11	4.80	-3.02	4.77	132	
6	39	43	4.76	-3.36	0.55	-10.45	6.08	133	
6	43	3	2.61	4.42	1.29	0.95	-2.86	134	
6	43	8	-38.58	-7.50	10.43	-11.13	60.57	135	
6	43	13	2.75	6.67	4.96	0.66	1.92	136	
6	43	18	2.43	3.02	1.80	-2.28	-1.28	137	
6	43	23	2.91	2.04	2.58	1.70	-1.60	138	
6	43	28	2.76	3.34	3.20	-0.23	0.97	139	
6	43	33	1.57	2.55	2.16	2.01	0.70	140	
6	43	38	1.37	2.05	3.41	-2.04	-0.16	141	
6	43	43	2.66	4.15	2.96	-0.87	2.64	142	
