143
diam	c	r	EConv0	EConv1	EConv2	OConv0	OConv1
6	3	3	3.66	3.23	3.24	0.59	0.81	44	
6	3	8	1.61	2.77	2.48	-1.33	1.11	45	
6	3	13	5.20	2.76	3.80	-2.13	0.36	46	
6	3	18	4.77	4.20	2.98	1.21	-0.18	47	
6	3	23	1.96	6.29	2.51	0.10	-1.38	48	
6	3	28	3.95	1.60	5.68	-0.10	-3.84	49	
6	3	33	4.09	3.67	7.64	-1.53	-0.78	50	
6	3	38	1.94	4.29	-1.28	1.02	-0.70	51	
6	3	43	3.09	2.67	6.05	-1.39	-2.13	52	
6	7	3	3.43	3.08	3.26	0.69	-0.33	53	
6	7	8	1.87	2.74	2.57	-1.87	-0.91	54	
6	7	13	5.34	3.33	4.11	-0.92	-0.01	55	
6	7	18	5.18	4.37	3.34	-1.29	0.20	56	
6	7	23	5.53	7.42	5.54	-0.72	-2.87	57	
6	7	28	7.09	26.71	-1.16	-26.61	-48.21	58	
6	7	33	-15.91	-5.29	1.63	15.68	-85.22	59	
6	7	38	9.24	5.15	31.89	13.63	-30.83	60	
6	7	43	3.52	4.05	5.08	2.78	-0.59	61	
6	11	3	3.38	3.96	2.36	-0.12	-1.76	62	
6	11	8	1.94	0.57	2.48	-1.12	0.41	63	
6	11	13	3.82	3.92	2.73	0.39	-0.44	64	
6	11	18	5.93	7.94	2.55	-4.12	-1.06	65	
6	11	23	9.85	24.88	3.78	-34.60	-42.44	66	
6	11	28	-4.43	-46.30	4.10	-1.33	17.31	67	
6	11	33	1.28	-0.80	-28.80	-22.02	62.91	68	
6	11	38	-11.08	-2.77	-20.81	46.80	-38.56	69	
6	11	43	10.79	1.99	5.74	10.17	-4.20	70	
6	15	3	3.31	1.46	1.46	-2.19	-2.27	71	
6	15	8	2.54	5.33	2.78	2.40	-2.41	72	
6	15	13	3.14	4.20	5.20	-4.16	-1.88	73	
6	15	18	0.89	16.86	-2.22	-36.04	-54.40	74	
6	15	23	-14.74	-51.73	7.87	9.18	11.25	75	
6	15	28	12.37	24.13	-5.63	25.31	39.40	76	
6	15	33	9.27	5.24	29.35	-8.16	26.05	77	
6	15	38	-48.66	1.49	-26.64	-40.17	7.74	78	
6	15	43	25.88	6.64	9.58	19.04	-0.96	79	
6	19	3	2.33	2.25	5.34	-1.44	3.70	80	
6	19	8	3.88	6.79	1.67	-4.87	1.24	81	
6	19	13	10.73	22.49	0.25	-31.51	-39.86	82	
6	19	18	-14.45	-45.80	9.63	9.38	27.75	83	
6	19	23	14.33	54.50	1.25	23.41	26.32	84	
6	19	28	-1.22	5.82	23.18	-3.49	-43.70	85	
6	19	33	13.35	16.99	-12.68	-12.50	-15.61	86	
6	19	38	-41.32	-40.36	13.04	10.14	20.56	87	
6	19	43	10.85	7.23	-0.80	12.01	4.92	88	
6	23	3	3.67	3.88	1.01	0.76	-1.40	89	
6	23	8	9.79	12.41	1.64	-26.17	-22.73	90	
6	23	13	-10.05	-37.18	3.38	2.44	16.58	91	
6	23	18	8.29	25.04	-2.40	28.61	28.55	92	
6	23	23	14.87	3.79	-14.68	-68.95	-19.76	93	
6	23	28	-11.94	-6.96	-15.21	27.59	-45.88	94	
6	23	33	20.01	-2.43	21.28	-34.13	-51.17	95	
6	23	38	10.86	9.23	4.33	54.83	29.26	96	
6	23	43	4.17	5.10	3.09	2.25	3.70	97	
6	27	3	9.92	6.59	0.46	-3.67	-2.30	98	
6	27	8	-21.28	-10.58	-0.80	-35.20	-43.73	99	
6	27	13	20.13	20.68	12.77	34.45	20.88	100	
6	27	18	-0.06	2.84	1.12	-4.00	-1.55	101	
6	27	23	20.30	-7.54	21.53	-51.02	22.97	102	
6	27	28	-11.46	-10.44	-22.79	-15.13	28.70	103	
6	27	33	-0.73	-23.18	-7.68	43.63	50.80	104	
6	27	38	8.97	18.72	-2.45	14.17	14.02	105	
6	27	43	2.24	1.71	1.92	0.52	0.32	106	
6	31	3	25.80	11.23	8.40	-20.49	1.00	107	
6	31	8	-33.80	-33.18	-9.89	7.20	38.88	108	
6	31	13	15.11	7.39	-1.04	11.39	-0.87	109	
6	31	18	2.76	1.90	3.28	1.26	0.01	110	
6	31	23	8.77	4.64	10.51	-5.65	4.90	111	
6	31	28	-2.35	8.50	21.16	-5.38	65.79	112	
6	31	33	5.75	25.51	0.61	10.48	11.74	113	
6	31	38	0.89	-0.01	3.74	-1.50	-1.11	114	
6	31	43	3.49	4.31	3.36	-1.05	1.74	115	
6	35	3	9.84	-3.18	7.21	-9.30	1.60	116	
6	35	8	2.20	20.96	6.76	21.07	30.94	117	
6	35	13	5.12	7.84	5.07	1.41	4.76	118	
6	35	18	3.94	3.74	3.68	-2.01	0.46	119	
6	35	23	2.75	1.87	2.82	-0.85	0.95	120	
6	35	28	5.64	1.23	-0.03	1.20	-10.44	121	
6	35	33	-0.25	-0.24	3.17	0.82	4.36	122	
6	35	38	4.68	9.31	3.81	-4.06	-0.43	123	
6	35	43	3.78	2.18	2.92	-0.06	-1.06	124	
6	39	3	2.53	5.41	2.96	-0.63	0.39	125	
6	39	8	3.81	2.64	3.11	-4.68	-2.59	126	
6	39	13	3.77	1.40	2.96	2.62	-0.19	127	
6	39	18	2.49	3.37	2.12	1.39	1.65	128	
6	39	23	2.40	2.74	3.55	-2.19	1.08	129	
6	39	28	3.14	5.79	3.39	2.67	0.46	130	
6	39	33	8.70	11.86	0.35	-10.49	-4.83	131	
6	39	38	-8.59	-4.50	13.31	7.62	-39.39	132	
6	39	43	6.18	0.84	5.18	3.65	-1.08	133	
6	43	3	3.58	2.74	2.83	-2.47	-1.51	134	
6	43	8	4.50	3.12	3.52	-2.23	-1.35	135	
6	43	13	3.98	3.01	3.05	3.15	-0.88	136	
6	43	18	2.38	3.13	3.17	0.06	-0.75	137	
6	43	23	2.56	2.89	2.77	-2.04	-0.66	138	
6	43	28	4.24	3.22	3.31	0.38	-0.76	139	
6	43	33	20.64	1.99	7.80	-31.14	-2.20	140	
6	43	38	-15.84	-18.67	-19.45	35.56	31.32	141	
6	43	43	6.40	6.33	2.00	2.78	1.61	142	
