143
diam	c	r	EConv0	EConv1	EConv2	OConv0	OConv1
6	3	3	1.31	23.27	13.88	6.67	15.80	44	
6	3	8	0.18	20.62	24.70	-4.08	15.46	45	
6	3	13	-0.44	20.37	19.91	3.08	13.36	46	
6	3	18	1.74	24.26	22.15	-2.89	14.80	47	
6	3	23	5.77	17.28	18.44	1.01	2.17	48	
6	3	28	10.35	28.14	15.75	0.14	4.93	49	
6	3	33	23.03	68.06	23.19	-53.28	-64.25	50	
6	3	38	-14.88	-14.77	-10.13	28.45	-112.44	51	
6	3	43	17.82	13.00	24.01	3.61	-8.69	52	
6	7	3	3.37	4.68	3.66	3.12	1.94	53	
6	7	8	2.28	3.04	3.75	-0.53	1.23	54	
6	7	13	6.38	6.11	5.24	-1.10	4.68	55	
6	7	18	1.36	-0.00	2.30	0.32	-1.07	56	
6	7	23	5.07	23.35	2.18	1.40	-3.96	57	
6	7	28	0.68	0.15	0.77	-76.38	-85.40	58	
6	7	33	4.27	-71.38	-14.28	15.52	52.98	59	
6	7	38	18.97	1.18	-39.68	-38.65	87.70	60	
6	7	43	52.91	-7.70	24.42	85.19	-15.18	61	
6	11	3	4.49	4.76	4.74	0.49	0.15	62	
6	11	8	3.79	4.48	2.94	-1.54	1.29	63	
6	11	13	4.72	3.05	3.24	-1.43	-4.13	64	
6	11	18	6.25	10.42	4.89	5.94	4.06	65	
6	11	23	-16.03	-23.38	-4.74	-79.11	-79.88	66	
6	11	28	8.28	-8.30	7.53	49.34	69.56	67	
6	11	33	0.14	34.90	-0.90	-28.57	-79.40	68	
6	11	38	71.39	4.33	33.98	-11.44	-26.21	69	
6	11	43	47.27	26.46	-2.53	73.62	16.70	70	
6	15	3	2.93	2.47	2.93	2.28	-1.13	71	
6	15	8	3.27	3.29	3.64	-1.50	0.45	72	
6	15	13	1.81	-1.57	2.40	4.24	6.55	73	
6	15	18	20.42	42.77	1.55	-74.07	-73.07	74	
6	15	23	-15.76	-52.66	5.88	73.71	73.87	75	
6	15	28	-21.34	-27.00	-17.71	-39.51	-67.59	76	
6	15	33	-1.34	6.03	5.73	49.62	120.73	77	
6	15	38	-4.18	15.75	14.83	-74.00	-26.22	78	
6	15	43	33.74	23.54	6.00	18.15	8.75	79	
6	19	3	3.96	4.54	3.71	1.68	0.06	80	
6	19	8	2.30	0.38	3.77	-1.30	0.30	81	
6	19	13	31.77	44.29	0.49	-28.48	-24.76	82	
6	19	18	-54.61	-81.83	1.48	26.18	21.57	83	
6	19	23	38.67	64.58	0.46	9.42	9.74	84	
6	19	28	-76.43	-12.30	4.65	59.16	-10.55	85	
6	19	33	26.68	62.79	14.68	-41.60	-50.44	86	
6	19	38	-41.65	-55.99	17.53	63.28	25.59	87	
6	19	43	1.89	3.15	1.75	-3.00	-1.81	88	
6	23	3	3.69	4.80	3.99	-0.61	-0.77	89	
6	23	8	5.04	4.88	5.92	4.69	-0.60	90	
6	23	13	-26.88	-47.40	6.65	-71.54	-51.96	91	
6	23	18	28.39	44.17	-4.60	61.59	57.33	92	
6	23	23	30.59	-2.99	17.68	-19.36	2.58	93	
6	23	28	-25.40	2.08	-41.28	-9.39	0.61	94	
6	23	33	-12.34	-94.37	-16.86	23.10	23.43	95	
6	23	38	21.76	51.79	-4.52	35.25	37.15	96	
6	23	43	0.27	3.74	1.06	2.19	-1.06	97	
6	27	3	2.66	2.06	6.80	1.04	-0.18	98	
6	27	8	12.82	40.52	-17.19	-68.42	-57.21	99	
6	27	13	-7.74	-14.51	4.69	74.33	67.32	100	
6	27	18	5.72	3.28	-0.34	-1.43	-6.71	101	
6	27	23	3.86	9.63	1.17	2.07	-2.05	102	
6	27	28	-10.11	23.82	47.74	-16.50	81.08	103	
6	27	33	12.48	43.18	11.69	16.88	19.80	104	
6	27	38	2.80	0.42	-0.45	-0.66	-0.36	105	
6	27	43	3.36	4.03	4.90	0.11	-1.51	106	
6	31	3	3.18	10.32	3.31	11.20	0.82	107	
6	31	8	-72.73	-69.82	11.00	-29.53	-18.50	108	
6	31	13	20.91	28.28	-1.71	10.74	5.56	109	
6	31	18	6.20	2.40	5.08	2.74	-0.23	110	
6	31	23	4.50	0.64	1.91	1.52	2.67	111	
6	31	28	2.35	0.34	0.84	-2.79	2.31	112	
6	31	33	5.97	6.47	4.66	1.32	0.50	113	
6	31	38	5.00	2.07	2.15	-1.33	1.54	114	
6	31	43	3.80	4.99	4.18	-0.13	2.25	115	
6	35	3	31.22	14.99	7.88	-14.28	-4.46	116	
6	35	8	-63.39	-5.08	8.46	86.26	0.32	117	
6	35	13	-3.13	-0.60	1.39	-9.41	4.19	118	
6	35	18	5.46	4.52	3.97	1.91	-1.15	119	
6	35	23	2.84	0.30	-0.27	-1.21	-1.60	120	
6	35	28	3.51	2.83	1.36	-1.96	-0.03	121	
6	35	33	3.47	4.73	4.94	-0.38	-2.10	122	
6	35	38	3.92	-2.60	0.88	-2.17	-1.34	123	
6	35	43	5.25	1.61	-0.30	1.00	1.89	124	
6	39	3	35.63	30.68	39.86	-12.96	-18.30	125	
6	39	8	-57.56	4.03	-67.24	9.91	5.86	126	
6	39	13	19.20	24.47	38.41	10.29	-40.06	127	
6	39	18	1.72	27.93	26.60	0.25	-33.69	128	
6	39	23	2.66	24.26	27.59	3.63	-34.81	129	
6	39	28	0.98	23.04	32.15	3.65	-36.06	130	
6	39	33	-1.46	26.43	21.07	-6.96	-33.98	131	
6	39	38	8.13	32.73	26.77	-2.39	-38.59	132	
6	39	43	6.79	31.51	27.44	-5.04	-52.71	133	
6	43	3	3.56	-41.06	-39.56	6.24	3.31	134	
6	43	8	1.86	-32.81	-0.41	-12.50	59.42	135	
6	43	13	6.32	-29.99	-35.57	-2.41	30.20	136	
6	43	18	3.32	-36.64	-41.25	3.37	34.97	137	
6	43	23	6.81	-38.16	-34.81	4.46	35.00	138	
6	43	28	-0.75	-38.26	-45.11	0.39	35.66	139	
6	43	33	0.02	-39.21	-35.87	0.22	39.84	140	
6	43	38	0.29	-36.10	-31.65	1.32	41.17	141	
6	43	43	5.86	-23.53	-18.00	-7.04	54.46	142	
