143
diam	c	r	EConv0	EConv1	EConv2	OConv0	OConv1
6	3	3	3.90	4.44	5.04	-1.05	1.90	44	
6	3	8	3.02	2.84	2.80	-0.72	-0.93	45	
6	3	13	3.90	2.95	4.45	1.24	-1.48	46	
6	3	18	4.18	4.01	4.66	1.84	0.64	47	
6	3	23	6.96	-5.57	15.26	-14.26	12.33	48	
6	3	28	17.72	52.09	2.83	-19.61	-27.06	49	
6	3	33	-11.12	-17.22	-17.99	-19.71	-128.56	50	
6	3	38	-20.91	-32.48	11.58	60.70	-103.15	51	
6	3	43	5.00	3.70	5.60	-0.64	0.28	52	
6	7	3	5.89	4.61	3.98	0.27	0.59	53	
6	7	8	4.12	4.66	6.17	0.13	2.24	54	
6	7	13	5.14	6.24	2.23	-1.09	0.68	55	
6	7	18	5.39	3.70	2.17	1.15	0.84	56	
6	7	23	19.52	37.51	-1.65	-25.49	-22.66	57	
6	7	28	-22.78	-74.09	-11.69	-45.33	-45.98	58	
6	7	33	0.38	-36.79	-28.73	13.25	56.00	59	
6	7	38	-15.22	0.53	-58.49	12.60	32.65	60	
6	7	43	32.03	1.35	22.93	24.04	-8.55	61	
6	11	3	3.98	3.75	3.63	-2.86	-1.83	62	
6	11	8	3.57	3.40	3.38	2.53	-1.13	63	
6	11	13	4.15	3.95	5.95	-2.04	-0.01	64	
6	11	18	10.16	25.92	0.14	-10.61	-13.85	65	
6	11	23	-31.80	-65.08	3.09	-53.44	-50.88	66	
6	11	28	5.92	33.09	7.70	58.64	95.35	67	
6	11	33	-0.94	66.97	40.26	-1.82	-1.87	68	
6	11	38	26.39	17.81	58.73	-38.51	38.28	69	
6	11	43	35.46	12.38	8.34	46.12	-1.18	70	
6	15	3	2.49	2.97	3.91	0.31	0.81	71	
6	15	8	3.83	6.81	2.25	-1.85	1.27	72	
6	15	13	4.07	4.48	3.43	-1.21	-2.94	73	
6	15	18	-7.57	-16.43	-7.82	-86.04	-48.65	74	
6	15	23	15.26	29.30	0.02	74.68	72.18	75	
6	15	28	24.43	27.31	-12.62	-46.95	-33.18	76	
6	15	33	-3.01	-80.22	-36.87	10.55	38.10	77	
6	15	38	27.14	16.01	1.78	14.06	6.01	78	
6	15	43	16.25	12.39	2.55	28.04	5.02	79	
6	19	3	0.23	2.41	2.18	-2.77	-0.02	80	
6	19	8	4.49	2.73	4.10	-2.77	-0.93	81	
6	19	13	25.98	24.74	-1.84	-25.64	-12.82	82	
6	19	18	-19.36	-25.25	15.00	58.24	49.23	83	
6	19	23	3.07	6.48	4.69	0.57	1.61	84	
6	19	28	-37.28	-30.91	15.38	-20.24	16.17	85	
6	19	33	7.80	18.28	3.83	3.78	1.81	86	
6	19	38	17.30	26.81	6.37	-17.56	-8.04	87	
6	19	43	25.69	10.54	8.41	12.22	3.25	88	
6	23	3	3.81	3.72	4.20	1.07	0.35	89	
6	23	8	6.56	8.27	4.91	-2.95	-5.09	90	
6	23	13	-12.25	-37.81	22.85	-5.15	-23.60	91	
6	23	18	14.52	27.41	4.85	9.61	10.46	92	
6	23	23	3.60	1.45	3.44	-0.57	-1.04	93	
6	23	28	-18.61	-6.37	1.52	29.75	-1.25	94	
6	23	33	2.99	8.30	3.90	-4.30	-3.59	95	
6	23	38	-23.82	-35.53	9.33	-35.53	-31.97	96	
6	23	43	13.29	11.89	1.47	7.39	5.56	97	
6	27	3	4.62	3.93	3.47	-1.73	1.32	98	
6	27	8	25.18	19.45	-3.77	-39.89	-15.21	99	
6	27	13	17.87	25.40	-8.12	52.06	33.30	100	
6	27	18	5.50	6.44	6.19	2.10	0.05	101	
6	27	23	0.36	3.60	2.18	2.02	-0.70	102	
6	27	28	-20.62	21.75	-34.05	-0.35	-28.75	103	
6	27	33	2.17	-36.40	1.95	-15.07	-49.20	104	
6	27	38	12.47	28.03	0.52	40.20	44.50	105	
6	27	43	4.05	2.53	4.44	0.22	0.34	106	
6	31	3	4.54	2.28	3.59	-3.33	-0.42	107	
6	31	8	-18.00	-15.18	18.72	-16.79	0.69	108	
6	31	13	4.44	6.95	4.93	3.64	2.74	109	
6	31	18	3.48	3.38	2.94	-1.61	1.79	110	
6	31	23	4.65	3.08	3.00	2.08	2.35	111	
6	31	28	2.66	2.95	37.55	-14.54	39.86	112	
6	31	33	4.89	36.37	14.21	12.29	36.43	113	
6	31	38	4.24	5.73	4.20	0.23	2.73	114	
6	31	43	4.08	1.73	1.43	1.46	1.53	115	
6	35	3	6.64	5.32	5.60	-2.11	2.04	116	
6	35	8	-15.89	-4.91	-3.37	33.02	13.00	117	
6	35	13	3.23	4.08	3.64	4.86	0.63	118	
6	35	18	2.12	3.25	4.65	1.30	-1.41	119	
6	35	23	4.22	4.37	4.90	1.20	-2.51	120	
6	35	28	5.07	5.73	3.02	0.09	-1.37	121	
6	35	33	4.79	6.46	2.15	-2.15	-4.89	122	
6	35	38	4.55	2.66	6.19	0.30	-3.43	123	
6	35	43	-16.46	-2.81	12.60	7.33	-36.89	124	
6	39	3	7.61	4.72	3.29	-5.26	-0.63	125	
6	39	8	9.49	9.68	10.67	17.15	-2.29	126	
6	39	13	5.54	3.73	2.84	1.50	0.39	127	
6	39	18	2.99	2.88	3.08	4.22	-0.40	128	
6	39	23	4.01	4.37	4.18	1.02	1.44	129	
6	39	28	5.62	4.89	3.68	-3.98	-1.36	130	
6	39	33	4.57	-1.58	2.90	-4.23	-1.64	131	
6	39	38	5.12	3.26	2.07	5.01	1.42	132	
6	39	43	-38.97	-6.27	-21.82	28.27	25.14	133	
6	43	3	7.16	3.76	4.36	-3.67	2.09	134	
6	43	8	-3.05	0.68	-15.29	17.04	18.63	135	
6	43	13	2.21	4.31	1.06	-1.75	-3.51	136	
6	43	18	5.58	4.87	4.43	2.82	0.03	137	
6	43	23	5.28	4.60	3.67	0.44	-2.05	138	
6	43	28	4.92	2.37	4.83	-3.29	-1.00	139	
6	43	33	3.78	6.34	2.97	3.33	-0.81	140	
6	43	38	-0.29	0.56	3.41	1.72	-4.45	141	
6	43	43	3.90	3.95	6.27	-2.89	-1.60	142	
