143
diam	c	r	EConv0	EConv1	EConv2	OConv0	OConv1
6	3	3	3.06	3.30	1.77	-1.20	0.29	44	
6	3	8	2.98	3.44	2.41	-0.60	-1.38	45	
6	3	13	28.69	15.66	0.48	-27.20	-8.54	46	
6	3	18	31.80	35.62	18.55	39.01	-27.72	47	
6	3	23	-11.74	-41.52	6.12	8.25	6.76	48	
6	3	28	12.80	13.39	-1.30	5.29	4.82	49	
6	3	33	7.35	21.85	-6.68	-43.36	-60.64	50	
6	3	38	2.74	-17.66	15.72	61.76	11.42	51	
6	3	43	2.98	3.58	4.33	0.55	-1.02	52	
6	7	3	3.98	3.84	5.67	-0.09	0.62	53	
6	7	8	1.66	2.09	2.39	-1.57	0.63	54	
6	7	13	36.66	5.29	10.53	-47.87	1.85	55	
6	7	18	-11.54	-25.02	-3.01	40.99	25.30	56	
6	7	23	8.92	28.53	7.53	10.12	13.11	57	
6	7	28	16.84	27.32	12.57	-23.31	-27.20	58	
6	7	33	-24.44	-53.15	9.81	13.57	30.47	59	
6	7	38	18.26	35.42	-9.88	28.53	25.68	60	
6	7	43	4.61	2.21	5.16	2.39	-0.28	61	
6	11	3	4.11	4.07	3.57	1.51	-0.43	62	
6	11	8	3.56	3.58	4.25	-1.40	1.54	63	
6	11	13	8.86	0.14	15.39	-7.92	7.16	64	
6	11	18	-0.66	29.23	-1.98	13.96	26.97	65	
6	11	23	16.68	26.70	1.89	-30.92	-23.33	66	
6	11	28	-14.04	-65.18	-11.77	6.72	9.61	67	
6	11	33	15.05	34.19	-3.27	20.67	32.80	68	
6	11	38	-8.83	-15.15	2.64	-1.76	-28.09	69	
6	11	43	3.49	-1.77	0.52	11.49	-2.82	70	
6	15	3	2.38	2.66	2.41	1.28	-3.07	71	
6	15	8	3.75	3.13	3.12	-1.16	-1.28	72	
6	15	13	4.42	4.42	3.72	-3.01	-2.43	73	
6	15	18	12.61	28.82	2.90	-20.31	-20.00	74	
6	15	23	-22.10	-56.04	-0.69	-1.43	1.92	75	
6	15	28	14.08	57.55	17.89	14.97	-8.72	76	
6	15	33	-3.67	-5.76	14.95	-21.93	-50.25	77	
6	15	38	10.08	10.56	1.70	31.47	25.24	78	
6	15	43	2.08	8.39	2.67	2.15	2.51	79	
6	19	3	3.46	4.23	4.88	3.19	1.15	80	
6	19	8	4.42	3.59	4.30	-1.06	0.60	81	
6	19	13	13.19	20.85	-1.52	-19.36	-11.78	82	
6	19	18	-16.29	-51.35	9.25	-4.65	-12.53	83	
6	19	23	11.72	27.62	2.98	17.84	25.47	84	
6	19	28	-18.44	-38.95	-26.72	-29.92	16.89	85	
6	19	33	2.57	6.70	-7.38	36.21	60.23	86	
6	19	38	4.90	8.79	3.54	5.09	6.33	87	
6	19	43	3.21	6.71	2.69	-1.78	0.87	88	
6	23	3	5.31	6.83	2.20	0.29	1.26	89	
6	23	8	7.49	14.27	5.73	-5.08	-5.78	90	
6	23	13	-12.36	-26.66	12.50	-33.80	-32.40	91	
6	23	18	17.20	35.40	8.45	34.40	32.73	92	
6	23	23	-0.58	5.52	2.72	-2.65	-1.95	93	
6	23	28	7.54	21.42	24.97	0.84	5.43	94	
6	23	33	5.99	7.50	4.34	0.59	-4.20	95	
6	23	38	5.15	6.54	2.63	-3.89	-1.95	96	
6	23	43	1.60	-0.48	4.23	1.72	0.11	97	
6	27	3	-0.09	-20.23	-20.71	-1.70	-50.52	98	
6	27	8	12.45	-9.43	-8.29	-33.87	-53.90	99	
6	27	13	2.53	5.90	-11.03	35.13	1.57	100	
6	27	18	4.53	-1.49	-10.86	-0.37	-56.99	101	
6	27	23	12.76	3.34	17.26	10.29	-34.52	102	
6	27	28	-1.01	-11.93	-21.01	-7.49	-26.84	103	
6	27	33	7.07	-17.20	-7.01	-0.84	-34.56	104	
6	27	38	0.94	-4.41	-9.66	0.48	-48.51	105	
6	27	43	-0.62	-15.09	-0.71	-4.12	-39.18	106	
6	31	3	4.32	22.75	20.86	-8.69	41.42	107	
6	31	8	-22.90	-24.86	19.34	13.81	37.14	108	
6	31	13	14.24	28.15	16.00	-3.30	47.14	109	
6	31	18	11.15	21.92	26.11	-4.76	49.34	110	
6	31	23	-0.66	7.82	-0.59	3.88	45.88	111	
6	31	28	11.18	8.14	18.10	-3.02	27.37	112	
6	31	33	3.76	19.32	9.22	9.26	30.69	113	
6	31	38	3.16	14.78	24.50	-5.42	47.54	114	
6	31	43	4.36	26.22	6.67	5.57	43.57	115	
6	35	3	32.79	24.03	-3.04	-44.66	-12.65	116	
6	35	8	21.23	21.40	17.54	56.36	-10.02	117	
6	35	13	2.49	1.92	2.36	-3.14	-3.13	118	
6	35	18	3.17	2.35	3.73	2.97	0.32	119	
6	35	23	1.31	3.95	1.87	0.36	-0.18	120	
6	35	28	1.86	3.91	-0.34	-0.38	-4.47	121	
6	35	33	3.95	3.22	4.87	-0.45	-3.93	122	
6	35	38	-4.73	-2.43	-2.17	-5.62	-13.71	123	
6	35	43	4.22	1.05	3.68	-1.73	-3.46	124	
6	39	3	30.47	-9.24	20.33	-48.17	10.93	125	
6	39	8	-8.31	-15.69	-28.36	48.53	25.30	126	
6	39	13	3.06	-1.06	3.48	-4.56	1.67	127	
6	39	18	4.03	2.88	1.21	3.16	1.28	128	
6	39	23	2.52	5.23	6.19	-2.81	-4.91	129	
6	39	28	0.82	2.80	14.87	1.13	-6.16	130	
6	39	33	9.20	10.06	-0.09	-6.39	-1.70	131	
6	39	38	-2.47	-9.16	19.07	32.81	-14.13	132	
6	39	43	4.43	4.08	7.07	-2.49	-0.13	133	
6	43	3	0.43	4.72	6.77	-0.64	3.78	134	
6	43	8	0.09	12.94	8.29	1.96	7.93	135	
6	43	13	4.96	5.77	5.25	-1.32	0.97	136	
6	43	18	6.65	5.11	3.61	-1.28	0.50	137	
6	43	23	0.50	6.27	-1.08	-24.35	-28.40	138	
6	43	28	13.53	-5.41	-3.56	36.61	4.18	139	
6	43	33	12.03	6.55	-9.11	-46.38	-29.01	140	
6	43	38	4.06	-4.88	-29.29	13.91	-24.47	141	
6	43	43	23.19	-4.00	14.29	32.06	-5.91	142	
