143
diam	c	r	EConv0	EConv1	EConv2	OConv0	OConv1
6	3	3	2.49	2.68	2.44	-1.20	1.35	44	
6	3	8	3.89	3.59	4.07	1.05	-0.41	45	
6	3	13	2.61	5.18	2.86	-0.67	-1.77	46	
6	3	18	15.05	38.18	4.41	-27.95	-33.53	47	
6	3	23	-19.82	-57.99	3.65	-8.97	-30.83	48	
6	3	28	6.95	22.79	-9.04	38.66	51.92	49	
6	3	33	12.92	37.29	5.93	-19.66	-27.77	50	
6	3	38	-2.55	-31.05	-12.47	-19.73	-62.05	51	
6	3	43	25.13	-7.67	21.10	34.44	-12.20	52	
6	7	3	3.38	5.01	2.08	-0.60	-1.22	53	
6	7	8	2.23	7.47	0.88	-3.56	-6.91	54	
6	7	13	10.83	39.86	8.83	-28.32	-41.93	55	
6	7	18	-13.13	-49.43	3.96	-14.18	-18.07	56	
6	7	23	5.96	22.34	-5.68	53.46	57.61	57	
6	7	28	12.39	24.81	4.90	-21.00	-33.21	58	
6	7	33	-16.08	-41.70	-1.85	12.77	-2.74	59	
6	7	38	29.26	69.46	48.19	-4.03	28.21	60	
6	7	43	31.54	10.06	3.12	57.69	5.37	61	
6	11	3	3.88	2.79	5.81	-1.15	-2.03	62	
6	11	8	29.28	25.04	-2.18	-34.40	-6.21	63	
6	11	13	-9.11	-47.09	-2.27	-3.33	-15.58	64	
6	11	18	13.39	26.28	6.54	48.77	53.85	65	
6	11	23	9.26	32.93	-0.30	-37.64	-49.10	66	
6	11	28	6.55	-15.59	10.55	16.43	24.43	67	
6	11	33	-9.21	-28.98	-9.45	-7.71	0.50	68	
6	11	38	-9.49	-25.31	-39.16	-15.41	3.91	69	
6	11	43	28.16	18.97	-3.35	27.54	10.91	70	
6	15	3	1.43	3.58	1.26	-1.37	1.45	71	
6	15	8	22.76	-11.08	24.76	-26.29	12.93	72	
6	15	13	4.94	49.79	7.90	24.16	63.46	73	
6	15	18	16.09	26.26	0.03	-37.25	-41.39	74	
6	15	23	-10.40	-42.05	8.35	28.23	30.49	75	
6	15	28	20.22	20.96	-6.73	-51.83	-7.23	76	
6	15	33	25.43	36.99	1.33	32.13	27.60	77	
6	15	38	-37.98	-39.87	7.90	-16.35	12.34	78	
6	15	43	7.57	5.61	3.44	-0.44	0.32	79	
6	19	3	-0.22	2.25	2.97	-3.31	-2.21	80	
6	19	8	2.50	3.65	2.14	-3.44	0.76	81	
6	19	13	24.31	21.92	-1.08	-51.43	-25.13	82	
6	19	18	-3.10	-48.02	4.10	35.48	26.84	83	
6	19	23	8.30	25.52	0.09	13.79	13.97	84	
6	19	28	-28.87	2.16	-16.36	-60.42	-9.10	85	
6	19	33	1.67	-25.38	21.88	-10.39	-50.44	86	
6	19	38	20.24	35.54	1.57	28.91	23.22	87	
6	19	43	5.61	2.99	4.55	0.73	-0.84	88	
6	23	3	0.91	4.50	2.91	-2.48	0.53	89	
6	23	8	6.60	12.23	4.18	-0.81	-9.28	90	
6	23	13	-29.73	-46.58	15.77	-22.75	-8.76	91	
6	23	18	14.97	27.93	2.55	20.30	19.34	92	
6	23	23	3.33	1.27	1.47	-1.94	1.91	93	
6	23	28	3.30	-12.65	35.37	-30.00	37.78	94	
6	23	33	4.45	38.92	7.79	14.29	48.14	95	
6	23	38	2.26	5.74	8.17	2.12	3.21	96	
6	23	43	3.04	5.33	5.88	2.35	-0.22	97	
6	27	3	3.49	-1.77	0.97	-1.63	-3.06	98	
6	27	8	9.34	8.27	1.39	-38.33	-35.17	99	
6	27	13	10.19	13.43	-7.36	38.16	22.18	100	
6	27	18	1.89	-2.75	-6.37	1.71	-16.35	101	
6	27	23	4.36	-6.01	1.46	-0.89	-17.32	102	
6	27	28	0.36	-3.96	-3.99	1.86	-10.74	103	
6	27	33	3.22	-3.84	-8.83	-3.59	-14.67	104	
6	27	38	2.26	-3.28	-3.48	1.92	-13.49	105	
6	27	43	1.28	-4.66	-3.29	1.98	-16.82	106	
6	31	3	10.07	14.47	4.19	-7.84	-2.72	107	
6	31	8	-37.29	-38.02	13.40	15.49	10.82	108	
6	31	13	5.43	11.27	7.82	1.50	10.72	109	
6	31	18	3.68	9.77	9.94	0.87	5.74	110	
6	31	23	3.81	11.17	6.75	1.54	7.19	111	
6	31	28	2.18	7.57	6.11	0.80	9.09	112	
6	31	33	4.75	11.74	12.18	0.67	-0.15	113	
6	31	38	3.44	12.97	10.88	-1.15	4.48	114	
6	31	43	2.45	10.52	9.63	-0.39	7.45	115	
6	35	3	30.69	20.83	4.25	-34.46	-9.54	116	
6	35	8	21.86	25.18	3.37	43.63	27.34	117	
6	35	13	3.52	6.10	3.03	-2.06	-2.51	118	
6	35	18	-0.65	1.70	6.62	3.03	-9.43	119	
6	35	23	3.00	3.33	3.07	0.23	-0.71	120	
6	35	28	3.68	2.75	2.71	-0.38	-1.99	121	
6	35	33	0.06	2.68	3.70	0.21	0.64	122	
6	35	38	2.74	1.27	3.35	-2.33	3.25	123	
6	35	43	4.61	1.20	1.18	-1.10	1.62	124	
6	39	3	23.08	9.75	3.51	-62.57	-3.80	125	
6	39	8	25.78	10.04	13.64	17.82	-2.77	126	
6	39	13	0.37	-2.15	9.59	-13.37	-23.97	127	
6	39	18	11.29	3.86	1.19	0.64	10.63	128	
6	39	23	7.29	4.65	5.21	5.79	0.58	129	
6	39	28	3.75	1.91	4.95	-1.49	-0.70	130	
6	39	33	3.01	3.29	4.14	1.55	2.77	131	
6	39	38	4.40	6.98	2.29	-1.21	1.29	132	
6	39	43	2.01	5.21	6.34	1.38	-2.61	133	
6	43	3	24.35	-7.35	23.49	-39.87	16.21	134	
6	43	8	4.46	-38.81	-43.06	13.44	-18.44	135	
6	43	13	6.87	12.56	-6.94	24.49	28.92	136	
6	43	18	4.63	0.97	3.07	2.69	-0.06	137	
6	43	23	4.20	2.55	3.61	3.34	0.13	138	
6	43	28	-11.56	-3.02	-11.18	-10.55	-14.55	139	
6	43	33	29.16	17.50	-1.14	-21.51	-5.22	140	
6	43	38	21.79	-3.81	31.68	39.11	-39.57	141	
6	43	43	3.14	4.21	4.29	1.22	3.95	142	
