143
diam	c	r	EConv0	EConv1	EConv2	OConv0	OConv1
6	3	3	2.41	3.52	2.12	1.98	-1.94	44	
6	3	8	2.84	2.64	3.59	-2.17	-1.03	45	
6	3	13	1.73	2.45	2.94	1.42	2.30	46	
6	3	18	4.06	4.15	3.19	0.48	-0.22	47	
6	3	23	3.25	3.94	3.92	0.06	-0.80	48	
6	3	28	2.81	1.23	4.08	-3.36	2.10	49	
6	3	33	2.99	2.87	2.86	-2.06	1.92	50	
6	3	38	-0.31	3.10	1.12	4.08	2.61	51	
6	3	43	5.30	2.70	4.13	-2.12	1.14	52	
6	7	3	1.97	2.23	1.40	-0.18	1.43	53	
6	7	8	3.49	3.43	3.01	-1.16	-0.86	54	
6	7	13	3.31	2.83	5.18	3.42	-0.43	55	
6	7	18	2.65	2.44	3.05	-1.28	-1.01	56	
6	7	23	2.35	2.61	1.21	-0.34	0.61	57	
6	7	28	0.10	0.15	4.47	3.37	-5.88	58	
6	7	33	1.96	2.73	0.49	-1.68	5.14	59	
6	7	38	0.18	0.80	2.54	2.85	2.60	60	
6	7	43	2.94	4.58	1.15	-1.85	-0.69	61	
6	11	3	4.72	5.13	5.56	0.40	-0.61	62	
6	11	8	2.74	3.48	2.90	-4.20	-2.29	63	
6	11	13	2.88	4.26	2.46	5.04	-1.87	64	
6	11	18	5.21	3.74	5.18	-0.33	2.48	65	
6	11	23	2.36	0.14	4.82	3.33	3.20	66	
6	11	28	5.65	50.76	12.22	-33.57	-55.40	67	
6	11	33	-2.38	-31.82	-20.98	-17.47	-90.26	68	
6	11	38	-1.35	9.14	22.85	49.08	-86.91	69	
6	11	43	7.13	0.23	20.63	2.32	-8.07	70	
6	15	3	4.44	2.72	1.98	-0.34	3.46	71	
6	15	8	2.94	4.47	5.63	-2.84	-0.00	72	
6	15	13	4.43	4.09	2.86	0.79	0.08	73	
6	15	18	6.05	4.17	2.98	1.17	-5.14	74	
6	15	23	13.40	27.60	6.20	-56.52	-70.48	75	
6	15	28	-3.71	-67.42	-0.57	36.99	74.78	76	
6	15	33	33.68	90.40	35.79	-20.08	62.43	77	
6	15	38	-33.34	-39.49	-4.22	13.78	24.55	78	
6	15	43	23.72	16.03	-8.43	18.87	16.12	79	
6	19	3	5.73	1.67	4.01	1.68	-3.52	80	
6	19	8	1.61	3.63	2.13	-1.56	2.21	81	
6	19	13	-1.00	-1.56	2.75	2.98	2.45	82	
6	19	18	18.51	37.84	-3.64	-57.04	-45.62	83	
6	19	23	-7.59	-32.36	5.79	52.83	72.20	84	
6	19	28	22.59	57.46	-1.30	-9.29	-33.57	85	
6	19	33	-7.61	-44.05	4.21	-56.08	-68.30	86	
6	19	38	6.24	5.17	-7.73	96.92	34.47	87	
6	19	43	-4.80	-5.41	-0.28	-5.72	-2.24	88	
6	23	3	3.53	3.56	3.22	2.90	-0.19	89	
6	23	8	1.70	4.07	3.38	-2.07	-1.33	90	
6	23	13	13.16	18.47	1.89	-3.69	-3.33	91	
6	23	18	-45.57	-64.92	4.83	11.03	22.51	92	
6	23	23	18.47	52.20	-2.63	-11.07	-26.19	93	
6	23	28	-11.18	-37.25	9.26	-56.53	-61.13	94	
6	23	33	-25.79	-38.73	3.24	31.80	27.68	95	
6	23	38	20.36	32.86	0.06	7.54	11.90	96	
6	23	43	3.54	-0.77	2.29	0.37	-0.55	97	
6	27	3	3.56	6.19	2.65	2.43	0.27	98	
6	27	8	-2.16	2.33	3.39	1.81	1.23	99	
6	27	13	-0.24	2.82	0.68	-61.53	-43.07	100	
6	27	18	44.49	42.82	2.73	46.37	23.17	101	
6	27	23	-19.25	-33.78	2.97	-57.43	-68.24	102	
6	27	28	-4.36	-19.27	2.38	9.39	7.86	103	
6	27	33	18.16	35.87	-6.30	70.70	61.92	104	
6	27	38	-3.69	-2.70	-1.31	-2.55	-0.00	105	
6	27	43	3.37	3.85	3.55	-1.24	0.12	106	
6	31	3	0.97	-2.20	1.70	2.52	3.70	107	
6	31	8	20.32	35.48	-0.84	-32.87	-28.52	108	
6	31	13	-17.10	-26.02	1.02	47.11	45.72	109	
6	31	18	16.54	4.07	13.58	-17.76	3.35	110	
6	31	23	-23.09	-29.12	-15.06	-18.27	112.53	111	
6	31	28	7.14	53.96	4.29	44.51	83.39	112	
6	31	33	4.76	3.22	2.51	-3.58	-5.10	113	
6	31	38	-0.21	-0.01	3.62	-0.85	-2.50	114	
6	31	43	3.58	3.07	3.68	-1.25	-0.03	115	
6	35	3	-2.18	0.94	0.38	5.77	-2.30	116	
6	35	8	-42.58	-33.19	9.86	-37.56	-15.88	117	
6	35	13	13.03	45.31	-9.23	-13.40	-15.86	118	
6	35	18	1.18	-14.37	0.42	20.37	-14.53	119	
6	35	23	2.01	4.44	3.96	1.19	-6.93	120	
6	35	28	0.20	-1.78	2.75	-3.38	-3.48	121	
6	35	33	3.79	0.84	4.54	-1.91	-0.95	122	
6	35	38	1.67	4.76	-0.16	0.23	-0.14	123	
6	35	43	4.43	2.52	4.26	1.56	-1.12	124	
6	39	3	1.79	3.90	2.74	8.63	0.56	125	
6	39	8	-53.86	1.95	-47.24	-23.59	-11.47	126	
6	39	13	-17.27	-56.92	12.68	5.31	-0.17	127	
6	39	18	13.92	20.89	2.57	5.93	10.79	128	
6	39	23	5.08	4.87	4.88	0.79	2.66	129	
6	39	28	4.16	4.88	5.18	0.39	1.10	130	
6	39	33	3.55	4.30	3.15	-1.13	3.38	131	
6	39	38	0.57	1.76	2.84	-3.25	1.69	132	
6	39	43	4.82	4.20	2.72	2.12	1.00	133	
6	43	3	-0.06	1.76	1.78	6.56	-3.41	134	
6	43	8	-9.15	3.44	40.25	-27.48	46.15	135	
6	43	13	10.30	36.24	3.97	12.00	21.87	136	
6	43	18	2.83	-1.62	3.90	-0.85	-2.27	137	
6	43	23	3.22	1.72	2.14	-0.70	-0.26	138	
6	43	28	3.38	4.38	1.92	-0.13	-0.28	139	
6	43	33	3.55	2.87	3.45	-1.59	-4.29	140	
6	43	38	1.81	2.69	3.33	-3.01	-1.98	141	
6	43	43	6.69	3.98	4.71	1.13	0.43	142	
