143
diam	c	r	EConv0	EConv1	EConv2	OConv0	OConv1
6	3	3	6.31	6.16	-2.73	-1.25	1.30	44	
6	3	8	-39.05	-27.90	20.93	49.87	49.99	45	
6	3	13	-5.56	-12.08	5.01	-86.04	-43.03	46	
6	3	18	33.29	44.83	-5.39	31.57	26.47	47	
6	3	23	0.77	-2.14	-0.11	0.13	-5.76	48	
6	3	28	2.33	4.54	0.84	3.38	-1.57	49	
6	3	33	2.55	3.43	2.07	-5.14	-3.51	50	
6	3	38	8.48	3.98	13.22	-12.80	-9.71	51	
6	3	43	10.77	4.98	-2.72	15.58	8.14	52	
6	7	3	37.52	10.15	10.75	-22.58	1.88	53	
6	7	8	23.32	15.69	21.88	84.32	-15.27	54	
6	7	13	-44.10	-29.71	-0.63	19.98	40.81	55	
6	7	18	6.61	1.59	6.08	-3.48	-3.51	56	
6	7	23	1.61	0.06	0.94	3.50	2.33	57	
6	7	28	6.03	34.17	6.41	-4.24	-17.55	58	
6	7	33	-13.32	3.85	6.43	-40.07	-98.96	59	
6	7	38	-18.52	-10.90	-9.15	25.64	-73.31	60	
6	7	43	19.97	1.57	24.58	19.92	-14.95	61	
6	11	3	32.25	8.75	12.78	-18.18	-1.95	62	
6	11	8	-26.99	-2.24	-45.37	58.90	-10.36	63	
6	11	13	11.53	20.14	5.05	4.44	3.43	64	
6	11	18	7.45	3.39	5.81	1.77	-0.81	65	
6	11	23	13.94	33.93	-4.42	-19.64	-10.75	66	
6	11	28	-18.49	-50.32	-8.96	-55.48	-74.08	67	
6	11	33	-4.12	-47.73	-17.64	32.03	78.32	68	
6	11	38	-4.36	30.81	-22.52	-49.83	20.35	69	
6	11	43	39.80	-5.88	35.58	93.18	-27.60	70	
6	15	3	3.71	4.74	8.37	0.41	3.75	71	
6	15	8	-11.86	12.62	11.92	-12.15	48.78	72	
6	15	13	5.63	5.33	3.69	-0.10	3.08	73	
6	15	18	9.62	10.34	4.96	-0.14	4.02	74	
6	15	23	-10.07	-23.16	9.58	-69.86	-80.41	75	
6	15	28	5.14	5.50	9.29	58.68	96.78	76	
6	15	33	30.30	87.39	4.81	-42.79	-21.34	77	
6	15	38	1.64	-68.08	7.64	-7.23	22.51	78	
6	15	43	6.04	-2.07	0.88	137.18	-15.51	79	
6	19	3	2.43	-0.22	3.59	0.94	-0.88	80	
6	19	8	2.19	2.63	0.78	0.09	1.26	81	
6	19	13	1.26	3.29	5.88	1.94	7.16	82	
6	19	18	12.35	25.68	-0.18	-75.77	-75.79	83	
6	19	23	-14.89	-29.28	0.56	79.34	73.43	84	
6	19	28	16.62	22.03	1.38	4.23	-6.85	85	
6	19	33	-50.42	-86.84	6.50	-29.24	-21.00	86	
6	19	38	63.33	57.62	20.00	8.41	47.94	87	
6	19	43	-3.65	3.02	-10.23	124.93	19.92	88	
6	23	3	1.78	3.40	2.20	3.96	0.54	89	
6	23	8	1.94	3.15	5.06	2.27	0.26	90	
6	23	13	32.22	57.34	-9.70	-74.72	-68.14	91	
6	23	18	-29.42	-80.84	6.74	49.21	34.09	92	
6	23	23	17.09	35.42	4.19	24.90	17.12	93	
6	23	28	57.65	43.27	3.98	-59.99	-22.00	94	
6	23	33	31.72	26.51	16.24	80.24	57.74	95	
6	23	38	52.62	42.91	12.73	-47.09	-32.38	96	
6	23	43	43.37	19.37	2.01	106.06	18.58	97	
6	27	3	1.51	4.02	2.48	-1.85	-0.30	98	
6	27	8	21.40	44.25	-1.66	-15.95	-19.05	99	
6	27	13	-60.32	-112.63	21.49	-12.74	-5.91	100	
6	27	18	20.94	51.38	-1.53	30.33	42.33	101	
6	27	23	2.18	6.69	1.69	0.24	1.18	102	
6	27	28	50.90	6.21	7.80	-113.27	0.99	103	
6	27	33	46.92	51.03	19.89	32.46	-107.08	104	
6	27	38	-22.06	-82.90	6.65	-9.79	-42.84	105	
6	27	43	31.38	37.10	-0.94	28.97	16.54	106	
6	31	3	-1.54	0.45	3.42	2.38	-1.54	107	
6	31	8	-5.66	-7.85	-6.97	-118.54	-46.14	108	
6	31	13	33.97	59.34	-1.84	79.62	69.92	109	
6	31	18	3.47	2.61	3.52	-1.96	-2.46	110	
6	31	23	3.35	3.79	4.97	1.97	-0.30	111	
6	31	28	25.31	-7.86	33.69	-43.36	21.17	112	
6	31	33	-19.30	-31.08	-24.38	13.50	100.57	113	
6	31	38	11.69	59.33	0.35	32.33	65.73	114	
6	31	43	10.42	-6.41	7.68	18.40	-9.17	115	
6	35	3	4.23	9.50	1.16	-0.82	2.98	116	
6	35	8	-75.13	-65.93	-1.84	11.38	43.13	117	
6	35	13	4.34	1.83	-0.30	-9.59	-1.11	118	
6	35	18	2.47	2.50	3.88	0.72	-1.24	119	
6	35	23	2.34	3.40	1.93	-1.72	2.79	120	
6	35	28	0.79	2.00	5.59	1.46	-0.55	121	
6	35	33	3.55	16.53	13.60	2.91	1.09	122	
6	35	38	9.12	-0.22	9.34	-5.69	4.06	123	
6	35	43	6.98	11.86	0.04	18.53	5.63	124	
6	39	3	10.76	1.79	7.57	-1.55	0.80	125	
6	39	8	-1.20	22.67	-0.15	12.14	20.13	126	
6	39	13	5.06	2.16	5.47	-2.70	-1.91	127	
6	39	18	-2.33	2.24	1.16	1.26	0.62	128	
6	39	23	5.24	4.54	4.61	-2.50	-0.44	129	
6	39	28	7.07	6.86	6.67	0.52	-0.95	130	
6	39	33	3.35	2.71	2.09	-0.92	-0.48	131	
6	39	38	19.38	17.75	1.47	-10.71	-5.09	132	
6	39	43	18.19	-4.27	20.88	26.70	-11.25	133	
6	43	3	2.47	2.83	2.98	3.61	-2.08	134	
6	43	8	2.66	4.35	2.24	-2.93	0.19	135	
6	43	13	6.12	4.94	3.48	1.64	-0.03	136	
6	43	18	2.45	4.21	3.68	-1.47	1.72	137	
6	43	23	5.84	4.12	5.58	2.07	-0.56	138	
6	43	28	3.31	2.14	3.52	-0.08	1.29	139	
6	43	33	5.08	6.63	2.42	-3.68	0.55	140	
6	43	38	21.98	40.75	6.49	-71.36	-61.34	141	
6	43	43	32.06	-1.86	28.73	83.29	-27.72	142	
