143
diam	c	r	EConv0	EConv1	EConv2	OConv0	OConv1
6	3	3	3.97	3.19	3.94	1.63	-0.70	44	
6	3	8	5.88	5.12	5.26	-3.69	0.27	45	
6	3	13	10.40	7.31	24.26	-12.01	19.58	46	
6	3	18	6.80	6.30	4.72	-23.76	51.44	47	
6	3	23	10.94	0.72	0.14	44.67	-10.14	48	
6	3	28	2.86	4.21	3.14	-0.84	-1.63	49	
6	3	33	3.24	0.60	1.77	-0.92	3.49	50	
6	3	38	5.30	4.41	4.00	0.59	1.18	51	
6	3	43	-2.08	-6.48	10.71	-15.17	12.21	52	
6	7	3	3.59	3.94	3.34	1.43	0.35	53	
6	7	8	5.04	4.29	5.18	2.10	0.51	54	
6	7	13	3.46	3.66	3.66	-1.86	-0.70	55	
6	7	18	4.91	1.27	5.71	-2.58	3.58	56	
6	7	23	-8.04	9.32	-5.94	8.88	15.01	57	
6	7	28	6.23	8.24	3.82	-2.03	-2.00	58	
6	7	33	-6.53	26.34	3.86	-15.75	-60.56	59	
6	7	38	1.77	12.91	25.65	7.92	-58.81	60	
6	7	43	7.72	10.23	0.32	-8.38	-8.64	61	
6	11	3	4.40	4.21	4.48	0.95	-0.53	62	
6	11	8	2.96	2.26	2.54	1.51	-0.86	63	
6	11	13	2.59	3.69	2.62	-0.83	-0.56	64	
6	11	18	3.66	3.72	3.21	3.06	-1.79	65	
6	11	23	3.68	8.32	4.03	-3.88	3.10	66	
6	11	28	3.66	-5.67	-3.28	-31.06	-27.23	67	
6	11	33	5.52	-20.30	-11.25	-21.75	54.17	68	
6	11	38	-1.51	4.33	-24.67	-13.05	-12.58	69	
6	11	43	44.89	2.89	16.93	-7.57	-4.38	70	
6	15	3	4.28	3.85	3.57	0.63	-0.55	71	
6	15	8	3.27	3.40	3.71	1.73	1.12	72	
6	15	13	2.86	4.07	3.64	-1.24	1.06	73	
6	15	18	3.72	5.96	3.43	0.17	-0.63	74	
6	15	23	1.69	-2.01	1.33	-25.19	-23.59	75	
6	15	28	2.79	3.69	4.25	17.95	30.06	76	
6	15	33	2.08	4.62	4.96	-54.09	-46.63	77	
6	15	38	11.57	-4.85	-18.61	-38.60	31.95	78	
6	15	43	57.39	15.32	15.65	9.57	-0.89	79	
6	19	3	3.79	3.32	2.91	0.33	-0.05	80	
6	19	8	5.89	5.15	4.88	1.90	0.08	81	
6	19	13	2.01	4.02	2.57	-4.31	-1.67	82	
6	19	18	6.15	8.70	-1.45	-20.23	-27.17	83	
6	19	23	-0.23	-4.79	5.05	20.59	17.93	84	
6	19	28	20.01	27.28	-2.12	-35.90	-25.83	85	
6	19	33	-8.24	-16.37	8.64	42.12	49.56	86	
6	19	38	-17.74	-10.68	27.04	-30.77	25.89	87	
6	19	43	14.94	16.47	2.07	-15.21	3.25	88	
6	23	3	3.00	3.87	2.77	-2.27	1.14	89	
6	23	8	3.77	3.28	3.40	0.71	-1.19	90	
6	23	13	7.22	14.67	3.53	-18.27	-12.11	91	
6	23	18	-5.18	-14.37	4.92	8.53	24.16	92	
6	23	23	5.37	12.38	2.22	8.62	6.68	93	
6	23	28	-33.82	-25.83	2.45	-34.74	-6.03	94	
6	23	33	16.96	28.37	-2.50	2.19	-6.18	95	
6	23	38	-5.16	-4.27	0.78	20.07	10.30	96	
6	23	43	7.21	5.48	4.98	-21.47	-1.36	97	
6	27	3	3.76	1.98	4.12	0.11	1.22	98	
6	27	8	8.20	9.38	1.52	-4.75	-1.52	99	
6	27	13	-12.79	-25.86	7.97	3.56	0.85	100	
6	27	18	10.41	12.16	5.09	4.90	3.81	101	
6	27	23	4.14	4.47	4.65	-0.30	0.53	102	
6	27	28	-28.87	2.79	-23.98	-34.25	6.35	103	
6	27	33	-3.38	-27.64	13.48	4.00	-22.10	104	
6	27	38	10.88	13.20	2.19	8.19	5.60	105	
6	27	43	5.73	6.52	0.24	-26.25	1.56	106	
6	31	3	3.15	2.86	2.60	-0.11	-3.31	107	
6	31	8	11.37	12.48	1.29	-34.28	-21.56	108	
6	31	13	17.94	15.31	0.89	28.05	13.91	109	
6	31	18	2.99	3.62	3.44	0.88	0.31	110	
6	31	23	2.52	3.94	3.65	-1.84	1.02	111	
6	31	28	4.05	-0.99	28.19	-17.89	23.99	112	
6	31	33	1.95	24.24	1.68	11.62	30.89	113	
6	31	38	6.44	4.41	4.88	-0.54	-0.61	114	
6	31	43	8.53	2.57	5.76	-30.00	1.31	115	
6	35	3	5.27	7.55	3.28	-0.07	0.39	116	
6	35	8	-26.90	-27.56	10.72	3.33	-0.12	117	
6	35	13	6.08	8.06	3.63	0.71	0.04	118	
6	35	18	3.46	3.68	3.41	0.14	-0.19	119	
6	35	23	3.62	3.48	4.06	-0.62	-1.28	120	
6	35	28	3.29	3.46	5.98	2.90	-0.45	121	
6	35	33	1.40	4.45	2.08	-1.62	-4.52	122	
6	35	38	3.53	3.66	4.20	0.60	-0.48	123	
6	35	43	10.98	7.39	4.10	-28.89	1.81	124	
6	39	3	17.97	6.10	5.57	-10.10	1.41	125	
6	39	8	-8.22	1.50	-4.84	39.96	6.15	126	
6	39	13	4.17	3.04	2.14	2.12	-1.05	127	
6	39	18	4.59	3.70	4.36	1.19	-0.46	128	
6	39	23	4.43	4.93	4.08	-0.96	0.19	129	
6	39	28	3.77	4.27	2.71	1.98	1.16	130	
6	39	33	1.22	2.92	5.15	-1.29	2.66	131	
6	39	38	2.71	4.05	3.18	0.76	-0.76	132	
6	39	43	13.46	5.11	7.83	-29.78	0.38	133	
6	43	3	4.06	1.35	7.09	0.06	-1.17	134	
6	43	8	-4.90	12.74	-1.91	2.00	17.70	135	
6	43	13	4.39	1.75	1.66	-0.23	2.86	136	
6	43	18	3.59	3.55	2.10	-0.12	0.10	137	
6	43	23	0.51	1.74	2.70	-1.64	-1.44	138	
6	43	28	3.23	3.92	3.63	0.03	-0.04	139	
6	43	33	2.41	3.40	2.87	-0.95	-0.46	140	
6	43	38	3.25	3.46	2.46	-0.96	0.33	141	
6	43	43	16.54	5.98	6.49	-28.22	-1.95	142	
