143
diam	c	r	EConv0	EConv1	EConv2	OConv0	OConv1
6	3	3	4.39	4.46	4.05	0.17	-2.15	44	
6	3	8	3.49	2.80	5.03	-1.16	-1.06	45	
6	3	13	6.26	3.98	3.64	1.06	1.74	46	
6	3	18	23.62	46.68	-6.08	-36.19	-34.27	47	
6	3	23	-22.40	-79.62	4.21	10.88	14.74	48	
6	3	28	14.11	42.27	3.46	29.71	38.01	49	
6	3	33	9.36	41.20	6.66	-14.96	-25.34	50	
6	3	38	-15.04	-5.21	-9.71	-11.41	-90.96	51	
6	3	43	5.91	-5.82	33.45	22.20	-16.28	52	
6	7	3	4.94	3.78	4.84	-0.58	0.93	53	
6	7	8	3.22	5.15	3.81	0.91	0.52	54	
6	7	13	4.06	5.08	3.78	-0.53	-1.81	55	
6	7	18	-28.23	-54.08	-4.30	-59.49	25.55	56	
6	7	23	19.48	46.70	1.06	29.85	32.65	57	
6	7	28	12.44	43.62	2.10	-31.37	-42.33	58	
6	7	33	-15.10	-43.66	-3.95	-23.11	-37.03	59	
6	7	38	2.63	-33.44	0.03	17.13	52.35	60	
6	7	43	-32.37	-13.44	-28.72	75.36	-19.34	61	
6	11	3	3.56	3.88	2.28	1.69	-3.06	62	
6	11	8	3.31	3.15	3.44	0.12	-0.95	63	
6	11	13	3.86	2.84	3.92	-0.63	1.99	64	
6	11	18	-1.30	7.27	10.17	-3.01	7.93	65	
6	11	23	21.86	51.84	0.57	-39.82	-44.35	66	
6	11	28	-23.09	-60.48	-0.44	-8.60	-19.60	67	
6	11	33	-4.86	12.58	-5.78	16.73	47.29	68	
6	11	38	8.17	7.18	-15.50	31.45	20.66	69	
6	11	43	-48.96	-18.47	-12.35	58.96	21.82	70	
6	15	3	2.55	4.48	3.36	-3.82	1.56	71	
6	15	8	3.53	4.30	3.86	1.20	2.18	72	
6	15	13	2.28	3.17	1.64	-2.92	-0.21	73	
6	15	18	18.52	44.98	-2.52	-35.20	-29.28	74	
6	15	23	-21.03	-63.46	11.75	-7.18	-11.76	75	
6	15	28	10.81	56.17	-1.41	12.49	34.48	76	
6	15	33	5.76	6.71	1.62	24.95	35.20	77	
6	15	38	9.81	5.51	4.28	-32.63	-20.59	78	
6	15	43	6.47	22.23	-3.56	24.03	16.52	79	
6	19	3	3.82	3.93	5.93	-1.45	0.16	80	
6	19	8	3.35	2.49	3.07	-1.32	-0.94	81	
6	19	13	12.04	24.47	2.47	-10.02	-10.06	82	
6	19	18	-35.78	-77.53	9.66	-37.23	-29.52	83	
6	19	23	23.64	51.10	-0.64	43.85	59.38	84	
6	19	28	-16.66	-23.31	13.55	26.55	22.12	85	
6	19	33	13.05	27.88	-1.70	-21.72	-20.56	86	
6	19	38	-0.10	-12.17	9.17	23.25	20.26	87	
6	19	43	-6.51	3.96	-1.75	-2.28	1.64	88	
6	23	3	4.68	4.69	3.33	-0.58	-0.78	89	
6	23	8	2.98	1.77	3.15	0.92	-0.62	90	
6	23	13	-12.83	-21.92	-2.30	-78.82	-57.40	91	
6	23	18	19.53	38.24	-0.45	68.39	62.72	92	
6	23	23	26.33	9.33	6.48	-18.80	-3.74	93	
6	23	28	26.81	34.82	11.03	50.18	-32.89	94	
6	23	33	-17.21	-48.84	10.52	6.53	9.16	95	
6	23	38	7.76	13.89	4.15	-0.49	5.83	96	
6	23	43	-7.29	3.17	-0.55	-12.02	-1.35	97	
6	27	3	4.66	3.16	4.27	-2.05	-0.24	98	
6	27	8	27.66	37.73	-3.76	-40.68	-32.22	99	
6	27	13	-7.40	-13.44	8.70	60.08	58.64	100	
6	27	18	5.50	7.84	4.10	2.86	-0.30	101	
6	27	23	13.40	2.53	11.59	-7.20	2.66	102	
6	27	28	-6.54	6.44	-1.05	10.05	57.47	103	
6	27	33	8.74	19.35	0.94	9.04	9.46	104	
6	27	38	4.60	5.28	4.17	1.07	1.71	105	
6	27	43	-5.78	-1.14	2.12	-12.28	2.42	106	
6	31	3	2.32	5.28	3.14	-0.60	-0.84	107	
6	31	8	-44.89	-55.79	13.66	-23.32	-5.10	108	
6	31	13	11.06	16.69	-0.43	13.06	11.31	109	
6	31	18	4.09	3.35	4.57	-0.07	0.66	110	
6	31	23	3.70	4.20	4.97	0.32	-0.11	111	
6	31	28	4.53	4.91	3.18	-2.08	1.65	112	
6	31	33	4.01	3.10	3.24	0.30	3.06	113	
6	31	38	5.09	4.23	4.02	0.18	-0.65	114	
6	31	43	-3.45	1.60	2.13	-9.43	1.24	115	
6	35	3	15.90	10.20	4.40	-11.19	-0.87	116	
6	35	8	0.55	16.06	0.24	42.67	29.88	117	
6	35	13	2.32	1.60	3.44	-1.62	-0.43	118	
6	35	18	4.98	4.62	3.94	0.39	-2.43	119	
6	35	23	3.96	3.97	4.15	0.81	-1.01	120	
6	35	28	4.34	3.42	3.69	0.98	-2.11	121	
6	35	33	5.19	4.78	2.96	-0.72	-0.70	122	
6	35	38	3.41	2.88	4.45	0.75	-1.36	123	
6	35	43	-1.65	3.06	2.95	-8.75	-1.06	124	
6	39	3	23.41	8.47	6.73	-19.91	-2.03	125	
6	39	8	24.69	12.57	8.79	18.51	3.85	126	
6	39	13	4.32	3.53	4.65	1.41	2.60	127	
6	39	18	4.31	4.41	3.98	-1.89	3.48	128	
6	39	23	3.50	2.57	4.43	1.99	1.41	129	
6	39	28	4.22	4.04	4.08	-1.01	1.05	130	
6	39	33	4.04	2.66	4.97	0.40	-3.30	131	
6	39	38	4.10	4.38	3.40	-0.00	0.87	132	
6	39	43	-3.51	2.83	-0.25	-11.36	-3.56	133	
6	43	3	19.84	0.30	12.54	-16.77	6.66	134	
6	43	8	10.60	-3.90	1.16	22.60	-8.92	135	
6	43	13	5.28	2.71	4.00	0.87	2.46	136	
6	43	18	2.72	1.32	0.49	-2.54	1.35	137	
6	43	23	3.11	1.17	0.98	0.21	2.36	138	
6	43	28	5.89	10.80	1.48	2.23	0.36	139	
6	43	33	-24.18	-24.38	5.44	11.52	-32.23	140	
6	43	38	3.59	0.07	1.05	0.03	2.72	141	
6	43	43	-2.91	-1.67	3.91	-8.57	5.29	142	
