143
diam	c	r	EConv0	EConv1	EConv2	OConv0	OConv1
6	3	3	5.02	4.37	6.86	3.37	-1.58	44	
6	3	8	24.58	51.41	-3.34	-43.79	-43.13	45	
6	3	13	-23.91	-77.54	-5.61	23.70	18.09	46	
6	3	18	37.29	50.05	-5.61	-25.19	-32.23	47	
6	3	23	7.55	-0.78	3.80	60.88	39.56	48	
6	3	28	-12.42	-23.24	11.07	-15.64	-2.38	49	
6	3	33	9.01	8.85	7.18	3.04	0.14	50	
6	3	38	41.53	12.70	10.91	-49.95	2.17	51	
6	3	43	35.12	10.10	9.72	73.97	-2.53	52	
6	7	3	6.37	10.05	1.69	-2.21	-0.53	53	
6	7	8	-47.34	-85.64	13.36	-3.96	17.85	54	
6	7	13	24.36	67.73	0.87	-0.50	6.11	55	
6	7	18	-40.99	-77.36	8.17	12.40	3.71	56	
6	7	23	12.80	13.49	4.20	3.49	3.06	57	
6	7	28	9.83	40.85	3.96	0.35	2.94	58	
6	7	33	6.70	1.33	21.51	10.12	-8.87	59	
6	7	38	43.32	17.03	8.35	-58.46	-7.77	60	
6	7	43	38.56	12.74	10.85	73.17	3.96	61	
6	11	3	13.00	3.87	9.39	-6.29	2.31	62	
6	11	8	17.18	63.76	0.95	24.92	-51.87	63	
6	11	13	-16.26	-75.81	-0.63	-17.10	-27.06	64	
6	11	18	23.08	39.76	0.37	26.61	27.21	65	
6	11	23	22.42	47.08	2.25	-20.97	-31.57	66	
6	11	28	-6.22	-51.13	-4.85	-36.99	-51.55	67	
6	11	33	2.32	-28.72	-58.55	76.19	8.11	68	
6	11	38	44.73	14.56	17.39	-55.20	3.13	69	
6	11	43	39.24	11.22	10.87	70.43	-0.68	70	
6	15	3	4.90	5.19	5.66	-0.39	-1.65	71	
6	15	8	-12.93	9.28	40.01	-14.84	69.79	72	
6	15	13	8.40	45.49	10.97	16.17	33.65	73	
6	15	18	15.80	35.45	0.11	-18.58	-19.82	74	
6	15	23	-16.41	-51.89	8.75	-31.03	-38.50	75	
6	15	28	15.45	23.28	15.29	46.47	74.78	76	
6	15	33	18.77	28.61	0.29	-10.46	-6.69	77	
6	15	38	56.97	15.63	17.58	-48.60	-0.39	78	
6	15	43	43.74	15.94	14.72	64.98	1.45	79	
6	19	3	2.26	2.88	3.79	-0.03	1.79	80	
6	19	8	4.22	4.10	4.40	-0.39	0.28	81	
6	19	13	9.88	16.36	2.64	-7.03	-5.48	82	
6	19	18	-17.77	-51.51	10.30	-44.44	-48.32	83	
6	19	23	1.06	8.98	-4.62	62.25	74.22	84	
6	19	28	5.52	4.89	6.54	2.29	1.69	85	
6	19	33	-33.58	-30.97	13.10	-32.01	-34.11	86	
6	19	38	50.07	19.95	11.45	-59.06	-0.30	87	
6	19	43	42.29	13.02	11.42	64.89	-1.26	88	
6	23	3	6.37	2.45	4.56	1.32	-0.89	89	
6	23	8	5.52	8.64	5.62	-0.05	-5.19	90	
6	23	13	2.89	1.02	2.77	-69.64	-61.48	91	
6	23	18	20.92	36.87	-4.10	45.05	50.45	92	
6	23	23	15.74	-0.76	1.10	18.56	-1.13	93	
6	23	28	24.29	47.89	-2.53	-43.49	-44.36	94	
6	23	33	10.58	4.35	-0.32	74.37	37.96	95	
6	23	38	49.67	11.63	16.40	-64.13	6.43	96	
6	23	43	45.48	15.50	15.32	59.60	3.50	97	
6	27	3	4.85	5.91	6.55	0.60	-2.22	98	
6	27	8	31.08	43.73	-4.75	-48.57	-28.26	99	
6	27	13	-9.67	-24.38	9.87	60.91	59.35	100	
6	27	18	-11.84	-11.14	11.25	-6.62	10.79	101	
6	27	23	17.28	41.16	3.74	-15.90	-22.13	102	
6	27	28	-37.19	-68.40	16.25	-1.36	-5.63	103	
6	27	33	-5.31	26.24	-50.19	-25.63	-39.55	104	
6	27	38	50.88	13.06	16.17	-61.89	-4.09	105	
6	27	43	46.41	17.03	14.94	56.73	1.11	106	
6	31	3	5.24	10.78	2.72	0.50	-0.95	107	
6	31	8	-53.47	-85.70	17.61	-8.72	-5.10	108	
6	31	13	20.84	24.80	-0.17	2.23	7.11	109	
6	31	18	22.56	49.25	23.23	0.93	-58.41	110	
6	31	23	-14.78	-53.92	4.47	-26.85	-43.77	111	
6	31	28	18.07	35.49	-8.74	58.85	51.82	112	
6	31	33	1.77	7.17	31.26	-8.82	22.51	113	
6	31	38	50.57	21.28	14.66	-66.18	-4.03	114	
6	31	43	48.28	15.20	13.43	56.18	-1.03	115	
6	35	3	33.41	26.81	-3.61	-46.18	-21.65	116	
6	35	8	30.56	42.97	-2.27	51.84	37.03	117	
6	35	13	3.89	3.03	4.01	-0.83	3.99	118	
6	35	18	-17.25	-14.50	6.77	-28.23	89.05	119	
6	35	23	-0.72	43.82	5.78	36.23	74.19	120	
6	35	28	3.84	6.42	4.73	3.64	-1.17	121	
6	35	33	3.44	3.93	4.10	1.33	0.03	122	
6	35	38	43.73	15.70	14.16	-74.68	-2.88	123	
6	35	43	48.44	16.69	10.26	49.44	-0.44	124	
6	39	3	-26.76	-5.83	-3.21	-56.18	-10.51	125	
6	39	8	-8.84	-12.51	8.36	12.64	-22.94	126	
6	39	13	5.43	5.15	4.08	-1.90	-0.52	127	
6	39	18	4.29	2.63	5.31	0.10	0.59	128	
6	39	23	4.20	3.56	4.45	1.05	-0.69	129	
6	39	28	3.27	4.63	3.64	-0.13	3.64	130	
6	39	33	4.00	5.29	5.63	0.29	-1.56	131	
6	39	38	40.48	16.54	13.65	-74.59	-1.60	132	
6	39	43	48.50	13.64	18.26	51.89	2.51	133	
6	43	3	-1.86	-13.41	26.33	-34.52	40.74	134	
6	43	8	10.92	28.97	8.45	17.14	9.48	135	
6	43	13	3.83	4.62	6.67	-0.29	0.91	136	
6	43	18	2.95	5.08	4.03	-0.27	1.40	137	
6	43	23	3.26	5.08	4.69	1.43	1.17	138	
6	43	28	4.75	5.50	5.28	-2.45	-1.18	139	
6	43	33	1.75	4.98	1.24	-0.97	2.23	140	
6	43	38	32.98	11.05	11.41	-78.64	-3.91	141	
6	43	43	45.62	16.45	13.99	48.89	2.28	142	
