143
diam	c	r	EConv0	EConv1	EConv2	OConv0	OConv1
6	3	3	3.75	4.08	4.83	0.02	1.97	44	
6	3	8	3.67	5.12	3.71	-0.10	-0.73	45	
6	3	13	39.46	11.09	10.18	-50.69	-3.54	46	
6	3	18	38.22	21.75	16.65	56.87	15.03	47	
6	3	23	4.01	5.39	2.88	0.45	1.91	48	
6	3	28	3.35	4.12	4.27	-0.16	0.24	49	
6	3	33	2.57	3.76	2.07	1.16	-0.74	50	
6	3	38	2.91	23.40	14.38	-9.62	-21.99	51	
6	3	43	-7.06	0.97	19.76	-11.87	-10.75	52	
6	7	3	3.91	4.65	4.46	0.08	-0.79	53	
6	7	8	3.28	4.36	3.43	0.06	1.54	54	
6	7	13	32.66	17.09	8.76	-55.95	-4.01	55	
6	7	18	34.41	17.53	2.16	45.71	7.62	56	
6	7	23	3.12	3.45	3.34	0.12	-0.23	57	
6	7	28	6.41	8.01	2.44	-3.24	0.93	58	
6	7	33	7.44	40.35	6.29	-37.73	-70.18	59	
6	7	38	-6.15	-74.88	-24.51	-10.62	-1.72	60	
6	7	43	-39.99	-23.96	-51.73	40.60	-22.16	61	
6	11	3	3.36	4.01	3.58	-0.24	1.86	62	
6	11	8	4.59	2.89	5.60	-0.62	-0.52	63	
6	11	13	12.20	1.05	6.10	-58.20	-0.07	64	
6	11	18	21.95	11.63	1.77	17.29	4.32	65	
6	11	23	3.86	9.81	2.41	-3.33	-3.89	66	
6	11	28	5.70	13.15	3.54	-53.22	-72.91	67	
6	11	33	-9.30	-42.79	4.15	35.67	68.86	68	
6	11	38	12.62	57.56	14.04	5.30	5.18	69	
6	11	43	-72.87	-20.92	12.07	-7.83	-18.57	70	
6	15	3	3.83	3.40	4.35	-0.68	-1.69	71	
6	15	8	2.49	2.82	2.21	-0.87	-1.26	72	
6	15	13	-13.71	-7.68	4.82	-38.40	-5.59	73	
6	15	18	9.82	7.05	4.19	1.53	-0.29	74	
6	15	23	8.26	17.98	4.39	-54.49	-57.62	75	
6	15	28	-4.26	-11.81	6.19	45.61	63.69	76	
6	15	33	21.00	53.45	0.03	-22.08	-23.14	77	
6	15	38	-1.00	-51.36	-11.12	-9.62	-16.10	78	
6	15	43	-22.51	-5.69	-4.97	56.05	36.44	79	
6	19	3	3.78	5.46	2.46	-0.93	-1.68	80	
6	19	8	2.20	3.79	4.64	-0.34	-0.70	81	
6	19	13	-27.69	-18.59	-3.92	-10.97	16.35	82	
6	19	18	18.05	34.84	-1.81	-40.08	-33.41	83	
6	19	23	-14.47	-33.73	7.06	35.51	45.59	84	
6	19	28	22.11	30.15	2.97	-6.37	4.65	85	
6	19	33	-35.79	-63.83	11.46	-1.63	-6.76	86	
6	19	38	12.63	33.12	0.85	-28.76	4.92	87	
6	19	43	4.86	19.46	-6.22	26.23	23.00	88	
6	23	3	3.43	3.15	5.50	-0.21	-0.86	89	
6	23	8	4.84	5.64	5.31	-0.50	-1.10	90	
6	23	13	14.70	27.74	8.78	-7.28	-7.66	91	
6	23	18	-24.32	-48.49	18.49	0.42	12.13	92	
6	23	23	7.65	20.74	3.11	11.62	14.24	93	
6	23	28	8.23	5.36	-4.93	-60.74	-30.54	94	
6	23	33	27.39	47.59	-5.84	31.17	24.74	95	
6	23	38	-15.53	-31.80	12.61	19.54	11.93	96	
6	23	43	-9.85	-5.46	-2.86	-3.01	-3.72	97	
6	27	3	3.73	7.43	5.43	-0.41	-2.21	98	
6	27	8	4.03	7.95	5.41	-1.67	-1.08	99	
6	27	13	-14.17	-23.33	0.68	-36.42	-23.03	100	
6	27	18	16.33	27.49	-1.94	28.65	22.43	101	
6	27	23	-1.05	2.26	2.41	4.19	-2.03	102	
6	27	28	-21.72	-22.55	-15.44	-53.19	25.31	103	
6	27	33	-2.16	-55.04	-10.30	-7.01	-8.45	104	
6	27	38	22.21	27.15	-0.82	21.88	12.79	105	
6	27	43	-4.93	3.89	-1.09	-1.80	-3.46	106	
6	31	3	3.50	1.83	4.36	-0.89	3.74	107	
6	31	8	14.61	23.93	-0.16	-31.29	-22.87	108	
6	31	13	-2.08	-3.81	4.73	43.26	30.46	109	
6	31	18	4.31	7.52	6.73	0.40	2.92	110	
6	31	23	4.29	6.09	5.76	-0.40	0.55	111	
6	31	28	2.71	4.92	14.38	-3.22	7.83	112	
6	31	33	0.03	17.35	7.05	5.36	15.86	113	
6	31	38	-0.09	-0.49	0.50	-2.33	1.71	114	
6	31	43	-5.86	1.08	-0.25	-1.07	5.10	115	
6	35	3	2.74	26.71	34.07	5.85	-35.02	116	
6	35	8	-44.17	-22.54	14.18	-33.53	-32.35	117	
6	35	13	15.32	49.67	32.03	9.63	-24.57	118	
6	35	18	3.45	24.30	29.57	2.06	-21.92	119	
6	35	23	5.91	27.41	26.45	-4.84	-16.19	120	
6	35	28	4.01	22.24	23.59	2.37	-16.39	121	
6	35	33	4.50	20.13	22.66	-0.59	-16.00	122	
6	35	38	-3.91	18.63	18.91	0.53	-19.74	123	
6	35	43	-13.45	12.12	15.57	1.93	-18.30	124	
6	39	3	21.78	5.59	-54.52	-33.66	44.54	125	
6	39	8	10.01	-44.20	-6.32	28.14	73.83	126	
6	39	13	2.22	-42.41	-40.58	-9.19	70.45	127	
6	39	18	4.36	-49.10	-53.56	3.74	60.46	128	
6	39	23	3.02	-56.43	-53.53	-1.71	58.95	129	
6	39	28	4.54	-47.49	-54.89	-0.35	51.42	130	
6	39	33	3.75	-52.57	-56.46	1.99	45.72	131	
6	39	38	6.17	-54.96	-50.08	-5.30	50.36	132	
6	39	43	-0.21	-47.39	-43.16	10.05	40.26	133	
6	43	3	33.85	-14.67	12.96	-87.30	12.55	134	
6	43	8	25.49	-1.63	-24.70	40.92	-46.12	135	
6	43	13	14.36	-6.77	4.07	17.93	-6.14	136	
6	43	18	3.01	1.76	2.80	0.69	-0.59	137	
6	43	23	3.51	2.02	0.98	0.86	-0.58	138	
6	43	28	2.70	1.93	6.26	-0.38	1.48	139	
6	43	33	5.18	4.73	4.65	-1.18	-0.75	140	
6	43	38	3.02	4.72	0.56	2.63	-3.01	141	
6	43	43	0.30	31.71	-5.67	-15.06	-23.83	142	
