143
diam	c	r	EConv0	EConv1	EConv2	OConv0	OConv1
6	3	3	3.87	2.86	2.87	0.20	-1.14	44	
6	3	8	2.24	3.02	2.96	-3.72	1.61	45	
6	3	13	13.07	1.25	9.65	-11.79	3.70	46	
6	3	18	-1.99	24.72	13.28	37.15	5.18	47	
6	3	23	-12.14	-39.02	6.00	-1.31	-8.75	48	
6	3	28	8.22	16.24	0.14	7.02	8.56	49	
6	3	33	8.15	11.86	0.46	-14.53	-11.04	50	
6	3	38	7.45	34.12	-3.47	-13.69	-54.16	51	
6	3	43	12.11	-8.10	32.64	29.23	-26.10	52	
6	7	3	3.42	3.44	2.33	0.75	0.45	53	
6	7	8	4.68	4.52	3.67	-3.87	-0.90	54	
6	7	13	4.82	1.28	5.09	2.19	1.51	55	
6	7	18	-16.45	-19.99	-12.80	-11.23	51.46	56	
6	7	23	10.85	23.71	-1.11	17.23	16.22	57	
6	7	28	6.25	8.48	4.17	-3.77	-4.75	58	
6	7	33	-3.85	-4.67	6.42	-27.59	-30.95	59	
6	7	38	2.84	-8.10	5.11	29.81	58.43	60	
6	7	43	-22.64	13.78	-11.33	40.81	-3.16	61	
6	11	3	5.50	4.22	4.03	1.13	-0.06	62	
6	11	8	3.73	2.50	3.92	-3.25	2.25	63	
6	11	13	2.97	4.73	0.79	0.47	-0.94	64	
6	11	18	2.81	4.05	2.06	0.00	-0.46	65	
6	11	23	4.09	4.48	2.14	-1.45	0.05	66	
6	11	28	13.87	17.56	1.40	-40.70	-31.42	67	
6	11	33	2.33	5.64	-1.82	39.47	39.77	68	
6	11	38	-0.75	-20.49	0.21	-16.55	-39.09	69	
6	11	43	-11.83	-11.86	-6.13	43.72	20.55	70	
6	15	3	3.20	3.34	3.09	-0.49	1.77	71	
6	15	8	2.86	3.17	3.74	-1.33	-0.97	72	
6	15	13	0.54	1.88	2.79	-2.14	2.07	73	
6	15	18	1.98	1.71	1.39	-1.96	-0.55	74	
6	15	23	12.44	16.19	4.41	-7.98	-7.94	75	
6	15	28	-27.08	-38.22	6.84	21.19	12.63	76	
6	15	33	-5.53	-18.77	10.32	-14.31	-19.09	77	
6	15	38	17.54	36.16	4.43	-3.78	18.36	78	
6	15	43	12.06	15.34	-1.18	21.36	9.25	79	
6	19	3	3.47	2.13	3.71	2.25	-0.59	80	
6	19	8	2.71	4.60	3.13	-1.19	0.67	81	
6	19	13	1.25	1.35	3.09	0.13	-1.40	82	
6	19	18	4.10	6.45	2.76	-2.76	0.72	83	
6	19	23	-10.91	-24.97	4.03	-27.37	-17.65	84	
6	19	28	28.30	41.12	-1.86	-8.47	10.41	85	
6	19	33	10.69	13.73	-2.53	40.22	17.21	86	
6	19	38	-11.20	-18.74	5.67	-0.40	-4.68	87	
6	19	43	4.26	5.71	5.64	5.02	0.61	88	
6	23	3	2.56	4.10	3.94	2.47	-1.11	89	
6	23	8	3.57	1.42	3.43	-4.46	1.92	90	
6	23	13	2.35	4.95	2.07	2.39	-0.64	91	
6	23	18	9.86	18.95	-2.50	-30.45	-27.61	92	
6	23	23	9.60	12.32	-0.31	32.32	24.67	93	
6	23	28	-14.02	-11.72	1.22	-37.40	-10.61	94	
6	23	33	1.91	2.95	5.07	-6.17	-13.20	95	
6	23	38	8.87	14.39	-0.34	9.25	11.91	96	
6	23	43	-0.26	-6.49	9.50	24.73	-6.60	97	
6	27	3	1.44	3.67	2.92	0.62	-0.69	98	
6	27	8	0.60	1.74	1.31	-1.31	-3.49	99	
6	27	13	10.00	12.71	0.01	-12.60	-7.21	100	
6	27	18	-11.93	-27.47	14.46	22.06	14.80	101	
6	27	23	4.96	6.35	3.39	0.94	1.86	102	
6	27	28	-8.29	-24.54	-8.12	-36.78	24.24	103	
6	27	33	9.43	12.44	-4.01	26.71	22.67	104	
6	27	38	4.28	0.86	3.66	-3.81	2.10	105	
6	27	43	0.91	15.44	-1.20	9.00	6.43	106	
6	31	3	0.55	0.94	1.80	0.02	1.96	107	
6	31	8	3.42	5.89	1.88	-2.61	1.26	108	
6	31	13	-16.28	-27.91	7.99	-12.90	-20.13	109	
6	31	18	10.79	19.79	2.05	9.01	7.18	110	
6	31	23	2.32	2.31	5.65	3.43	-2.72	111	
6	31	28	2.35	6.36	4.23	3.65	-0.35	112	
6	31	33	2.12	9.17	5.89	-2.34	-8.88	113	
6	31	38	5.16	5.23	4.85	-1.74	-1.42	114	
6	31	43	0.56	6.67	6.77	1.05	-1.17	115	
6	35	3	6.52	-29.66	-29.71	-1.25	-60.45	116	
6	35	8	10.27	-27.94	-27.08	-10.95	-65.92	117	
6	35	13	2.68	-5.24	-33.16	17.69	-36.53	118	
6	35	18	1.62	-33.28	-24.53	2.99	-58.59	119	
6	35	23	-2.50	-36.97	-44.86	-0.89	-49.51	120	
6	35	28	0.53	-44.43	-36.31	0.17	-54.33	121	
6	35	33	3.06	-40.31	-36.54	0.24	-34.47	122	
6	35	38	5.00	-46.25	-44.38	0.45	-39.24	123	
6	35	43	1.85	-49.32	-47.21	2.78	-16.51	124	
6	39	3	10.41	49.14	28.93	-10.07	24.16	125	
6	39	8	-5.55	10.96	17.95	25.46	51.07	126	
6	39	13	6.24	31.94	34.95	-3.64	37.37	127	
6	39	18	1.24	31.96	24.98	4.57	35.02	128	
6	39	23	0.32	26.23	28.97	-2.45	28.73	129	
6	39	28	2.13	30.68	27.45	2.21	30.38	130	
6	39	33	3.86	24.94	22.79	1.59	25.65	131	
6	39	38	3.89	24.67	21.92	-0.71	24.98	132	
6	39	43	5.86	23.84	15.49	12.33	14.42	133	
6	43	3	-12.80	-15.54	4.87	-8.56	15.70	134	
6	43	8	5.10	10.36	0.39	0.83	3.68	135	
6	43	13	2.05	2.08	2.94	1.97	-0.70	136	
6	43	18	2.42	3.05	4.26	1.21	0.88	137	
6	43	23	0.76	2.05	1.74	-0.60	-1.58	138	
6	43	28	3.11	1.13	2.96	-0.41	-1.20	139	
6	43	33	3.35	2.43	4.19	3.42	-1.99	140	
6	43	38	4.21	2.58	2.93	-3.07	0.05	141	
6	43	43	3.86	3.42	2.92	2.07	-0.37	142	
