143
diam	c	r	EConv0	EConv1	EConv2	OConv0	OConv1
6	3	3	3.98	2.56	4.80	-0.02	2.26	44	
6	3	8	2.58	4.63	2.17	-0.01	-1.20	45	
6	3	13	5.33	8.03	-0.34	-2.61	1.65	46	
6	3	18	17.85	29.68	3.86	-12.95	-25.16	47	
6	3	23	-26.11	-57.95	13.20	0.09	7.55	48	
6	3	28	9.33	18.20	2.21	21.28	20.86	49	
6	3	33	14.30	44.90	-1.96	-28.43	-34.49	50	
6	3	38	-24.94	-15.00	-21.42	-35.65	-110.67	51	
6	3	43	31.08	-13.05	31.84	38.08	-30.49	52	
6	7	3	4.65	5.75	3.38	-1.22	0.15	53	
6	7	8	2.30	1.04	2.79	-2.01	0.24	54	
6	7	13	12.30	13.19	3.92	-10.47	-7.62	55	
6	7	18	-21.90	-39.69	4.74	-32.70	-30.99	56	
6	7	23	17.92	25.76	-2.70	35.40	37.73	57	
6	7	28	19.14	44.28	-1.43	-16.98	-22.34	58	
6	7	33	-8.77	-24.85	6.12	-65.66	-75.03	59	
6	7	38	-5.57	-44.80	-6.46	9.93	47.08	60	
6	7	43	28.53	17.59	-20.34	46.93	11.21	61	
6	11	3	6.54	1.93	3.16	-2.95	2.87	62	
6	11	8	11.67	7.25	8.24	4.80	4.09	63	
6	11	13	7.58	1.82	0.37	-44.69	-38.21	64	
6	11	18	-0.49	5.77	-0.35	51.13	47.09	65	
6	11	23	16.40	31.16	1.74	-12.64	-11.04	66	
6	11	28	-4.22	-19.16	5.02	-69.68	-72.56	67	
6	11	33	-21.67	-45.33	5.54	39.51	41.07	68	
6	11	38	28.35	60.67	17.05	33.05	62.55	69	
6	11	43	-25.81	13.13	9.54	-32.39	-59.09	70	
6	15	3	0.43	4.01	4.53	2.30	-3.81	71	
6	15	8	13.57	28.78	-3.72	-37.03	-33.54	72	
6	15	13	-12.61	-27.55	8.53	32.80	26.57	73	
6	15	18	6.43	17.89	-0.13	7.54	2.24	74	
6	15	23	11.28	18.41	6.44	-80.30	-69.40	75	
6	15	28	-18.03	-63.15	-4.37	13.84	19.69	76	
6	15	33	21.41	43.88	-0.35	60.78	69.21	77	
6	15	38	7.09	17.82	1.75	-71.99	-81.14	78	
6	15	43	-24.50	-46.82	-6.84	37.95	26.75	79	
6	19	3	13.60	22.09	3.79	-15.93	-15.39	80	
6	19	8	-16.33	-41.66	9.46	-7.72	-5.46	81	
6	19	13	13.99	19.90	4.51	25.18	18.32	82	
6	19	18	16.60	34.82	-8.56	-61.26	-39.13	83	
6	19	23	-34.85	-71.17	7.06	9.25	13.73	84	
6	19	28	18.37	80.30	18.94	41.77	39.92	85	
6	19	33	15.28	21.05	4.02	-54.95	-81.75	86	
6	19	38	-25.91	-68.99	2.66	31.42	27.21	87	
6	19	43	2.07	31.84	-7.88	21.16	34.09	88	
6	23	3	-8.93	-21.72	6.49	-32.02	-25.11	89	
6	23	8	10.58	15.66	4.79	32.62	31.98	90	
6	23	13	13.06	17.23	1.42	-4.11	-2.71	91	
6	23	18	-36.66	-47.64	6.95	-62.47	-47.90	92	
6	23	23	12.94	28.60	2.18	72.78	69.70	93	
6	23	28	-16.34	-10.82	-49.68	-96.21	-22.12	94	
6	23	33	-14.22	-60.61	-0.43	28.10	3.12	95	
6	23	38	16.43	31.47	-5.61	54.32	56.72	96	
6	23	43	-11.96	0.30	-4.76	-21.04	1.06	97	
6	27	3	2.69	-1.56	0.13	44.13	30.73	98	
6	27	8	3.71	6.24	0.12	9.98	5.47	99	
6	27	13	22.71	31.19	-4.14	-74.25	-47.25	100	
6	27	18	-25.18	-37.29	3.04	76.52	64.39	101	
6	27	23	10.22	19.53	0.34	13.40	2.76	102	
6	27	28	3.35	-12.88	41.73	-48.23	59.08	103	
6	27	33	4.09	40.28	6.02	41.53	84.74	104	
6	27	38	6.27	11.46	3.18	3.60	2.00	105	
6	27	43	-15.30	-1.38	-3.84	-31.67	0.15	106	
6	31	3	9.52	17.83	2.42	3.52	11.61	107	
6	31	8	18.61	22.43	0.80	-11.25	-7.34	108	
6	31	13	-33.23	-53.81	15.28	-19.39	8.23	109	
6	31	18	22.59	40.94	1.99	29.21	27.45	110	
6	31	23	3.28	4.39	6.17	2.16	1.15	111	
6	31	28	2.73	2.43	2.78	-0.84	0.79	112	
6	31	33	6.38	5.48	-0.18	2.24	-2.59	113	
6	31	38	1.91	3.38	2.00	-0.46	-0.64	114	
6	31	43	-15.94	-2.02	2.56	-27.05	1.77	115	
6	35	3	4.67	4.69	4.52	-2.33	1.01	116	
6	35	8	14.53	15.84	-4.08	-63.53	-41.15	117	
6	35	13	9.63	1.08	5.91	69.13	34.72	118	
6	35	18	4.77	3.34	3.70	1.17	0.27	119	
6	35	23	3.79	3.81	2.04	2.47	-0.83	120	
6	35	28	4.44	4.41	5.49	0.11	-2.11	121	
6	35	33	4.57	3.36	4.13	-0.24	0.01	122	
6	35	38	5.46	4.48	2.30	-6.43	0.20	123	
6	35	43	-16.66	-4.93	-0.98	-16.62	-3.33	124	
6	39	3	13.43	8.75	1.80	-3.47	0.08	125	
6	39	8	-39.19	-39.80	13.48	-35.32	-5.29	126	
6	39	13	22.89	25.97	-0.86	20.39	18.41	127	
6	39	18	0.58	4.31	1.22	3.64	1.41	128	
6	39	23	2.65	4.25	3.28	-1.81	0.49	129	
6	39	28	3.17	1.55	1.85	1.84	3.03	130	
6	39	33	4.18	3.86	3.63	1.00	0.70	131	
6	39	38	6.12	4.00	5.74	-5.67	2.23	132	
6	39	43	-16.47	-2.31	-2.12	-15.12	3.76	133	
6	43	3	42.79	37.16	8.34	-42.58	-18.39	134	
6	43	8	-15.21	-13.82	16.69	71.61	16.85	135	
6	43	13	5.48	10.74	5.66	-0.62	-6.53	136	
6	43	18	4.17	6.75	8.11	-4.05	5.92	137	
6	43	23	7.92	5.29	6.25	-3.13	2.73	138	
6	43	28	5.46	5.89	5.38	5.78	1.67	139	
6	43	33	4.40	8.80	6.65	-5.27	6.13	140	
6	43	38	3.44	6.69	3.80	-4.60	-0.41	141	
6	43	43	-18.58	-1.79	-2.08	-15.68	-8.05	142	
