143
diam	c	r	EConv0	EConv1	EConv2	OConv0	OConv1
6	3	3	23.82	6.28	7.85	20.85	-1.69	44	
6	3	8	4.22	3.00	4.16	3.24	1.24	45	
6	3	13	2.74	5.61	3.36	-3.30	4.75	46	
6	3	18	8.69	27.74	0.96	-13.10	-15.68	47	
6	3	23	1.88	-2.21	0.49	-63.09	-97.19	48	
6	3	28	-13.87	-71.94	7.50	35.94	60.05	49	
6	3	33	24.24	106.68	12.64	13.52	15.31	50	
6	3	38	2.57	11.61	47.01	22.46	-57.09	51	
6	3	43	5.32	8.43	4.78	-2.09	3.48	52	
6	7	3	27.05	12.97	11.12	13.05	0.82	53	
6	7	8	2.56	3.09	-0.10	2.14	0.31	54	
6	7	13	11.25	5.37	2.92	-1.96	0.52	55	
6	7	18	-16.92	-34.62	-19.15	-78.36	-76.91	56	
6	7	23	-10.87	-53.18	-0.90	55.80	76.96	57	
6	7	28	22.30	81.13	0.76	-22.41	-37.74	58	
6	7	33	-7.28	-64.53	-5.72	-10.91	-18.63	59	
6	7	38	-14.13	17.81	-50.13	7.10	-19.94	60	
6	7	43	31.29	-6.64	28.68	40.12	-16.03	61	
6	11	3	17.58	11.15	2.54	2.94	4.82	62	
6	11	8	5.17	4.44	4.27	-0.45	-0.83	63	
6	11	13	13.34	4.94	7.81	-7.26	-5.41	64	
6	11	18	-33.16	-4.71	5.46	1.16	98.37	65	
6	11	23	18.85	69.65	4.20	-39.38	-53.86	66	
6	11	28	-18.70	-55.79	-2.43	5.63	13.52	67	
6	11	33	14.57	47.57	11.26	-0.47	-4.99	68	
6	11	38	6.44	-8.27	-13.97	-41.85	36.10	69	
6	11	43	54.69	18.58	13.10	67.03	7.84	70	
6	15	3	11.78	4.24	5.98	-1.93	-1.27	71	
6	15	8	4.71	5.51	6.15	-0.83	-2.34	72	
6	15	13	5.39	9.77	3.25	-1.76	-0.34	73	
6	15	18	11.59	31.70	7.15	-60.98	-79.54	74	
6	15	23	-17.98	-67.46	1.11	28.44	39.86	75	
6	15	28	9.16	36.73	3.09	-25.01	-13.91	76	
6	15	33	4.22	8.52	2.02	46.85	68.59	77	
6	15	38	-26.86	-30.09	17.49	-57.42	-7.36	78	
6	15	43	35.80	30.76	1.46	23.76	12.51	79	
6	19	3	8.85	5.63	6.00	-0.11	-4.22	80	
6	19	8	2.33	-1.43	3.44	3.17	7.20	81	
6	19	13	18.50	36.52	-6.55	-72.33	-63.83	82	
6	19	18	-27.70	-77.48	-0.98	38.04	36.75	83	
6	19	23	53.07	63.10	-6.55	-12.28	22.96	84	
6	19	28	-22.51	-10.04	25.53	61.57	6.29	85	
6	19	33	8.57	15.77	4.43	-43.63	-63.86	86	
6	19	38	-0.45	1.82	-0.97	60.76	48.97	87	
6	19	43	3.29	5.46	0.59	-49.98	-70.96	88	
6	23	3	3.45	2.90	0.32	2.59	3.01	89	
6	23	8	25.22	39.17	-7.95	-28.63	-21.80	90	
6	23	13	-36.36	-84.97	16.08	8.98	10.83	91	
6	23	18	18.40	44.84	3.30	37.56	46.17	92	
6	23	23	30.84	-4.69	26.76	-39.09	7.94	93	
6	23	28	-8.54	-23.33	-54.12	14.56	49.70	94	
6	23	33	2.34	9.88	1.16	36.71	72.70	95	
6	23	38	2.20	5.89	-0.36	-41.70	-55.58	96	
6	23	43	-1.43	-12.67	-2.32	42.37	63.56	97	
6	27	3	6.72	2.05	1.46	-1.20	3.57	98	
6	27	8	-12.57	-27.20	8.13	-91.35	-58.11	99	
6	27	13	35.19	40.61	-2.16	68.30	56.16	100	
6	27	18	2.87	2.85	0.71	3.95	-0.17	101	
6	27	23	1.71	1.75	4.02	-3.89	6.42	102	
6	27	28	10.96	30.71	10.63	-10.14	3.34	103	
6	27	33	-4.03	-12.52	6.19	-33.04	-64.22	104	
6	27	38	-3.00	0.90	1.17	34.51	60.72	105	
6	27	43	5.95	6.24	2.89	4.21	-1.10	106	
6	31	3	27.36	36.86	35.15	-11.82	-101.71	107	
6	31	8	-43.35	0.38	21.73	34.53	-28.36	108	
6	31	13	13.24	51.44	44.55	10.51	-93.96	109	
6	31	18	-4.88	35.07	31.39	0.15	-100.99	110	
6	31	23	1.11	38.16	39.69	5.27	-103.89	111	
6	31	28	6.69	8.26	24.17	-52.06	-104.98	112	
6	31	33	-1.92	44.01	29.76	52.84	-29.85	113	
6	31	38	3.02	44.13	45.25	6.26	-90.38	114	
6	31	43	3.23	39.89	45.07	0.93	-71.42	115	
6	35	3	28.72	45.61	-3.17	-69.60	68.39	116	
6	35	8	21.63	-4.40	30.64	53.09	95.18	117	
6	35	13	0.36	0.32	-2.31	-9.49	109.54	118	
6	35	18	-0.92	-4.09	0.42	7.40	119.79	119	
6	35	23	-14.44	-4.80	-30.65	-52.98	70.48	120	
6	35	28	14.49	-5.24	10.25	33.47	117.34	121	
6	35	33	-4.75	-8.98	-4.36	-2.60	109.88	122	
6	35	38	2.10	-3.73	-12.07	1.74	109.23	123	
6	35	43	8.58	-5.47	-14.26	-9.24	89.61	124	
6	39	3	29.06	-1.96	5.46	-99.26	12.94	125	
6	39	8	39.87	23.83	23.59	73.90	-14.80	126	
6	39	13	0.11	3.64	5.91	-0.51	2.32	127	
6	39	18	2.39	4.74	2.68	0.91	-2.55	128	
6	39	23	-5.26	3.56	28.17	-16.39	37.71	129	
6	39	28	8.76	15.08	1.12	12.39	4.37	130	
6	39	33	3.75	6.22	8.57	-1.61	5.67	131	
6	39	38	1.97	1.61	3.61	-2.39	3.52	132	
6	39	43	4.29	4.91	6.29	-1.36	4.36	133	
6	43	3	22.38	-6.75	31.79	-40.63	20.98	134	
6	43	8	-20.56	-19.43	-52.08	37.04	7.76	135	
6	43	13	8.26	3.00	5.30	4.72	1.35	136	
6	43	18	3.02	4.35	4.58	-0.19	1.54	137	
6	43	23	3.96	3.78	3.59	0.04	3.09	138	
6	43	28	4.37	3.88	3.13	2.09	1.63	139	
6	43	33	4.16	3.77	3.70	-0.05	-0.19	140	
6	43	38	1.62	3.64	4.64	-0.75	-0.62	141	
6	43	43	3.55	6.74	6.43	-2.08	0.05	142	
