143
diam	c	r	EConv0	EConv1	EConv2	OConv0	OConv1
6	3	3	8.02	7.00	5.19	-2.18	1.55	44	
6	3	8	7.84	7.01	-2.30	-5.09	-1.78	45	
6	3	13	9.76	10.00	1.26	-64.66	-63.82	46	
6	3	18	-15.42	-38.96	7.02	34.22	47.40	47	
6	3	23	17.28	34.84	1.62	44.58	39.42	48	
6	3	28	7.49	9.53	3.43	-3.40	2.84	49	
6	3	33	7.22	32.45	-0.23	-21.83	-54.43	50	
6	3	38	-17.17	-8.71	12.62	16.96	-67.26	51	
6	3	43	8.12	1.96	8.12	9.30	-3.32	52	
6	7	3	0.44	-0.59	4.10	0.92	0.02	53	
6	7	8	28.73	35.19	-4.21	-57.91	-29.86	54	
6	7	13	-31.67	-56.53	9.68	8.71	4.01	55	
6	7	18	18.34	34.88	5.21	41.23	44.74	56	
6	7	23	4.87	6.61	-1.03	6.37	5.94	57	
6	7	28	6.24	25.21	-1.22	-43.29	-50.61	58	
6	7	33	-16.01	-32.59	5.73	-35.66	-52.62	59	
6	7	38	-29.45	-1.74	-37.38	20.92	-23.33	60	
6	7	43	31.37	1.22	19.20	27.38	-2.09	61	
6	11	3	0.01	4.31	3.08	7.86	2.50	62	
6	11	8	2.86	-16.76	2.71	-90.46	-1.68	63	
6	11	13	1.67	13.32	-1.54	72.79	54.39	64	
6	11	18	-1.07	2.01	-1.61	1.22	3.22	65	
6	11	23	18.03	31.36	1.14	-30.36	-41.02	66	
6	11	28	-13.48	-27.26	5.99	-40.60	-48.67	67	
6	11	33	-14.99	-29.96	-5.68	49.59	63.91	68	
6	11	38	-33.07	2.63	-16.44	-54.52	23.30	69	
6	11	43	45.61	16.63	8.81	48.98	3.45	70	
6	15	3	1.04	4.35	1.18	1.66	-3.51	71	
6	15	8	-10.39	-11.24	18.24	-23.13	33.86	72	
6	15	13	8.09	19.95	-0.26	20.28	25.96	73	
6	15	18	5.49	31.89	-4.47	-31.39	-31.76	74	
6	15	23	-5.81	-17.92	6.83	-45.88	-58.62	75	
6	15	28	-26.53	-34.58	2.71	38.08	25.28	76	
6	15	33	22.42	37.66	4.52	34.26	33.85	77	
6	15	38	-62.30	-26.60	4.67	-40.09	10.55	78	
6	15	43	24.85	15.39	1.94	17.69	-1.48	79	
6	19	3	2.03	1.96	2.87	-0.97	0.97	80	
6	19	8	5.57	7.27	7.88	-0.73	-0.66	81	
6	19	13	19.38	28.01	3.35	-16.40	-22.17	82	
6	19	18	-8.01	-16.93	3.59	-61.31	-59.73	83	
6	19	23	8.41	-5.21	-2.04	-2.85	5.99	84	
6	19	28	4.62	-1.71	4.95	95.11	42.24	85	
6	19	33	29.77	31.75	-2.59	-31.10	-6.53	86	
6	19	38	-55.67	-40.93	9.13	55.29	2.38	87	
6	19	43	-2.38	2.41	1.52	4.98	0.01	88	
6	23	3	5.73	4.93	5.23	1.30	-1.01	89	
6	23	8	6.13	6.38	1.92	-1.94	2.92	90	
6	23	13	7.33	14.22	-0.97	-71.46	-61.25	91	
6	23	18	-15.79	-40.16	10.97	29.04	27.41	92	
6	23	23	-3.14	21.69	-20.74	-50.21	11.92	93	
6	23	28	48.29	23.72	16.26	81.16	20.72	94	
6	23	33	20.12	17.63	4.04	-93.25	-45.99	95	
6	23	38	3.42	5.49	-6.88	98.97	42.30	96	
6	23	43	-4.60	2.90	0.13	4.30	4.32	97	
6	27	3	2.34	2.45	4.08	3.26	1.65	98	
6	27	8	27.68	27.25	1.85	-37.30	-23.29	99	
6	27	13	-37.87	-50.75	5.46	-19.81	-18.72	100	
6	27	18	10.80	16.91	-1.71	61.35	57.86	101	
6	27	23	-27.83	-0.20	-16.54	-112.44	15.08	102	
6	27	28	65.02	41.78	22.97	54.50	-46.73	103	
6	27	33	-33.37	-50.82	17.27	-28.24	-26.51	104	
6	27	38	31.07	30.19	2.52	45.10	14.00	105	
6	27	43	9.58	7.33	5.22	-3.44	-1.33	106	
6	31	3	5.09	4.58	2.06	1.14	-1.55	107	
6	31	8	1.89	5.62	-5.99	-89.69	-50.37	108	
6	31	13	-5.74	-11.89	6.69	78.28	67.84	109	
6	31	18	8.88	22.08	1.09	13.92	3.68	110	
6	31	23	8.74	-7.79	18.21	-101.49	29.53	111	
6	31	28	11.17	-8.06	-21.86	15.45	-49.37	112	
6	31	33	-3.74	-8.14	0.86	72.22	57.39	113	
6	31	38	12.73	13.83	1.83	3.62	8.60	114	
6	31	43	11.76	10.38	2.88	-11.29	-3.40	115	
6	35	3	32.71	21.71	6.78	-18.72	-0.27	116	
6	35	8	-58.51	-62.13	9.80	-23.92	-10.28	117	
6	35	13	35.78	37.11	-1.20	39.16	31.02	118	
6	35	18	2.28	2.07	4.46	-2.60	2.81	119	
6	35	23	23.03	-0.80	33.39	-34.92	29.08	120	
6	35	28	-33.26	-16.77	-18.58	-5.11	73.66	121	
6	35	33	26.42	30.84	1.41	33.40	22.70	122	
6	35	38	5.18	3.78	2.48	-6.96	-4.67	123	
6	35	43	29.19	15.16	4.94	-30.45	-1.33	124	
6	39	3	59.57	30.73	7.06	-53.46	-4.93	125	
6	39	8	-38.49	-20.82	14.35	98.99	19.07	126	
6	39	13	21.69	10.83	10.65	6.04	10.22	127	
6	39	18	-0.99	0.08	-1.02	-1.36	5.58	128	
6	39	23	6.24	0.75	5.77	5.23	2.21	129	
6	39	28	-5.25	12.13	17.06	6.44	38.52	130	
6	39	33	0.91	4.28	-0.84	-2.86	9.44	131	
6	39	38	-3.74	1.93	3.45	-6.42	-10.81	132	
6	39	43	34.83	16.42	2.02	-57.03	-13.76	133	
6	43	3	46.35	20.39	34.56	-75.34	-67.55	134	
6	43	8	-10.89	21.02	-9.38	109.01	-26.69	135	
6	43	13	9.52	24.49	23.53	2.20	-75.93	136	
6	43	18	1.56	27.14	22.06	-4.68	-68.80	137	
6	43	23	7.92	31.79	29.27	4.71	-66.85	138	
6	43	28	2.60	23.90	24.37	4.14	-67.65	139	
6	43	33	1.20	23.13	24.43	-4.50	-62.47	140	
6	43	38	-21.30	11.79	9.29	-9.89	-65.94	141	
6	43	43	19.87	18.39	23.18	-74.77	-59.48	142	
