143
diam	c	r	EConv0	EConv1	EConv2	OConv0	OConv1
6	3	3	-18.20	18.63	20.59	-6.15	57.67	44	
6	3	8	7.32	33.69	17.27	22.15	20.38	45	
6	3	13	6.88	10.27	3.22	2.48	-5.97	46	
6	3	18	6.18	30.00	5.60	-65.59	-82.47	47	
6	3	23	-26.75	-62.19	4.61	53.49	59.01	48	
6	3	28	18.59	41.66	5.93	18.97	12.68	49	
6	3	33	6.19	28.43	5.11	-11.59	-22.75	50	
6	3	38	-23.74	-0.22	-13.46	-10.77	-94.67	51	
6	3	43	16.25	0.08	16.00	8.44	-8.21	52	
6	7	3	-1.78	-12.95	4.63	21.62	16.17	53	
6	7	8	5.50	4.58	3.22	-0.26	7.15	54	
6	7	13	21.65	34.92	-0.81	-62.84	-69.56	55	
6	7	18	-27.69	-75.80	4.76	43.46	56.28	56	
6	7	23	10.84	37.46	-1.27	38.24	27.75	57	
6	7	28	11.20	23.30	4.47	-14.95	-12.89	58	
6	7	33	-9.02	-37.01	7.79	4.73	9.43	59	
6	7	38	-13.49	37.83	32.92	-39.52	33.08	60	
6	7	43	27.73	14.74	5.78	15.54	10.84	61	
6	11	3	9.05	13.98	-2.11	7.42	7.88	62	
6	11	8	17.09	41.91	-6.97	-47.38	-61.32	63	
6	11	13	-29.86	-80.82	8.87	20.01	19.73	64	
6	11	18	18.25	43.07	-2.26	28.80	31.74	65	
6	11	23	6.45	16.71	1.77	-3.94	-13.25	66	
6	11	28	-0.83	-13.94	2.76	-16.84	-1.21	67	
6	11	33	1.80	-34.15	-35.15	-31.57	-22.05	68	
6	11	38	-16.69	-42.39	-46.23	15.74	16.91	69	
6	11	43	25.82	0.62	18.15	22.55	-10.71	70	
6	15	3	20.06	41.00	3.12	-37.00	-38.61	71	
6	15	8	-25.79	-76.80	13.08	-3.20	13.52	72	
6	15	13	16.33	51.99	-1.35	37.62	53.41	73	
6	15	18	8.14	13.16	3.46	-10.06	-5.86	74	
6	15	23	-12.30	-25.97	4.17	1.68	4.33	75	
6	15	28	1.01	-3.75	8.02	-14.46	7.24	76	
6	15	33	17.90	36.67	15.38	-3.16	23.41	77	
6	15	38	17.05	11.01	20.87	5.99	32.57	78	
6	15	43	15.62	14.58	-1.29	19.93	10.41	79	
6	19	3	-30.18	-82.25	6.86	-7.63	-37.28	80	
6	19	8	20.64	47.47	-1.06	41.19	50.11	81	
6	19	13	7.78	3.95	3.90	-7.35	-1.65	82	
6	19	18	-8.62	-18.07	0.75	-21.58	-19.64	83	
6	19	23	24.55	27.38	3.15	13.94	9.78	84	
6	19	28	-1.35	21.04	19.74	28.50	-39.58	85	
6	19	33	-9.70	-26.91	8.60	10.32	-5.99	86	
6	19	38	6.69	7.91	2.23	5.36	3.84	87	
6	19	43	5.05	4.61	4.69	2.03	-0.40	88	
6	23	3	15.78	47.24	3.28	52.35	80.59	89	
6	23	8	6.87	3.08	8.15	-3.13	-4.26	90	
6	23	13	15.49	13.81	6.09	-22.53	-18.23	91	
6	23	18	2.54	4.03	6.40	28.26	24.56	92	
6	23	23	8.98	2.09	14.01	-3.83	4.15	93	
6	23	28	-5.76	3.47	2.69	4.81	66.50	94	
6	23	33	10.41	22.57	0.59	16.80	17.20	95	
6	23	38	4.34	4.47	4.82	-1.88	-0.30	96	
6	23	43	5.20	5.48	5.32	1.50	0.29	97	
6	27	3	6.78	2.77	2.80	1.36	-0.01	98	
6	27	8	8.09	6.62	2.23	-3.23	-3.92	99	
6	27	13	-11.89	-21.41	6.73	-3.18	0.16	100	
6	27	18	4.75	9.98	-0.34	2.72	2.02	101	
6	27	23	2.32	4.51	3.56	3.60	5.53	102	
6	27	28	5.34	3.83	3.72	2.50	2.10	103	
6	27	33	4.57	4.60	4.87	0.59	2.45	104	
6	27	38	3.74	4.11	4.22	1.05	1.32	105	
6	27	43	4.77	3.33	4.56	-0.52	1.47	106	
6	31	3	2.06	0.82	2.82	-3.11	1.46	107	
6	31	8	6.68	6.84	-2.87	-21.14	-9.35	108	
6	31	13	7.93	10.90	2.42	25.69	5.86	109	
6	31	18	2.35	1.72	5.30	0.77	3.30	110	
6	31	23	-1.55	1.63	0.16	3.48	-0.27	111	
6	31	28	4.88	5.15	4.71	0.62	0.33	112	
6	31	33	3.00	2.42	1.42	-1.23	-1.29	113	
6	31	38	3.42	2.20	3.23	2.06	0.38	114	
6	31	43	13.21	22.52	-0.92	-13.78	-14.53	115	
6	35	3	5.69	2.40	3.02	-1.14	2.72	116	
6	35	8	-32.23	-12.16	6.80	2.09	-29.39	117	
6	35	13	-4.28	-0.71	1.76	1.32	-2.49	118	
6	35	18	7.12	5.60	2.20	4.05	0.68	119	
6	35	23	-0.24	1.03	4.07	-0.12	-0.50	120	
6	35	28	4.32	4.30	2.80	1.38	-1.57	121	
6	35	33	2.73	3.23	3.95	-0.90	-2.85	122	
6	35	38	8.21	13.95	-1.33	-11.33	-10.06	123	
6	35	43	-14.13	-31.05	11.97	-23.95	-46.66	124	
6	39	3	11.44	1.46	3.57	-3.30	-3.60	125	
6	39	8	-39.28	-16.36	-36.39	-6.08	16.56	126	
6	39	13	9.69	7.65	0.11	17.57	12.42	127	
6	39	18	4.81	4.70	3.49	-0.34	1.11	128	
6	39	23	-0.18	3.45	3.66	2.96	2.03	129	
6	39	28	3.64	4.38	3.17	-0.20	1.88	130	
6	39	33	7.95	18.37	1.63	-10.94	-9.40	131	
6	39	38	-5.87	-14.35	9.21	-41.86	-72.98	132	
6	39	43	5.51	13.82	-8.00	55.62	55.87	133	
6	43	3	3.12	7.55	7.04	4.32	-2.43	134	
6	43	8	-4.39	8.42	20.22	-6.38	19.82	135	
6	43	13	5.29	3.62	3.80	-1.79	-2.80	136	
6	43	18	5.66	3.89	4.87	0.08	-3.71	137	
6	43	23	-2.37	2.66	2.37	5.72	-7.61	138	
6	43	28	6.37	29.48	2.46	-12.34	-21.78	139	
6	43	33	-6.00	-19.32	8.03	-61.94	-85.15	140	
6	43	38	3.58	-2.32	-1.60	69.13	75.12	141	
6	43	43	7.75	11.91	5.48	-0.02	-2.86	142	
