143
diam	c	r	EConv0	EConv1	EConv2	OConv0	OConv1
6	3	3	3.70	3.32	3.65	-2.12	0.57	44	
6	3	8	3.21	2.41	2.70	0.40	-2.16	45	
6	3	13	-2.17	1.68	2.52	-14.19	-3.10	46	
6	3	18	6.91	3.93	4.29	4.20	-0.43	47	
6	3	23	4.98	3.36	3.50	-2.67	0.06	48	
6	3	28	3.52	2.71	2.87	-3.98	-2.96	49	
6	3	33	6.42	28.47	3.08	-14.85	-43.60	50	
6	3	38	2.04	-6.02	30.07	30.03	-43.57	51	
6	3	43	3.58	3.89	5.64	-2.88	-0.81	52	
6	7	3	5.36	4.73	5.48	0.25	2.66	53	
6	7	8	3.68	4.25	4.67	-1.83	1.65	54	
6	7	13	-2.37	3.34	0.36	-15.33	-2.74	55	
6	7	18	7.72	5.05	6.31	6.33	-2.36	56	
6	7	23	4.23	3.86	4.30	-1.94	1.38	57	
6	7	28	9.86	27.99	1.25	-38.17	-39.99	58	
6	7	33	-4.45	-25.71	-0.18	-9.80	-16.96	59	
6	7	38	1.86	28.02	-21.42	37.40	-7.64	60	
6	7	43	15.77	-2.96	18.37	19.59	-9.67	61	
6	11	3	5.13	3.94	4.84	0.64	-1.25	62	
6	11	8	4.79	4.54	1.38	-2.50	0.02	63	
6	11	13	-1.04	-0.91	0.30	-18.20	-3.16	64	
6	11	18	11.53	2.14	5.89	12.54	1.38	65	
6	11	23	14.21	27.88	3.07	-23.94	-27.03	66	
6	11	28	-20.23	-23.84	-0.06	-34.82	-38.80	67	
6	11	33	11.54	3.75	-3.95	30.20	30.46	68	
6	11	38	-25.10	-42.27	8.73	4.03	5.17	69	
6	11	43	17.46	19.13	-5.84	19.52	5.42	70	
6	15	3	3.34	3.82	4.05	1.25	-1.29	71	
6	15	8	6.85	4.29	5.19	-3.14	0.82	72	
6	15	13	0.15	3.13	2.85	-13.36	2.86	73	
6	15	18	19.99	21.36	1.18	-3.13	-8.15	74	
6	15	23	-5.60	-14.64	-2.50	-47.58	-48.20	75	
6	15	28	-11.40	-11.74	14.22	37.68	37.85	76	
6	15	33	-1.29	-6.86	2.85	-35.60	-41.80	77	
6	15	38	18.37	25.02	6.96	61.16	38.30	78	
6	15	43	5.23	8.35	10.08	-2.77	-1.36	79	
6	19	3	3.33	4.41	3.61	1.61	1.34	80	
6	19	8	3.71	2.97	4.16	-2.70	-0.27	81	
6	19	13	3.89	9.09	0.52	-22.28	-2.64	82	
6	19	18	7.34	-3.12	3.17	-46.20	-55.71	83	
6	19	23	8.96	-11.34	5.17	-9.32	17.39	84	
6	19	28	15.56	7.89	-8.29	17.55	-10.43	85	
6	19	33	-11.15	-28.03	-0.49	27.70	33.58	86	
6	19	38	-10.91	3.30	-33.93	-9.60	-73.55	87	
6	19	43	3.18	-28.46	9.87	53.69	-24.43	88	
6	23	3	3.83	3.42	2.60	-0.16	0.27	89	
6	23	8	4.26	1.03	3.75	-0.42	2.32	90	
6	23	13	12.52	24.50	6.20	-61.83	-39.52	91	
6	23	18	-8.93	-20.29	2.48	0.70	-5.34	92	
6	23	23	40.28	17.46	11.23	19.24	58.03	93	
6	23	28	-11.97	-18.31	-5.77	5.78	38.07	94	
6	23	33	35.93	38.31	9.97	16.43	35.38	95	
6	23	38	-39.01	-49.16	-19.69	-1.89	36.31	96	
6	23	43	19.22	24.19	-9.32	44.11	28.21	97	
6	27	3	2.93	2.06	2.22	-1.83	-0.29	98	
6	27	8	21.53	18.87	-2.83	-17.05	-6.78	99	
6	27	13	-23.51	-36.28	4.05	-43.93	-25.99	100	
6	27	18	5.71	3.06	3.55	60.15	60.24	101	
6	27	23	12.31	8.15	7.73	-1.26	-0.94	102	
6	27	28	5.26	25.30	18.46	0.83	18.68	103	
6	27	33	8.70	2.33	6.35	-0.39	-0.07	104	
6	27	38	-3.16	25.34	19.04	8.52	37.39	105	
6	27	43	1.81	5.83	4.62	3.14	-1.11	106	
6	31	3	3.01	5.01	3.89	-2.19	-2.00	107	
6	31	8	34.52	27.54	3.63	-64.63	-27.07	108	
6	31	13	-18.51	-20.97	12.47	49.95	30.89	109	
6	31	18	13.88	17.98	-1.05	14.02	12.25	110	
6	31	23	4.12	1.96	-1.02	0.80	-2.40	111	
6	31	28	4.03	4.61	6.30	0.70	3.73	112	
6	31	33	1.78	1.05	0.33	-0.17	1.15	113	
6	31	38	3.90	4.08	2.13	1.23	0.61	114	
6	31	43	3.23	4.80	6.11	1.42	0.09	115	
6	35	3	0.74	0.77	1.65	-0.68	-2.28	116	
6	35	8	-7.68	-4.37	-1.51	-104.71	-32.26	117	
6	35	13	18.10	19.87	-8.70	52.75	31.52	118	
6	35	18	9.11	2.19	6.93	3.78	-9.60	119	
6	35	23	7.01	5.35	3.67	-1.02	-3.59	120	
6	35	28	5.73	4.52	4.03	0.70	-2.73	121	
6	35	33	3.24	3.06	4.16	1.50	-2.93	122	
6	35	38	4.02	2.86	3.75	-1.24	-2.23	123	
6	35	43	2.52	5.11	2.87	3.02	-2.13	124	
6	39	3	2.72	3.04	2.50	3.74	2.61	125	
6	39	8	-35.52	-34.40	4.26	-44.84	63.79	126	
6	39	13	13.00	15.00	2.93	4.36	14.45	127	
6	39	18	4.10	5.19	2.00	4.03	3.69	128	
6	39	23	5.03	3.72	5.66	-1.38	-0.17	129	
6	39	28	4.55	3.59	4.68	0.97	2.69	130	
6	39	33	3.82	5.39	1.67	-0.71	4.17	131	
6	39	38	3.44	2.99	3.72	1.30	3.52	132	
6	39	43	2.92	4.48	2.38	-0.80	3.02	133	
6	43	3	2.10	2.32	2.81	-2.12	0.48	134	
6	43	8	3.34	7.07	9.27	-3.50	3.49	135	
6	43	13	3.49	8.03	1.76	-6.99	-4.76	136	
6	43	18	8.82	3.88	8.78	5.52	2.95	137	
6	43	23	2.91	3.67	2.26	-1.48	3.66	138	
6	43	28	3.13	3.38	1.98	0.14	-0.52	139	
6	43	33	4.89	2.13	4.48	-0.12	1.92	140	
6	43	38	2.20	3.49	1.49	-0.58	1.16	141	
6	43	43	4.24	3.47	4.19	-1.49	1.34	142	
