143
diam	c	r	EConv0	EConv1	EConv2	OConv0	OConv1
6	3	3	3.53	2.29	2.42	1.26	0.98	44	
6	3	8	1.56	3.16	3.32	3.43	3.43	45	
6	3	13	3.96	5.24	4.01	1.17	0.63	46	
6	3	18	4.56	4.83	5.31	-3.85	-1.52	47	
6	3	23	4.65	-0.73	6.76	1.13	8.84	48	
6	3	28	14.63	44.75	-2.44	-18.04	-20.00	49	
6	3	33	-7.54	-30.65	-0.70	-43.52	-99.65	50	
6	3	38	-9.34	-32.76	-46.91	14.65	-53.34	51	
6	3	43	21.23	-6.28	42.77	44.52	-45.81	52	
6	7	3	4.39	4.78	7.57	2.93	1.17	53	
6	7	8	3.37	5.43	1.35	-1.30	1.66	54	
6	7	13	4.28	1.86	3.21	2.48	1.83	55	
6	7	18	4.66	5.34	6.53	1.82	9.66	56	
6	7	23	8.51	49.83	5.74	-30.80	-76.50	57	
6	7	28	-12.45	-73.88	-4.28	-21.43	-46.33	58	
6	7	33	12.50	8.43	10.80	41.70	106.23	59	
6	7	38	27.33	19.20	20.93	-39.94	91.28	60	
6	7	43	-21.95	-6.96	-10.99	96.33	-16.58	61	
6	11	3	3.75	4.42	3.45	5.01	-0.93	62	
6	11	8	3.76	2.15	5.19	0.01	1.87	63	
6	11	13	1.75	-0.45	1.79	5.98	-0.40	64	
6	11	18	15.13	29.29	2.78	-71.79	-73.70	65	
6	11	23	-20.52	-68.40	-10.00	28.81	42.31	66	
6	11	28	11.02	66.12	14.81	30.60	76.53	67	
6	11	33	2.68	12.49	27.51	4.49	-27.53	68	
6	11	38	25.61	12.71	7.84	1.44	-6.96	69	
6	11	43	-51.49	-14.83	-12.52	73.60	13.69	70	
6	15	3	2.75	2.35	1.38	3.23	-0.37	71	
6	15	8	2.35	-2.41	4.39	5.75	3.83	72	
6	15	13	23.08	46.07	-5.82	-60.03	-56.09	73	
6	15	18	-16.79	-63.44	11.59	48.87	57.55	74	
6	15	23	3.71	43.22	8.92	17.63	23.61	75	
6	15	28	1.83	5.96	-11.52	-84.05	-51.80	76	
6	15	33	2.03	-26.89	-37.39	72.03	28.55	77	
6	15	38	30.26	40.70	6.17	-63.05	-41.64	78	
6	15	43	21.65	20.73	4.39	77.39	31.69	79	
6	19	3	0.99	8.17	3.94	-0.56	-0.63	80	
6	19	8	13.36	11.77	-2.66	0.43	-3.22	81	
6	19	13	-50.64	-78.21	4.16	-15.89	10.02	82	
6	19	18	24.01	43.34	2.34	18.30	17.95	83	
6	19	23	12.59	10.64	3.72	1.74	-7.70	84	
6	19	28	-58.71	-25.03	-8.12	-25.90	-34.27	85	
6	19	33	38.33	60.89	28.88	-21.09	-79.37	86	
6	19	38	-26.99	-86.75	-3.28	8.61	7.22	87	
6	19	43	23.69	31.20	0.62	4.58	14.61	88	
6	23	3	2.84	0.22	3.55	0.26	7.29	89	
6	23	8	0.95	-1.59	-1.96	-49.13	-61.08	90	
6	23	13	17.20	38.02	-1.37	53.16	44.93	91	
6	23	18	0.66	0.18	5.50	1.70	-6.52	92	
6	23	23	8.45	0.46	9.02	-0.12	5.64	93	
6	23	28	-31.67	-38.85	-19.08	-18.96	75.14	94	
6	23	33	-8.79	-27.95	-10.52	38.41	84.49	95	
6	23	38	11.76	54.28	12.51	15.21	27.43	96	
6	23	43	2.46	-3.46	3.25	-4.03	-1.70	97	
6	27	3	10.96	12.27	7.44	-4.47	-12.40	98	
6	27	8	-43.13	-34.18	13.02	29.02	32.54	99	
6	27	13	13.04	14.02	2.05	-4.34	-6.16	100	
6	27	18	0.71	1.93	2.61	14.71	0.45	101	
6	27	23	-0.80	5.43	-1.50	0.76	-3.16	102	
6	27	28	0.74	16.74	13.30	-2.30	8.27	103	
6	27	33	4.31	7.84	3.60	2.62	-7.87	104	
6	27	38	3.35	2.26	4.47	1.14	0.52	105	
6	27	43	6.29	5.83	7.16	-0.99	-0.36	106	
6	31	3	35.97	20.16	-9.42	-39.06	-9.09	107	
6	31	8	31.62	15.54	13.29	70.59	24.81	108	
6	31	13	7.67	5.72	2.63	-26.98	-11.38	109	
6	31	18	15.46	11.92	3.54	13.58	6.19	110	
6	31	23	4.92	4.93	6.41	-1.56	-0.42	111	
6	31	28	4.70	2.34	6.56	-0.76	-1.60	112	
6	31	33	2.67	4.13	1.95	0.75	2.18	113	
6	31	38	4.69	2.30	4.29	-1.10	0.24	114	
6	31	43	3.58	3.97	3.76	1.24	-0.60	115	
6	35	3	44.91	5.10	18.08	-64.36	11.97	116	
6	35	8	25.08	17.85	-1.31	42.71	-68.86	117	
6	35	13	1.69	-23.40	7.29	21.15	5.26	118	
6	35	18	5.46	0.55	2.90	3.08	7.27	119	
6	35	23	2.34	5.13	9.10	-2.53	-1.27	120	
6	35	28	3.12	2.62	4.31	-0.49	-3.01	121	
6	35	33	4.05	3.06	4.84	0.57	-0.08	122	
6	35	38	3.27	3.67	3.77	3.30	0.35	123	
6	35	43	2.57	2.36	2.18	-1.63	2.36	124	
6	39	3	15.22	5.63	24.07	-1.56	1.86	125	
6	39	8	-12.53	17.56	11.99	4.22	70.75	126	
6	39	13	7.05	9.88	0.86	11.27	14.10	127	
6	39	18	-3.58	19.60	-7.96	-54.60	-83.39	128	
6	39	23	24.96	-18.66	1.72	60.98	-5.40	129	
6	39	28	3.83	1.85	5.15	2.37	1.40	130	
6	39	33	2.59	3.26	3.57	1.44	0.17	131	
6	39	38	5.34	2.60	-1.99	2.41	8.22	132	
6	39	43	-19.21	13.85	13.66	-8.35	-67.36	133	
6	43	3	3.90	5.68	6.35	4.25	3.25	134	
6	43	8	0.49	4.82	1.20	1.75	0.80	135	
6	43	13	20.32	54.65	7.74	-52.77	-79.12	136	
6	43	18	-23.28	-57.87	25.06	45.04	58.22	137	
6	43	23	17.50	36.19	-4.88	7.32	14.16	138	
6	43	28	4.09	-0.26	5.16	5.51	0.39	139	
6	43	33	-1.43	20.35	5.95	2.27	-2.82	140	
6	43	38	3.84	15.44	-0.41	-60.38	-89.27	141	
6	43	43	-34.26	-48.02	-17.22	58.05	34.11	142	
