143
diam	c	r	EConv0	EConv1	EConv2	OConv0	OConv1
6	3	3	3.10	4.41	4.41	-1.02	-0.89	44	
6	3	8	2.01	1.64	3.60	-2.32	0.06	45	
6	3	13	19.86	28.40	1.53	-15.84	-14.08	46	
6	3	18	-27.82	-34.90	7.21	-34.87	-16.49	47	
6	3	23	4.68	6.31	3.00	57.44	65.84	48	
6	3	28	5.27	10.58	-0.88	4.03	2.62	49	
6	3	33	0.38	-0.14	-1.19	2.41	1.83	50	
6	3	38	2.89	1.63	3.39	-2.18	-0.11	51	
6	3	43	1.07	3.71	4.66	4.11	-0.30	52	
6	7	3	2.94	2.31	2.42	-0.99	1.94	53	
6	7	8	3.21	5.81	-1.07	-3.14	-1.44	54	
6	7	13	0.47	0.33	-3.36	-63.73	-50.73	55	
6	7	18	-8.04	-18.37	7.57	58.93	54.85	56	
6	7	23	10.89	21.18	0.05	10.69	6.41	57	
6	7	28	3.24	4.54	3.88	2.53	-0.48	58	
6	7	33	-1.12	21.83	12.60	-0.75	-33.52	59	
6	7	38	-0.38	12.47	29.28	0.59	-29.94	60	
6	7	43	1.01	2.69	0.10	-1.16	-0.43	61	
6	11	3	3.40	2.85	3.04	-2.05	-0.04	62	
6	11	8	18.52	6.93	6.76	-14.19	2.24	63	
6	11	13	-27.45	-36.93	-3.79	-14.03	39.71	64	
6	11	18	22.34	31.85	0.55	30.39	21.58	65	
6	11	23	3.41	2.86	2.50	0.84	-0.31	66	
6	11	28	12.20	34.05	0.46	-25.21	-26.79	67	
6	11	33	-19.21	-25.26	-17.44	-32.65	-53.46	68	
6	11	38	-17.31	-18.28	-39.09	28.35	-49.60	69	
6	11	43	21.00	0.46	22.19	16.94	-7.46	70	
6	15	3	3.06	2.42	3.33	-0.13	-0.58	71	
6	15	8	6.05	3.58	8.46	-1.33	-1.27	72	
6	15	13	-1.14	18.47	11.76	-0.45	26.32	73	
6	15	18	1.25	0.88	2.00	0.09	1.96	74	
6	15	23	15.87	26.43	2.94	-12.37	-9.13	75	
6	15	28	-9.71	-26.44	2.03	-47.17	-55.82	76	
6	15	33	-2.70	-24.99	28.37	58.20	52.47	77	
6	15	38	20.84	38.34	-5.01	-72.72	54.19	78	
6	15	43	46.80	-2.77	26.95	78.65	-10.69	79	
6	19	3	3.05	3.49	3.01	1.71	-0.21	80	
6	19	8	2.35	2.50	3.28	-1.32	0.86	81	
6	19	13	5.30	3.65	1.76	-2.25	0.53	82	
6	19	18	2.37	3.54	0.89	0.38	-1.18	83	
6	19	23	5.02	5.50	-2.18	-73.89	-51.61	84	
6	19	28	16.23	4.03	-10.24	-13.92	22.31	85	
6	19	33	28.76	12.62	5.83	99.59	15.96	86	
6	19	38	31.43	13.34	11.29	-99.55	-3.85	87	
6	19	43	41.23	11.83	3.55	98.11	2.80	88	
6	23	3	2.89	3.46	2.86	-1.15	-1.42	89	
6	23	8	2.55	1.64	3.73	-1.27	-0.55	90	
6	23	13	3.28	2.78	3.86	-1.30	-0.39	91	
6	23	18	20.08	32.73	0.21	-30.44	-24.86	92	
6	23	23	-36.16	-54.26	12.72	11.15	12.72	93	
6	23	28	28.13	32.70	0.78	-86.17	22.20	94	
6	23	33	45.94	13.81	15.67	92.11	-2.88	95	
6	23	38	12.34	3.35	9.52	-100.19	-11.35	96	
6	23	43	44.91	21.64	2.72	67.85	7.30	97	
6	27	3	3.10	3.03	3.28	-1.09	0.78	98	
6	27	8	2.09	2.20	2.87	1.34	1.50	99	
6	27	13	10.28	19.45	5.64	-4.16	-4.93	100	
6	27	18	-9.06	-24.72	6.95	-49.00	-28.47	101	
6	27	23	10.19	22.10	-0.75	62.54	44.25	102	
6	27	28	27.94	0.64	15.01	-96.01	21.77	103	
6	27	33	29.61	34.38	5.31	77.96	-53.80	104	
6	27	38	-24.42	-38.62	20.24	-41.98	-28.66	105	
6	27	43	36.88	19.99	3.27	33.79	9.95	106	
6	31	3	3.45	3.03	4.37	-0.20	0.11	107	
6	31	8	4.15	6.19	3.83	2.36	-0.11	108	
6	31	13	6.75	13.12	-1.94	-56.18	-47.15	109	
6	31	18	-5.40	-25.27	4.35	49.14	34.37	110	
6	31	23	9.77	15.98	0.41	9.61	5.66	111	
6	31	28	20.66	-6.24	26.83	-28.51	17.67	112	
6	31	33	-12.80	-12.89	-45.85	-21.54	38.56	113	
6	31	38	-12.23	-15.78	-10.12	64.11	47.19	114	
6	31	43	12.37	11.22	3.40	-2.17	-1.40	115	
6	35	3	2.38	2.36	3.01	1.71	-0.30	116	
6	35	8	20.01	22.95	-0.29	-20.05	-8.59	117	
6	35	13	-35.12	-46.59	6.01	-1.68	2.56	118	
6	35	18	16.78	28.57	1.69	24.45	21.82	119	
6	35	23	0.62	1.32	2.60	-0.01	-1.38	120	
6	35	28	0.60	4.18	4.06	2.13	-4.99	121	
6	35	33	2.22	14.72	31.53	-7.78	35.74	122	
6	35	38	4.89	25.60	4.97	6.97	19.05	123	
6	35	43	1.66	0.35	2.31	2.02	-1.11	124	
6	39	3	0.57	2.42	2.33	2.66	-0.25	125	
6	39	8	25.55	-3.47	14.39	-41.66	10.47	126	
6	39	13	0.07	17.02	-1.14	42.89	48.05	127	
6	39	18	2.89	4.58	3.69	-2.52	-0.25	128	
6	39	23	4.58	3.38	2.43	0.18	1.96	129	
6	39	28	3.75	3.73	3.96	0.46	2.24	130	
6	39	33	0.46	-0.92	-2.58	-1.15	-1.32	131	
6	39	38	4.66	3.98	6.32	-1.12	2.19	132	
6	39	43	3.34	5.84	2.99	-0.14	-0.59	133	
6	43	3	0.48	2.86	2.00	0.54	0.08	134	
6	43	8	2.96	1.52	8.02	-1.86	1.08	135	
6	43	13	-0.12	8.91	2.69	2.21	3.91	136	
6	43	18	2.04	3.22	3.64	-1.39	1.54	137	
6	43	23	2.37	2.24	2.22	0.19	-1.00	138	
6	43	28	3.19	3.02	3.10	-0.17	0.08	139	
6	43	33	4.63	3.15	3.54	-0.63	0.29	140	
6	43	38	5.07	4.41	2.49	1.07	-0.10	141	
6	43	43	2.65	3.15	3.50	-1.34	0.10	142	
