143
diam	c	r	EConv0	EConv1	EConv2	OConv0	OConv1
6	3	3	5.14	2.72	4.41	5.38	-1.24	44	
6	3	8	3.90	4.07	3.25	0.00	-0.04	45	
6	3	13	50.79	13.53	15.40	-74.65	-1.80	46	
6	3	18	-3.29	-15.47	2.85	0.99	1.76	47	
6	3	23	4.68	14.53	-10.14	60.46	71.10	48	
6	3	28	5.52	48.80	18.39	-13.54	-41.81	49	
6	3	33	-2.29	38.56	14.99	-24.59	-100.02	50	
6	3	38	-11.17	-54.05	19.89	-45.83	-63.08	51	
6	3	43	30.92	23.06	9.96	25.37	6.71	52	
6	7	3	6.64	5.07	3.61	6.69	0.61	53	
6	7	8	3.94	4.20	2.44	-1.95	-2.12	54	
6	7	13	23.66	-16.41	32.04	-37.03	18.58	55	
6	7	18	-4.20	31.82	-2.63	32.58	82.56	56	
6	7	23	7.77	38.01	-3.30	-63.13	-93.49	57	
6	7	28	-5.97	-50.76	-10.26	-11.86	-24.11	58	
6	7	33	-2.43	0.49	1.25	0.58	10.98	59	
6	7	38	4.30	10.74	5.82	1.48	2.59	60	
6	7	43	37.77	-4.44	29.52	52.67	-21.25	61	
6	11	3	5.60	3.64	4.02	3.84	0.82	62	
6	11	8	3.78	3.01	3.83	-1.01	1.36	63	
6	11	13	1.18	5.12	0.53	1.51	-1.23	64	
6	11	18	13.82	30.76	-0.66	-66.63	-86.72	65	
6	11	23	-12.02	-53.51	0.59	8.96	20.98	66	
6	11	28	22.27	13.44	-27.29	2.43	66.54	67	
6	11	33	-9.44	-42.47	21.58	40.98	47.38	68	
6	11	38	-4.29	9.30	-47.79	-38.92	62.07	69	
6	11	43	46.17	12.25	6.45	92.93	7.21	70	
6	15	3	4.89	4.65	4.16	2.32	-0.68	71	
6	15	8	3.04	4.30	2.02	-2.83	-1.43	72	
6	15	13	16.08	41.17	-11.14	-66.40	-63.77	73	
6	15	18	-26.74	-64.11	17.05	33.91	33.89	74	
6	15	23	10.65	59.71	8.27	31.90	59.32	75	
6	15	28	-11.01	-2.96	6.44	-92.21	-37.33	76	
6	15	33	37.82	21.77	9.36	89.78	24.31	77	
6	15	38	52.50	31.46	30.39	-65.13	2.78	78	
6	15	43	50.31	24.94	2.15	61.28	15.82	79	
6	19	3	3.75	3.11	3.13	2.54	-2.76	80	
6	19	8	17.89	35.06	-1.99	-27.00	-26.54	81	
6	19	13	-35.53	-66.43	18.74	6.07	-0.20	82	
6	19	18	19.46	66.35	10.39	29.01	37.94	83	
6	19	23	10.21	13.98	3.62	-8.32	-11.48	84	
6	19	28	-28.00	-27.86	2.64	-23.67	-14.30	85	
6	19	33	42.63	67.83	20.96	40.30	-61.70	86	
6	19	38	-39.54	-64.39	29.47	-12.12	-58.99	87	
6	19	43	10.80	26.19	5.19	3.94	-10.53	88	
6	23	3	15.96	1.78	1.27	6.34	-3.14	89	
6	23	8	-17.59	-39.00	4.08	-55.98	-45.12	90	
6	23	13	10.10	18.26	-24.38	30.55	62.41	91	
6	23	18	-1.39	-32.58	-26.59	-1.58	14.48	92	
6	23	23	33.50	-18.51	-17.55	-20.16	1.00	93	
6	23	28	-0.97	2.08	-11.26	-1.55	-5.24	94	
6	23	33	-11.06	-45.34	-5.56	5.48	7.85	95	
6	23	38	-0.44	2.36	-44.45	35.74	84.27	96	
6	23	43	5.04	-31.93	-27.16	-8.17	20.06	97	
6	27	3	39.11	39.14	-0.56	-42.05	-22.39	98	
6	27	8	-23.82	-30.16	9.41	72.10	40.81	99	
6	27	13	3.60	4.32	2.44	2.48	0.01	100	
6	27	18	6.98	7.31	8.25	-2.33	-0.98	101	
6	27	23	7.28	8.30	14.99	-2.74	7.98	102	
6	27	28	-2.66	16.22	50.90	-24.51	94.89	103	
6	27	33	1.15	59.42	7.49	30.45	77.51	104	
6	27	38	4.76	26.85	5.79	-4.02	-17.51	105	
6	27	43	3.17	3.26	11.81	1.43	-2.28	106	
6	31	3	-0.05	-4.14	5.80	-84.83	-36.35	107	
6	31	8	29.65	38.91	3.38	34.50	24.20	108	
6	31	13	3.51	4.21	3.62	1.21	0.92	109	
6	31	18	3.60	4.66	3.92	-1.35	-0.70	110	
6	31	23	4.20	3.43	4.12	-1.26	0.25	111	
6	31	28	3.53	0.45	0.14	0.20	-1.95	112	
6	31	33	4.49	1.43	2.53	-1.75	-1.21	113	
6	31	38	-4.87	-3.35	-18.11	-91.13	-33.11	114	
6	31	43	28.76	10.11	4.20	22.13	1.67	115	
6	35	3	-71.42	-33.82	-1.68	-25.25	-11.63	116	
6	35	8	5.19	9.00	5.80	3.19	-1.01	117	
6	35	13	2.85	2.24	4.12	0.58	-0.05	118	
6	35	18	3.26	2.04	3.10	0.47	2.46	119	
6	35	23	5.48	5.28	3.99	-1.04	1.46	120	
6	35	28	4.45	2.86	2.55	0.41	0.97	121	
6	35	33	4.42	1.91	3.69	-2.08	1.60	122	
6	35	38	-15.48	-14.95	30.52	-23.65	54.37	123	
6	35	43	6.95	6.18	3.27	3.05	2.30	124	
6	39	3	-35.51	-1.44	-13.38	-10.29	-7.10	125	
6	39	8	30.72	0.00	15.94	29.92	-4.46	126	
6	39	13	2.59	3.73	4.09	1.04	0.79	127	
6	39	18	4.53	8.61	6.07	-1.25	-1.83	128	
6	39	23	2.74	5.40	18.07	3.03	-8.39	129	
6	39	28	5.92	6.12	3.95	0.39	-0.65	130	
6	39	33	3.04	2.41	4.09	-0.04	-1.54	131	
6	39	38	5.63	5.00	2.06	0.66	-1.51	132	
6	39	43	3.96	3.12	3.87	0.68	-1.77	133	
6	43	3	-42.77	-33.32	-7.47	19.04	84.48	134	
6	43	8	11.13	14.92	0.69	6.52	5.56	135	
6	43	13	2.04	0.64	4.08	3.88	-1.10	136	
6	43	18	13.77	29.18	-3.66	-57.72	-49.39	137	
6	43	23	21.67	-13.37	-12.33	74.61	1.63	138	
6	43	28	8.10	16.09	2.75	-6.81	-10.65	139	
6	43	33	8.10	-1.59	23.14	13.77	-15.28	140	
6	43	38	4.28	3.23	4.47	-0.99	-0.11	141	
6	43	43	2.60	4.20	3.33	0.70	-0.11	142	
