143
diam	c	r	EConv0	EConv1	EConv2	OConv0	OConv1
6	3	3	2.79	1.74	5.00	0.26	-1.02	44	
6	3	8	3.32	12.16	7.21	-5.03	-3.55	45	
6	3	13	3.99	24.36	6.85	-11.28	-38.17	46	
6	3	18	-5.14	-24.14	0.33	-10.88	-29.17	47	
6	3	23	0.01	-15.43	4.19	15.88	28.75	48	
6	3	28	6.91	24.99	8.38	11.94	27.85	49	
6	3	33	3.77	7.38	6.85	-3.92	2.82	50	
6	3	38	4.74	10.59	6.31	2.19	-1.56	51	
6	3	43	3.39	10.32	13.35	1.64	-3.98	52	
6	7	3	9.27	15.51	3.44	-4.42	-10.52	53	
6	7	8	-1.01	-17.15	2.11	-20.90	-28.42	54	
6	7	13	0.06	-7.48	1.05	2.61	10.05	55	
6	7	18	-1.43	-10.17	1.37	18.21	29.47	56	
6	7	23	7.77	16.37	1.42	7.39	9.50	57	
6	7	28	3.12	13.73	7.81	-3.08	-8.30	58	
6	7	33	2.40	26.60	15.82	-10.01	-29.58	59	
6	7	38	-2.24	-20.62	-4.89	-31.72	-46.16	60	
6	7	43	-14.61	-31.79	-2.88	61.40	-31.68	61	
6	11	3	-5.89	-15.53	0.65	-16.11	-24.06	62	
6	11	8	5.86	-7.57	-0.96	6.08	17.56	63	
6	11	13	4.15	10.43	1.69	21.27	29.21	64	
6	11	18	5.27	16.82	5.46	-2.36	2.02	65	
6	11	23	5.71	16.47	1.34	-28.30	-49.32	66	
6	11	28	1.30	-29.46	-9.31	-7.77	-24.20	67	
6	11	33	0.19	-11.51	-7.05	-1.09	5.79	68	
6	11	38	4.41	4.17	2.87	-0.97	2.20	69	
6	11	43	-22.75	-4.74	-1.81	67.70	10.51	70	
6	15	3	7.91	2.74	5.01	22.85	37.50	71	
6	15	8	7.92	22.01	10.16	4.52	12.29	72	
6	15	13	1.49	5.70	1.36	-4.92	-0.82	73	
6	15	18	-0.03	0.66	-0.27	-31.78	-40.56	74	
6	15	23	2.12	1.10	3.93	1.14	8.52	75	
6	15	28	0.48	-3.27	-1.57	2.84	5.52	76	
6	15	33	-2.90	-27.26	-11.05	6.16	29.03	77	
6	15	38	20.85	26.18	7.80	11.64	42.59	78	
6	15	43	3.87	11.20	-6.98	58.65	22.71	79	
6	19	3	4.97	5.26	4.50	-1.61	3.58	80	
6	19	8	4.53	4.03	3.72	0.68	-2.49	81	
6	19	13	16.44	16.67	-2.23	-37.80	-24.06	82	
6	19	18	1.07	-3.16	1.58	5.53	6.51	83	
6	19	23	3.33	3.36	2.15	-2.22	2.17	84	
6	19	28	3.76	5.66	8.11	37.31	23.73	85	
6	19	33	2.57	13.10	5.10	3.09	5.41	86	
6	19	38	6.50	-3.75	9.95	-15.25	-7.67	87	
6	19	43	8.91	17.57	-1.45	14.54	10.77	88	
6	23	3	4.19	3.45	4.14	-2.52	-0.13	89	
6	23	8	6.86	9.29	2.46	-6.13	-2.36	90	
6	23	13	-10.02	-13.06	11.02	-30.33	-14.82	91	
6	23	18	1.25	-17.48	4.57	19.52	14.66	92	
6	23	23	-3.06	11.31	-9.28	-18.91	8.22	93	
6	23	28	15.59	23.49	16.51	11.61	-9.75	94	
6	23	33	-0.87	7.34	7.17	-9.94	-28.58	95	
6	23	38	5.18	0.80	1.79	13.08	7.62	96	
6	23	43	4.69	2.23	1.75	0.49	0.46	97	
6	27	3	2.97	3.44	3.42	-0.60	-0.55	98	
6	27	8	20.08	25.33	-1.95	-36.93	-18.58	99	
6	27	13	-4.02	-25.71	11.63	30.42	22.24	100	
6	27	18	10.26	26.88	10.21	6.96	18.74	101	
6	27	23	10.61	-10.75	8.74	-44.78	30.05	102	
6	27	28	-0.47	-30.30	-33.30	27.63	20.26	103	
6	27	33	0.34	12.09	6.72	12.14	33.66	104	
6	27	38	6.23	6.39	3.98	0.63	3.90	105	
6	27	43	3.48	4.10	4.18	1.61	-0.01	106	
6	31	3	6.60	3.86	4.33	-2.37	0.28	107	
6	31	8	-14.87	-30.00	2.89	-61.97	-16.14	108	
6	31	13	22.98	25.18	-1.09	34.76	18.39	109	
6	31	18	3.47	3.58	2.37	2.42	-0.46	110	
6	31	23	1.88	4.49	4.06	2.22	-0.53	111	
6	31	28	0.08	7.62	8.25	-3.34	3.10	112	
6	31	33	5.37	5.80	2.89	-1.42	0.70	113	
6	31	38	-0.79	24.63	-16.21	-37.97	-47.52	114	
6	31	43	16.29	-4.69	10.31	16.85	-3.90	115	
6	35	3	17.73	13.11	2.56	-11.94	-7.22	116	
6	35	8	-14.15	-17.58	9.40	39.63	14.81	117	
6	35	13	5.59	4.14	2.55	1.90	3.80	118	
6	35	18	4.00	3.93	2.41	0.81	1.04	119	
6	35	23	4.42	4.70	5.14	-0.49	0.24	120	
6	35	28	5.62	5.63	5.45	1.59	0.09	121	
6	35	33	3.95	3.71	3.55	-2.75	-0.26	122	
6	35	38	-37.66	-32.70	-9.91	-33.90	28.29	123	
6	35	43	10.02	11.75	1.60	7.37	5.38	124	
6	39	3	34.79	18.73	3.11	-44.88	-9.88	125	
6	39	8	25.46	21.49	1.95	41.43	15.96	126	
6	39	13	4.99	6.44	3.06	2.69	-1.56	127	
6	39	18	5.61	3.96	5.32	-0.38	0.27	128	
6	39	23	3.94	1.92	4.36	2.23	-1.07	129	
6	39	28	1.89	2.85	2.54	-0.76	-1.14	130	
6	39	33	3.59	2.51	3.41	-2.06	-1.49	131	
6	39	38	2.58	9.41	12.61	-0.67	5.16	132	
6	39	43	4.12	4.32	3.08	0.45	-2.87	133	
6	43	3	20.11	-4.00	8.42	-41.34	-20.96	134	
6	43	8	10.02	-17.52	-9.36	47.37	-30.23	135	
6	43	13	2.86	-0.42	-1.53	1.13	-11.95	136	
6	43	18	5.61	7.16	1.20	-4.43	-25.38	137	
6	43	23	7.51	7.23	-0.50	0.53	-31.73	138	
6	43	28	7.74	4.45	-2.11	0.87	-32.14	139	
6	43	33	3.89	1.64	1.46	0.50	-33.08	140	
6	43	38	0.53	-1.00	0.54	0.74	-25.08	141	
6	43	43	2.56	2.15	4.33	-2.12	-28.88	142	
