143
diam	c	r	EConv0	EConv1	EConv2	OConv0	OConv1
6	3	3	4.16	3.33	3.90	0.91	-0.49	44	
6	3	8	3.05	2.08	3.63	0.99	1.24	45	
6	3	13	0.89	-6.62	32.33	-26.80	54.04	46	
6	3	18	8.62	40.95	-3.53	21.96	39.63	47	
6	3	23	3.62	0.18	5.36	-4.63	-5.14	48	
6	3	28	28.20	10.48	2.60	-33.78	-4.05	49	
6	3	33	10.84	23.46	-6.85	49.47	37.75	50	
6	3	38	2.01	15.81	23.66	-3.35	-16.20	51	
6	3	43	4.48	2.00	5.00	2.64	-2.49	52	
6	7	3	4.19	2.89	2.88	0.76	0.24	53	
6	7	8	5.01	3.45	3.67	-0.01	-0.74	54	
6	7	13	3.49	3.53	-1.87	2.25	-2.35	55	
6	7	18	1.15	1.86	-0.43	-0.48	-4.32	56	
6	7	23	3.20	3.03	4.00	-3.98	-1.64	57	
6	7	28	12.63	29.58	14.86	-11.82	-12.08	58	
6	7	33	-5.82	-28.13	-9.58	-45.14	-72.96	59	
6	7	38	-12.96	-21.20	-36.56	19.77	-49.36	60	
6	7	43	22.22	-2.80	24.23	23.47	-9.93	61	
6	11	3	5.35	4.07	3.86	0.15	-0.67	62	
6	11	8	2.93	3.69	2.71	1.73	-0.83	63	
6	11	13	4.84	4.42	3.36	-2.03	-0.26	64	
6	11	18	1.00	0.11	2.55	-0.42	-0.95	65	
6	11	23	12.13	37.23	4.96	-14.51	-20.39	66	
6	11	28	-12.68	-36.09	8.95	-42.51	-55.11	67	
6	11	33	2.18	-8.67	2.04	5.21	7.97	68	
6	11	38	14.68	-23.09	-26.43	-4.42	78.69	69	
6	11	43	40.33	2.40	12.14	79.28	-9.40	70	
6	15	3	5.35	4.52	3.91	-0.11	1.71	71	
6	15	8	2.44	2.89	2.63	-0.19	-0.27	72	
6	15	13	3.81	2.15	3.83	-0.61	-1.28	73	
6	15	18	8.28	14.29	3.21	-4.40	-7.15	74	
6	15	23	-12.23	-23.60	0.96	-57.80	-44.54	75	
6	15	28	-2.74	-18.92	-3.06	6.96	14.02	76	
6	15	33	6.17	16.59	-2.03	52.64	59.64	77	
6	15	38	-12.89	25.90	23.12	-17.77	-69.06	78	
6	15	43	8.36	26.14	-9.94	26.58	19.04	79	
6	19	3	4.90	3.31	3.96	0.63	-1.88	80	
6	19	8	0.81	2.58	1.82	-1.87	0.38	81	
6	19	13	6.72	4.78	5.79	-0.78	0.39	82	
6	19	18	10.17	21.90	1.10	-61.86	-53.31	83	
6	19	23	-10.93	-22.00	9.26	13.27	10.01	84	
6	19	28	13.19	41.44	14.85	36.49	56.50	85	
6	19	33	21.48	42.23	-2.01	-45.20	-36.28	86	
6	19	38	-56.97	-53.87	-2.75	39.64	11.71	87	
6	19	43	5.48	5.16	2.61	0.63	2.86	88	
6	23	3	6.27	4.03	4.08	0.60	1.61	89	
6	23	8	1.91	2.78	2.35	-3.74	-0.84	90	
6	23	13	19.77	38.75	3.25	-31.51	-34.06	91	
6	23	18	-21.13	-28.22	1.53	-12.85	-8.56	92	
6	23	23	6.13	11.30	8.11	67.12	39.19	93	
6	23	28	14.17	43.78	13.28	-16.67	-38.21	94	
6	23	33	-9.60	-35.63	14.22	-44.79	-41.43	95	
6	23	38	14.90	21.06	-6.47	67.74	51.49	96	
6	23	43	2.43	3.26	2.96	2.18	1.45	97	
6	27	3	6.68	5.50	5.33	1.28	-1.94	98	
6	27	8	6.88	14.60	3.61	-8.23	-8.04	99	
6	27	13	-19.57	-33.23	5.99	-45.91	-34.08	100	
6	27	18	-6.00	-16.76	14.91	57.01	42.05	101	
6	27	23	41.18	33.79	-20.71	-76.34	-4.15	102	
6	27	28	2.80	-44.44	-16.66	0.73	-24.72	103	
6	27	33	-21.00	-22.27	2.16	28.30	20.86	104	
6	27	38	15.46	13.80	1.01	9.53	4.43	105	
6	27	43	1.27	2.34	1.64	1.04	-3.75	106	
6	31	3	6.29	4.57	2.93	-3.55	-3.01	107	
6	31	8	18.72	22.47	-5.38	-64.81	-35.89	108	
6	31	13	-13.16	-22.73	7.29	20.74	14.80	109	
6	31	18	19.64	35.31	-2.87	33.36	25.04	110	
6	31	23	29.80	-13.78	34.23	-46.12	22.95	111	
6	31	28	-6.83	-15.33	-39.13	-4.65	34.31	112	
6	31	33	9.05	10.18	-4.90	66.91	47.25	113	
6	31	38	7.60	13.66	-2.81	-5.51	-7.15	114	
6	31	43	8.06	-0.62	16.85	5.55	-7.27	115	
6	35	3	6.94	4.22	5.27	-3.38	0.21	116	
6	35	8	-29.54	-28.93	5.51	-45.58	-17.40	117	
6	35	13	9.75	20.75	-3.69	58.53	53.07	118	
6	35	18	3.51	2.04	2.82	-0.55	2.16	119	
6	35	23	3.98	7.52	4.09	2.82	1.87	120	
6	35	28	-1.78	22.17	33.16	-3.04	28.42	121	
6	35	33	2.83	16.55	5.29	-4.05	3.52	122	
6	35	38	36.82	6.26	14.47	-31.72	2.25	123	
6	35	43	31.31	-1.05	12.74	57.60	-10.77	124	
6	39	3	25.49	13.14	4.74	-12.44	0.06	125	
6	39	8	-35.14	-42.39	-2.10	40.88	28.51	126	
6	39	13	10.83	12.13	2.02	5.05	3.86	127	
6	39	18	6.00	4.55	4.03	-0.23	0.59	128	
6	39	23	4.27	2.42	4.81	1.06	-1.04	129	
6	39	28	4.35	3.44	3.58	1.01	1.55	130	
6	39	33	2.13	2.23	2.91	-0.91	-0.19	131	
6	39	38	10.61	1.83	10.97	-8.16	3.59	132	
6	39	43	10.71	24.97	-10.85	23.76	21.89	133	
6	43	3	10.27	2.54	8.48	-12.69	-2.13	134	
6	43	8	5.32	36.11	5.13	16.43	34.35	135	
6	43	13	2.38	2.87	3.28	1.80	0.42	136	
6	43	18	3.77	3.93	3.64	-0.49	0.46	137	
6	43	23	3.28	4.83	1.17	-0.32	0.35	138	
6	43	28	3.98	3.13	3.95	3.19	-3.86	139	
6	43	33	2.03	3.12	3.16	-0.90	0.07	140	
6	43	38	3.36	2.40	3.76	-2.81	0.55	141	
6	43	43	2.31	-0.91	5.82	-2.07	-4.57	142	
