143
diam	c	r	EConv0	EConv1	EConv2	OConv0	OConv1
6	3	3	3.80	2.80	4.36	-0.45	0.61	44	
6	3	8	4.06	3.55	4.14	1.38	3.86	45	
6	3	13	4.81	3.50	3.13	1.00	1.17	46	
6	3	18	3.97	4.18	3.83	1.51	0.65	47	
6	3	23	0.72	3.01	3.17	-1.95	-3.10	48	
6	3	28	2.03	3.42	5.74	-0.97	-1.82	49	
6	3	33	4.10	3.72	3.28	2.90	1.37	50	
6	3	38	1.73	4.43	3.98	0.21	-0.57	51	
6	3	43	-1.08	12.06	6.61	5.01	9.28	52	
6	7	3	3.13	3.59	3.08	-0.57	-0.76	53	
6	7	8	2.58	1.70	1.60	2.74	0.10	54	
6	7	13	4.57	3.83	3.89	0.26	-0.01	55	
6	7	18	2.76	2.23	2.10	-0.45	-0.94	56	
6	7	23	1.54	0.42	1.64	-0.64	1.79	57	
6	7	28	4.98	3.33	5.73	5.01	13.02	58	
6	7	33	8.49	12.03	9.39	0.60	-0.44	59	
6	7	38	5.48	4.57	1.09	-6.06	1.79	60	
6	7	43	-16.96	-14.15	-9.92	16.59	-5.85	61	
6	11	3	2.30	3.31	2.21	-3.22	0.65	62	
6	11	8	2.42	3.14	1.75	1.07	-0.96	63	
6	11	13	1.50	2.37	2.76	0.57	-1.13	64	
6	11	18	2.11	0.30	1.96	-1.73	1.18	65	
6	11	23	5.64	44.22	1.15	-14.67	-43.89	66	
6	11	28	-0.45	-3.08	-2.62	-15.04	-104.38	67	
6	11	33	-2.16	-11.68	-11.46	7.24	-92.79	68	
6	11	38	0.31	-2.49	38.99	36.66	-69.25	69	
6	11	43	-4.01	8.67	6.10	2.95	1.84	70	
6	15	3	3.15	2.91	3.25	-3.49	-0.83	71	
6	15	8	1.73	2.60	2.90	2.91	-0.52	72	
6	15	13	0.32	-0.08	2.54	3.97	1.79	73	
6	15	18	9.79	45.64	-1.08	-46.08	-60.05	74	
6	15	23	-17.73	-59.33	-0.92	-31.15	-48.58	75	
6	15	28	-2.35	-40.49	-25.27	17.23	54.69	76	
6	15	33	3.79	-21.96	-28.05	-7.70	72.78	77	
6	15	38	-23.89	-2.29	-58.07	16.87	-4.18	78	
6	15	43	12.20	-4.77	6.53	22.53	-0.51	79	
6	19	3	3.46	-0.05	3.27	-0.77	0.39	80	
6	19	8	-0.07	0.25	3.89	2.14	-3.52	81	
6	19	13	21.71	53.08	-3.50	-44.95	-54.22	82	
6	19	18	-19.86	-71.97	2.93	-15.51	-18.79	83	
6	19	23	1.82	10.34	-0.42	64.18	97.53	84	
6	19	28	-0.20	34.45	18.43	-0.19	25.37	85	
6	19	33	-1.46	15.05	21.64	9.23	7.97	86	
6	19	38	23.00	28.25	27.85	-92.83	56.79	87	
6	19	43	31.56	4.37	25.56	53.69	-18.48	88	
6	23	3	5.02	3.12	2.54	0.28	1.39	89	
6	23	8	22.60	49.46	1.00	-25.35	-24.20	90	
6	23	13	-31.60	-77.01	9.63	-28.32	-26.00	91	
6	23	18	10.56	41.20	1.43	61.70	74.51	92	
6	23	23	7.36	7.50	0.63	0.84	-0.51	93	
6	23	28	1.56	1.48	1.98	-2.31	-0.17	94	
6	23	33	15.58	50.98	-5.50	-47.39	-55.10	95	
6	23	38	8.95	-33.45	3.55	-4.57	-81.28	96	
6	23	43	27.77	14.24	-5.87	57.10	23.48	97	
6	27	3	7.29	8.39	0.70	-4.73	-2.08	98	
6	27	8	-28.58	-51.52	0.18	-65.59	-56.99	99	
6	27	13	11.03	31.46	0.42	68.83	76.53	100	
6	27	18	2.12	0.76	3.47	-1.84	0.39	101	
6	27	23	4.06	0.77	1.63	-2.84	-0.78	102	
6	27	28	16.88	13.93	1.66	-11.97	-3.44	103	
6	27	33	-44.14	-85.14	17.63	-18.37	1.44	104	
6	27	38	-21.57	16.49	-46.87	-24.04	42.81	105	
6	27	43	22.64	11.05	9.88	29.24	-12.29	106	
6	31	3	32.42	8.76	4.33	-32.62	-3.20	107	
6	31	8	-14.93	-11.93	0.54	64.07	86.74	108	
6	31	13	7.30	9.84	6.53	-2.10	0.10	109	
6	31	18	3.93	2.52	3.41	1.24	0.61	110	
6	31	23	2.42	2.92	2.88	0.33	-1.58	111	
6	31	28	53.30	24.63	-0.95	-64.55	-9.88	112	
6	31	33	-30.26	32.17	-14.09	95.75	-33.53	113	
6	31	38	-57.71	-63.16	28.04	-46.91	-27.68	114	
6	31	43	8.18	14.55	-1.90	16.06	17.89	115	
6	35	3	5.17	-0.24	11.76	-5.61	4.35	116	
6	35	8	7.12	15.58	-0.19	5.17	2.47	117	
6	35	13	2.35	3.17	3.67	1.85	-1.34	118	
6	35	18	4.77	3.70	2.84	1.09	-0.53	119	
6	35	23	1.34	2.61	2.03	1.38	0.19	120	
6	35	28	46.30	-7.97	32.32	-53.47	16.52	121	
6	35	33	-13.33	-38.94	-38.95	6.60	45.62	122	
6	35	38	18.71	36.94	0.54	54.88	70.02	123	
6	35	43	-6.17	-7.23	-2.02	11.47	-7.68	124	
6	39	3	2.41	2.12	2.40	-2.60	-1.58	125	
6	39	8	4.87	3.25	4.47	1.20	0.34	126	
6	39	13	1.54	3.67	3.47	3.58	0.68	127	
6	39	18	3.68	2.08	2.62	-0.49	-1.53	128	
6	39	23	4.38	3.47	3.81	-0.23	-2.74	129	
6	39	28	2.59	2.41	2.14	0.64	-1.00	130	
6	39	33	-2.59	30.02	22.90	0.47	35.22	131	
6	39	38	6.08	4.27	3.16	-0.08	-1.45	132	
6	39	43	3.14	11.96	5.83	-2.67	4.47	133	
6	43	3	1.84	1.15	2.95	0.76	1.49	134	
6	43	8	-2.32	6.15	-2.71	-10.10	-12.09	135	
6	43	13	2.80	1.36	2.21	2.47	-2.64	136	
6	43	18	3.88	2.31	2.10	-0.20	0.15	137	
6	43	23	5.74	4.21	4.38	1.52	1.55	138	
6	43	28	3.89	3.18	5.00	1.85	2.35	139	
6	43	33	2.21	3.16	2.77	-2.50	-1.30	140	
6	43	38	4.57	3.13	4.24	2.95	-0.73	141	
6	43	43	-9.74	-10.88	-7.34	14.16	-5.91	142	
