143
diam	c	r	EConv0	EConv1	EConv2	OConv0	OConv1
6	3	3	24.78	4.27	14.06	-18.39	2.51	44	
6	3	8	-20.68	-4.39	-38.35	-21.57	9.27	45	
6	3	13	-13.02	-39.73	-3.08	24.21	30.66	46	
6	3	18	19.44	21.03	-16.15	-44.13	48.55	47	
6	3	23	23.18	5.77	-6.34	8.42	-69.29	48	
6	3	28	-12.78	-43.82	2.01	-0.25	-14.42	49	
6	3	33	16.60	20.24	-3.26	48.75	38.68	50	
6	3	38	3.52	2.90	1.35	-0.55	2.51	51	
6	3	43	9.58	2.05	6.10	-7.50	2.31	52	
6	7	3	3.50	2.00	3.70	-3.76	0.79	53	
6	7	8	-8.43	2.44	24.54	-22.10	58.97	54	
6	7	13	3.36	29.82	-0.56	17.02	49.27	55	
6	7	18	25.79	-6.24	34.09	-32.97	23.18	56	
6	7	23	-7.89	-11.18	-13.48	-4.29	73.15	57	
6	7	28	-0.88	10.59	-4.58	49.91	71.68	58	
6	7	33	6.02	15.60	0.76	-1.51	4.81	59	
6	7	38	2.69	-0.58	1.00	0.68	1.29	60	
6	7	43	6.39	5.71	4.07	-0.88	-1.65	61	
6	11	3	3.97	2.76	3.99	-3.48	0.65	62	
6	11	8	1.30	2.86	2.00	1.30	1.41	63	
6	11	13	3.41	-0.23	2.99	-3.37	-5.79	64	
6	11	18	2.30	3.58	-0.29	5.14	-2.22	65	
6	11	23	3.80	14.99	15.50	3.95	17.87	66	
6	11	28	11.76	42.02	8.85	-17.22	-36.54	67	
6	11	33	-9.33	4.57	5.53	-9.55	-72.98	68	
6	11	38	14.59	-1.90	28.98	22.18	-24.32	69	
6	11	43	8.69	3.96	3.91	-6.55	-0.55	70	
6	15	3	1.53	2.21	2.32	-0.47	-0.16	71	
6	15	8	2.83	2.90	2.86	-2.06	-0.81	72	
6	15	13	5.19	3.05	3.95	-2.82	1.75	73	
6	15	18	4.02	11.24	1.06	1.56	0.24	74	
6	15	23	4.05	21.63	3.89	-37.39	-66.84	75	
6	15	28	-3.19	-32.62	-5.64	-21.08	-45.80	76	
6	15	33	2.66	-17.48	-6.20	-1.96	1.47	77	
6	15	38	-6.45	-10.92	-1.06	80.80	-31.53	78	
6	15	43	5.12	4.02	2.18	-6.98	-1.41	79	
6	19	3	2.46	2.92	2.57	-1.31	0.02	80	
6	19	8	2.19	2.79	3.29	-1.29	-0.20	81	
6	19	13	8.15	15.22	3.22	-4.84	-6.21	82	
6	19	18	3.50	11.14	0.20	-43.31	-68.59	83	
6	19	23	-13.04	-42.71	1.17	-5.13	-6.69	84	
6	19	28	32.94	21.29	-3.88	-1.08	51.70	85	
6	19	33	-14.33	-17.46	17.84	56.19	17.65	86	
6	19	38	-61.38	-10.74	-24.51	60.37	4.73	87	
6	19	43	9.26	2.72	5.60	-7.10	3.75	88	
6	23	3	2.11	2.75	3.01	-1.99	-0.79	89	
6	23	8	5.57	5.40	2.26	-2.50	0.34	90	
6	23	13	8.95	17.32	1.39	-51.85	-49.72	91	
6	23	18	-12.87	-42.54	2.45	10.96	13.80	92	
6	23	23	3.33	16.97	-0.34	42.65	67.44	93	
6	23	28	39.23	24.58	5.36	-65.38	-1.22	94	
6	23	33	-9.04	5.63	-8.33	78.52	1.00	95	
6	23	38	-54.25	-21.45	-3.72	67.61	6.77	96	
6	23	43	1.77	2.31	4.18	0.99	-0.35	97	
6	27	3	0.64	1.12	2.03	-1.53	1.24	98	
6	27	8	18.40	26.52	-0.24	-29.43	-24.76	99	
6	27	13	-21.47	-51.92	3.00	1.68	8.52	100	
6	27	18	7.95	23.82	1.13	36.70	51.60	101	
6	27	23	2.61	7.07	0.79	3.51	-1.66	102	
6	27	28	29.75	12.95	5.84	-88.12	-4.56	103	
6	27	33	22.95	22.49	-5.61	32.71	-23.91	104	
6	27	38	11.08	7.62	-1.67	81.22	19.71	105	
6	27	43	7.29	5.89	1.60	-3.88	-0.61	106	
6	31	3	0.86	2.31	2.77	1.18	0.35	107	
6	31	8	-15.60	-11.68	-9.69	-71.35	-30.83	108	
6	31	13	22.21	18.97	13.60	58.69	44.34	109	
6	31	18	2.54	7.12	-0.55	1.37	0.27	110	
6	31	23	4.29	4.44	3.06	0.00	0.52	111	
6	31	28	28.93	3.50	5.91	-93.13	5.62	112	
6	31	33	-0.30	-10.72	5.40	5.69	-6.99	113	
6	31	38	33.78	26.59	0.42	41.46	15.53	114	
6	31	43	4.70	2.28	3.52	-6.15	-1.99	115	
6	35	3	2.55	2.48	3.79	2.85	-0.71	116	
6	35	8	-49.82	-33.48	-19.05	-51.94	17.42	117	
6	35	13	33.24	22.62	3.74	25.04	4.07	118	
6	35	18	-0.19	-0.03	0.99	-0.58	0.49	119	
6	35	23	2.44	0.86	4.18	0.68	0.06	120	
6	35	28	34.08	-5.33	27.67	-57.14	15.44	121	
6	35	33	-18.27	-13.70	-4.15	53.07	39.70	122	
6	35	38	6.99	7.79	1.30	6.04	1.02	123	
6	35	43	7.75	6.15	1.41	-10.06	-1.57	124	
6	39	3	1.08	1.33	0.06	1.03	-1.79	125	
6	39	8	-14.04	-4.10	14.50	-10.29	38.34	126	
6	39	13	7.21	4.22	1.62	3.58	-2.70	127	
6	39	18	2.18	1.25	1.72	-1.13	-2.31	128	
6	39	23	3.70	3.84	2.19	2.23	-2.42	129	
6	39	28	8.58	0.64	12.46	-4.70	1.18	130	
6	39	33	-0.85	20.38	-1.25	25.55	27.16	131	
6	39	38	2.74	1.78	2.68	1.52	-0.17	132	
6	39	43	4.73	1.60	3.98	-8.96	0.39	133	
6	43	3	1.54	3.09	2.08	-0.59	1.29	134	
6	43	8	3.36	7.55	3.18	4.09	-1.86	135	
6	43	13	0.41	2.12	1.02	-1.64	2.96	136	
6	43	18	2.52	1.63	2.49	0.93	4.43	137	
6	43	23	2.24	2.08	0.87	-0.81	2.61	138	
6	43	28	2.40	4.28	1.22	-0.45	4.41	139	
6	43	33	2.79	4.24	2.82	1.02	2.02	140	
6	43	38	2.35	4.31	3.17	-0.54	2.06	141	
6	43	43	4.01	3.52	2.33	-7.70	-0.35	142	
