143
diam	c	r	EConv0	EConv1	EConv2	OConv0	OConv1
6	3	3	0.82	0.53	4.78	-0.29	-3.08	44	
6	3	8	2.05	1.12	3.78	-2.09	-0.93	45	
6	3	13	-0.14	2.49	0.53	1.68	-2.57	46	
6	3	18	4.08	0.37	3.26	0.32	-0.10	47	
6	3	23	2.68	1.66	2.96	2.62	-2.16	48	
6	3	28	2.82	2.45	1.12	-1.59	-1.61	49	
6	3	33	25.05	36.13	-4.34	-53.06	-42.94	50	
6	3	38	8.92	2.97	-10.92	64.79	44.71	51	
6	3	43	-13.97	-5.58	-6.32	24.56	1.85	52	
6	7	3	2.01	-4.97	-11.97	-0.99	-18.27	53	
6	7	8	1.87	-14.07	-10.47	-1.92	-18.31	54	
6	7	13	3.53	-6.48	-2.34	3.84	-13.51	55	
6	7	18	2.39	-3.15	-9.70	1.97	-17.42	56	
6	7	23	6.04	0.52	-4.34	-2.06	-16.28	57	
6	7	28	24.01	14.79	-8.09	-22.24	-29.92	58	
6	7	33	-28.73	-63.99	-5.02	13.89	0.39	59	
6	7	38	6.03	36.56	-0.74	-33.99	-122.89	60	
6	7	43	-13.52	-15.18	25.45	59.06	-88.39	61	
6	11	3	2.23	6.86	7.92	0.06	10.16	62	
6	11	8	2.02	9.74	6.15	-3.54	5.57	63	
6	11	13	1.04	8.49	4.60	2.79	2.22	64	
6	11	18	2.59	8.84	7.05	-1.04	0.62	65	
6	11	23	3.36	7.82	8.66	-2.04	3.86	66	
6	11	28	2.98	4.53	14.29	-6.69	15.40	67	
6	11	33	10.74	40.16	15.12	-79.69	-71.76	68	
6	11	38	7.32	-24.46	-21.88	-8.00	25.84	69	
6	11	43	18.71	24.38	27.69	91.53	57.00	70	
6	15	3	4.09	4.24	3.50	-1.27	0.06	71	
6	15	8	3.16	2.26	2.92	-4.23	1.95	72	
6	15	13	1.25	5.01	1.90	1.14	1.20	73	
6	15	18	4.15	3.33	6.31	-2.06	0.34	74	
6	15	23	2.35	6.73	2.71	-3.17	-1.54	75	
6	15	28	15.53	36.68	0.30	-67.11	-88.88	76	
6	15	33	-23.97	-65.77	6.92	45.39	63.74	77	
6	15	38	55.18	69.09	23.66	-86.17	18.37	78	
6	15	43	45.35	19.87	1.42	92.79	13.55	79	
6	19	3	2.60	2.27	3.57	1.53	-0.50	80	
6	19	8	3.49	3.97	5.19	-4.21	0.49	81	
6	19	13	5.40	4.36	6.08	0.72	-0.04	82	
6	19	18	4.75	13.15	4.25	-4.65	-4.95	83	
6	19	23	0.54	20.58	-2.59	-65.25	-98.48	84	
6	19	28	-39.34	-77.31	11.25	32.23	18.41	85	
6	19	33	17.33	41.13	0.10	25.38	28.76	86	
6	19	38	-60.88	-57.17	15.11	-60.87	-23.34	87	
6	19	43	7.54	14.37	-4.21	37.80	12.48	88	
6	23	3	2.33	2.72	3.43	0.77	-1.50	89	
6	23	8	2.38	3.11	2.59	-3.77	-0.83	90	
6	23	13	13.27	25.23	3.97	-11.09	-11.14	91	
6	23	18	-8.94	-31.11	-3.06	-57.63	-89.84	92	
6	23	23	38.69	10.97	-8.11	-0.42	77.94	93	
6	23	28	16.58	16.68	4.74	116.71	46.61	94	
6	23	33	25.56	48.70	-6.95	-47.76	-30.09	95	
6	23	38	-9.32	-16.20	0.52	83.88	59.41	96	
6	23	43	0.57	5.45	5.73	22.42	-3.17	97	
6	27	3	2.04	4.10	2.12	3.12	-0.75	98	
6	27	8	9.23	14.25	3.32	-9.15	-3.75	99	
6	27	13	-12.67	-35.64	-1.93	-70.67	-79.40	100	
6	27	18	1.71	11.35	2.36	77.31	86.29	101	
6	27	23	43.69	21.64	1.04	-116.86	-6.26	102	
6	27	28	71.68	64.95	23.28	55.61	-10.49	103	
6	27	33	-48.04	-94.78	17.30	-18.20	-22.38	104	
6	27	38	22.37	29.83	-5.09	17.81	14.70	105	
6	27	43	-5.84	-1.43	1.20	24.88	4.82	106	
6	31	3	3.52	2.24	5.21	-0.51	2.09	107	
6	31	8	10.90	22.41	-7.36	-90.76	-74.20	108	
6	31	13	6.33	2.88	13.99	74.91	80.60	109	
6	31	18	8.91	14.28	1.97	9.13	10.53	110	
6	31	23	37.50	-24.29	34.52	-81.23	40.16	111	
6	31	28	8.47	-78.13	-50.18	23.44	32.71	112	
6	31	33	22.39	64.35	-7.41	49.75	56.50	113	
6	31	38	-14.20	-2.91	52.53	29.76	-79.55	114	
6	31	43	-2.76	1.96	0.96	27.43	-4.06	115	
6	35	3	14.78	6.79	5.70	-0.31	-1.48	116	
6	35	8	-77.48	-40.07	15.70	5.88	-7.70	117	
6	35	13	13.17	23.97	10.35	7.83	9.45	118	
6	35	18	3.03	2.17	2.75	2.21	-1.40	119	
6	35	23	3.67	7.47	6.84	-1.80	-0.15	120	
6	35	28	5.00	23.45	13.73	2.03	12.42	121	
6	35	33	51.96	42.27	-0.94	-69.67	-32.55	122	
6	35	38	-24.50	-33.75	-22.19	107.80	36.00	123	
6	35	43	-1.01	1.95	1.78	22.60	-1.63	124	
6	39	3	13.49	4.26	8.16	-5.06	-0.53	125	
6	39	8	-27.34	-32.38	-30.77	-6.65	118.65	126	
6	39	13	26.13	12.91	-7.32	21.75	11.13	127	
6	39	18	11.10	36.64	-1.65	-14.97	-21.27	128	
6	39	23	10.02	-2.94	28.63	12.17	-13.91	129	
6	39	28	8.23	15.16	3.68	-4.58	-4.17	130	
6	39	33	-14.61	-37.39	9.78	-91.67	-62.61	131	
6	39	38	19.58	37.59	20.77	103.45	-69.96	132	
6	39	43	-1.93	0.76	-1.53	24.37	7.66	133	
6	43	3	2.99	3.80	3.95	0.24	3.30	134	
6	43	8	2.91	3.37	-0.71	-1.58	-1.31	135	
6	43	13	5.97	30.30	3.55	-8.95	-19.89	136	
6	43	18	-20.05	-45.34	9.39	-69.94	-65.95	137	
6	43	23	43.37	20.44	-6.43	54.86	13.15	138	
6	43	28	19.55	31.90	-2.25	-75.64	-64.69	139	
6	43	33	24.59	7.81	36.99	69.43	89.26	140	
6	43	38	-43.27	32.38	-72.50	-60.85	43.49	141	
6	43	43	39.43	-3.09	23.50	50.82	-10.07	142	
