143
diam	c	r	EConv0	EConv1	EConv2	OConv0	OConv1
6	3	3	-1.29	2.37	0.75	-4.53	-0.84	44	
6	3	8	7.46	4.44	1.53	-61.09	-26.71	45	
6	3	13	31.06	31.22	-2.04	-18.98	-21.06	46	
6	3	18	-10.72	-31.50	8.59	26.19	25.29	47	
6	3	23	11.30	18.77	0.29	11.25	8.97	48	
6	3	28	-39.01	-43.90	-10.88	-30.78	38.92	49	
6	3	33	1.33	52.15	-5.79	-15.68	-59.33	50	
6	3	38	-2.52	-23.69	29.15	43.70	-46.39	51	
6	3	43	1.66	4.38	4.69	-0.37	2.55	52	
6	7	3	4.72	3.09	4.35	-4.23	-0.19	53	
6	7	8	-35.86	-9.20	1.69	-19.91	-11.27	54	
6	7	13	-10.87	-20.28	8.90	-1.98	-6.47	55	
6	7	18	18.22	31.15	-2.67	37.73	30.03	56	
6	7	23	6.16	6.24	3.17	-4.61	3.38	57	
6	7	28	4.01	6.23	6.48	-43.29	-57.58	58	
6	7	33	-6.79	-18.46	2.10	-1.63	8.46	59	
6	7	38	-23.99	1.57	-14.27	70.66	-2.99	60	
6	7	43	4.70	5.72	5.20	0.31	0.43	61	
6	11	3	3.32	2.90	3.59	-2.37	-2.61	62	
6	11	8	-26.41	-6.37	-25.45	-38.69	11.27	63	
6	11	13	0.25	-5.89	-3.50	48.26	54.96	64	
6	11	18	5.45	6.97	2.77	4.70	1.07	65	
6	11	23	10.32	22.49	3.60	-50.41	-50.77	66	
6	11	28	-5.82	-4.59	-1.23	-1.76	1.02	67	
6	11	33	9.79	18.50	4.52	42.75	41.93	68	
6	11	38	-45.84	-12.25	-0.48	46.10	0.45	69	
6	11	43	1.17	1.68	1.97	0.68	-1.71	70	
6	15	3	2.79	3.71	2.84	-1.94	6.76	71	
6	15	8	-5.77	13.66	32.31	-5.45	37.92	72	
6	15	13	4.28	13.11	3.51	-0.45	3.32	73	
6	15	18	7.81	23.66	-1.99	-45.92	-44.46	74	
6	15	23	-5.01	-22.66	-1.48	2.33	14.59	75	
6	15	28	-18.98	-20.50	6.85	32.00	30.87	76	
6	15	33	16.48	21.04	-0.78	-11.31	-4.70	77	
6	15	38	1.49	2.96	-3.30	68.99	22.64	78	
6	15	43	3.49	4.10	4.36	0.31	2.93	79	
6	19	3	4.08	3.85	3.56	-0.81	0.89	80	
6	19	8	3.05	2.81	2.83	-1.27	-0.52	81	
6	19	13	16.53	33.70	0.48	-34.78	-35.17	82	
6	19	18	-20.79	-48.51	4.33	16.21	8.78	83	
6	19	23	6.52	28.62	-1.11	-37.58	-0.45	84	
6	19	28	21.97	28.51	3.08	33.07	22.22	85	
6	19	33	-1.46	-2.87	7.16	-51.90	-30.70	86	
6	19	38	24.22	23.48	0.65	32.48	8.09	87	
6	19	43	2.62	3.07	4.50	0.09	-1.34	88	
6	23	3	4.92	3.46	4.37	0.22	-0.62	89	
6	23	8	11.86	21.52	0.33	-13.00	-10.81	90	
6	23	13	-27.01	-56.60	18.77	-4.20	-0.84	91	
6	23	18	14.82	40.53	-0.59	18.85	32.33	92	
6	23	23	-43.93	-26.03	2.31	-4.39	-10.72	93	
6	23	28	22.35	32.61	-0.49	-18.71	-24.66	94	
6	23	33	-16.09	-24.23	3.43	40.89	32.82	95	
6	23	38	-1.58	1.08	-2.41	3.56	2.06	96	
6	23	43	2.72	3.38	2.75	2.65	-2.89	97	
6	27	3	4.48	6.16	1.39	-4.08	-4.56	98	
6	27	8	-9.05	-19.26	3.73	-47.36	-34.53	99	
6	27	13	16.48	33.84	1.03	38.96	33.71	100	
6	27	18	16.89	5.87	8.05	-10.75	-0.15	101	
6	27	23	-15.09	5.80	-9.37	-3.37	-11.51	102	
6	27	28	-14.30	-60.86	-0.81	13.81	4.04	103	
6	27	33	11.94	17.34	3.39	12.48	7.22	104	
6	27	38	2.19	3.85	4.13	0.45	1.36	105	
6	27	43	0.50	2.72	1.56	0.83	-1.93	106	
6	31	3	21.00	19.45	-1.28	-27.71	-12.08	107	
6	31	8	-8.59	-15.18	15.55	58.12	20.07	108	
6	31	13	4.37	5.13	3.91	0.81	-0.59	109	
6	31	18	4.62	1.27	4.66	-1.64	1.41	110	
6	31	23	-14.96	4.38	17.41	-3.59	80.08	111	
6	31	28	9.48	31.75	7.66	8.68	19.69	112	
6	31	33	2.02	2.70	1.20	0.04	2.04	113	
6	31	38	2.22	0.54	4.84	2.96	0.64	114	
6	31	43	0.90	4.02	1.94	-0.86	0.33	115	
6	35	3	11.13	6.02	21.52	-50.89	-49.57	116	
6	35	8	20.01	53.30	24.90	40.94	-48.01	117	
6	35	13	2.61	41.58	36.95	1.83	-61.72	118	
6	35	18	0.44	33.15	35.20	-2.36	-68.02	119	
6	35	23	2.87	39.94	38.67	1.23	-64.18	120	
6	35	28	0.26	34.66	34.30	-1.15	-65.91	121	
6	35	33	3.62	18.19	19.58	-4.90	-43.68	122	
6	35	38	4.73	24.19	20.55	4.98	-40.97	123	
6	35	43	2.69	22.80	26.46	0.33	-42.27	124	
6	39	3	4.37	-25.68	-29.55	-3.46	23.30	125	
6	39	8	3.05	-43.07	-27.86	12.26	41.93	126	
6	39	13	-3.17	-19.93	-27.19	-0.89	30.75	127	
6	39	18	3.34	-22.97	-23.34	-1.50	41.55	128	
6	39	23	8.14	-5.21	-21.98	-8.65	30.90	129	
6	39	28	-1.14	-43.70	-27.42	16.42	58.46	130	
6	39	33	8.47	-16.11	-21.80	8.89	35.45	131	
6	39	38	2.36	-17.47	-13.10	1.02	32.62	132	
6	39	43	2.21	-20.54	-16.42	0.88	37.42	133	
6	43	3	2.43	21.89	28.84	-3.99	24.80	134	
6	43	8	5.42	24.97	15.45	2.08	11.10	135	
6	43	13	0.63	21.41	19.80	-1.32	17.24	136	
6	43	18	-4.57	3.38	1.35	-61.31	-36.33	137	
6	43	23	-1.73	-34.71	4.05	-4.34	-22.82	138	
6	43	28	16.24	18.06	4.53	13.53	7.35	139	
6	43	33	1.87	6.24	7.20	-2.02	3.95	140	
6	43	38	0.97	7.26	4.18	2.14	5.55	141	
6	43	43	3.83	6.99	7.79	-0.18	2.86	142	
