143
diam	c	r	EConv0	EConv1	EConv2	OConv0	OConv1
6	3	3	5.05	2.83	6.30	1.36	-0.48	44	
6	3	8	2.49	7.20	3.47	-2.43	-1.83	45	
6	3	13	0.52	2.19	3.50	-5.31	-2.73	46	
6	3	18	1.03	3.15	1.94	2.45	-0.28	47	
6	3	23	4.63	7.70	5.22	2.00	6.40	48	
6	3	28	2.93	45.32	27.65	-9.55	-24.32	49	
6	3	33	10.09	6.08	34.45	8.39	-6.97	50	
6	3	38	2.99	2.89	5.15	-0.17	-0.57	51	
6	3	43	3.89	4.28	4.99	0.55	1.94	52	
6	7	3	2.71	4.41	2.50	0.15	-0.13	53	
6	7	8	3.19	1.80	3.80	1.11	5.94	54	
6	7	13	3.51	4.40	-1.47	-4.87	-2.18	55	
6	7	18	20.04	47.56	-1.35	-8.60	-17.68	56	
6	7	23	-27.34	-75.14	-29.72	-44.43	-111.24	57	
6	7	28	-2.99	-95.74	-58.18	4.24	-2.70	58	
6	7	33	-36.30	-14.86	-90.88	67.69	-67.00	59	
6	7	38	10.52	17.18	12.19	-2.51	4.71	60	
6	7	43	1.27	35.55	39.14	-3.65	-29.55	61	
6	11	3	1.23	1.89	3.30	0.15	-0.19	62	
6	11	8	5.60	4.73	4.76	-1.02	-1.47	63	
6	11	13	14.95	20.22	7.05	-4.31	0.22	64	
6	11	18	-32.39	-107.90	5.93	-47.04	-59.10	65	
6	11	23	16.36	59.11	19.92	53.57	114.32	66	
6	11	28	14.01	76.69	20.40	0.51	18.46	67	
6	11	33	-6.38	22.92	63.66	-87.09	-41.36	68	
6	11	38	6.63	-107.53	-19.79	26.71	-45.74	69	
6	11	43	2.45	-33.21	-47.38	12.89	77.76	70	
6	15	3	6.37	7.31	3.41	-0.94	-1.06	71	
6	15	8	6.32	0.15	7.57	-2.91	-0.71	72	
6	15	13	6.98	4.31	4.57	-80.27	-70.27	73	
6	15	18	21.26	81.14	22.95	39.21	65.58	74	
6	15	23	18.30	52.71	-2.66	-24.19	-31.05	75	
6	15	28	-14.67	-110.41	7.75	-43.46	-68.24	76	
6	15	33	7.62	23.65	12.78	58.30	124.09	77	
6	15	38	-71.38	-4.18	-39.09	101.59	2.95	78	
6	15	43	-3.46	-4.81	-2.63	9.28	1.73	79	
6	19	3	8.22	2.27	6.60	-0.98	2.03	80	
6	19	8	26.12	35.55	-2.16	-9.65	-11.94	81	
6	19	13	-16.77	-16.59	18.88	68.41	58.62	82	
6	19	18	14.75	19.77	1.50	-4.47	-2.22	83	
6	19	23	-33.79	-129.06	28.11	-3.45	-17.83	84	
6	19	28	15.74	84.19	3.75	45.54	66.77	85	
6	19	33	-6.69	-4.82	1.80	0.71	2.68	86	
6	19	38	-90.52	-11.91	-13.44	46.71	9.65	87	
6	19	43	4.43	4.92	8.51	3.05	0.66	88	
6	23	3	10.62	5.26	2.00	-7.79	-1.47	89	
6	23	8	-12.36	-21.75	4.45	-80.26	-25.95	90	
6	23	13	19.46	27.70	-5.47	11.08	14.88	91	
6	23	18	61.67	37.13	-4.48	-88.26	-33.13	92	
6	23	23	65.06	45.49	27.39	114.88	28.67	93	
6	23	28	2.69	1.36	0.58	-2.72	1.61	94	
6	23	33	22.15	74.66	6.43	-53.21	-64.16	95	
6	23	38	18.61	16.51	-13.04	74.95	39.28	96	
6	23	43	3.52	13.33	6.59	1.39	-7.62	97	
6	27	3	5.02	4.39	6.83	3.68	1.54	98	
6	27	8	-80.22	-62.46	6.20	36.03	5.34	99	
6	27	13	3.40	3.23	4.62	-0.70	-5.39	100	
6	27	18	40.90	-25.13	31.15	-82.05	41.22	101	
6	27	23	0.67	36.89	-18.92	107.52	-89.16	102	
6	27	28	23.20	58.80	30.46	-61.20	-100.67	103	
6	27	33	-21.44	-83.42	-2.42	38.37	80.20	104	
6	27	38	9.89	6.20	1.42	2.16	-0.24	105	
6	27	43	-0.53	-6.63	3.48	-4.89	17.06	106	
6	31	3	31.07	34.69	0.18	-16.93	-13.16	107	
6	31	8	34.85	22.38	0.09	81.33	30.72	108	
6	31	13	3.73	3.16	4.25	2.82	1.58	109	
6	31	18	2.74	2.77	7.12	1.32	3.51	110	
6	31	23	-6.86	6.37	43.82	-51.86	115.69	111	
6	31	28	-9.01	13.46	0.77	28.37	130.50	112	
6	31	33	13.51	16.43	3.91	-1.00	2.44	113	
6	31	38	5.70	7.70	3.83	3.93	1.36	114	
6	31	43	4.67	3.39	2.96	-0.13	-2.32	115	
6	35	3	63.83	10.30	11.49	-81.20	1.50	116	
6	35	8	42.01	21.66	8.27	17.66	-4.14	117	
6	35	13	5.13	5.02	5.87	5.08	1.36	118	
6	35	18	-0.03	1.34	0.46	-0.66	-1.12	119	
6	35	23	4.18	2.51	-1.06	-0.24	-0.49	120	
6	35	28	5.44	-3.11	2.11	-1.06	-2.70	121	
6	35	33	-1.90	3.68	-1.26	0.94	-2.32	122	
6	35	38	4.35	2.52	5.31	4.01	2.78	123	
6	35	43	4.89	6.65	4.11	0.64	2.08	124	
6	39	3	64.97	0.59	28.02	-57.01	4.82	125	
6	39	8	53.06	4.92	57.15	49.43	-25.57	126	
6	39	13	2.70	6.08	0.67	0.25	-3.97	127	
6	39	18	4.81	5.79	5.36	2.46	0.57	128	
6	39	23	4.16	3.87	5.33	-1.60	1.88	129	
6	39	28	-5.41	8.95	4.51	-1.24	-12.48	130	
6	39	33	41.14	23.94	-3.44	-37.53	-4.57	131	
6	39	38	45.12	-8.51	16.22	48.47	-13.60	132	
6	39	43	7.40	5.48	-0.35	-0.53	-4.63	133	
6	43	3	3.18	0.16	6.27	-6.33	4.26	134	
6	43	8	-10.60	29.16	-36.03	34.78	44.45	135	
6	43	13	2.05	3.74	5.65	-4.62	0.91	136	
6	43	18	4.18	9.96	1.18	-2.98	-9.13	137	
6	43	23	4.74	2.76	9.19	1.97	-7.53	138	
6	43	28	-26.68	-17.66	-20.49	-9.65	17.95	139	
6	43	33	61.76	25.26	8.17	-83.34	-11.54	140	
6	43	38	35.26	15.36	1.76	29.08	8.12	141	
6	43	43	3.59	5.21	4.04	-5.71	-0.65	142	
