143
diam	c	r	EConv0	EConv1	EConv2	OConv0	OConv1
6	3	3	15.14	7.65	4.35	-5.91	1.03	44	
6	3	8	-61.23	-15.18	12.70	94.19	0.58	45	
6	3	13	8.57	27.22	7.94	-65.92	-98.30	46	
6	3	18	6.12	10.44	-1.87	26.60	44.87	47	
6	3	23	-5.59	-13.94	21.81	-52.61	-41.78	48	
6	3	28	-10.89	-11.09	3.80	96.32	73.59	49	
6	3	33	5.46	3.87	0.56	-3.31	7.46	50	
6	3	38	2.30	2.55	0.18	0.81	5.19	51	
6	3	43	3.17	6.04	1.93	1.16	2.51	52	
6	7	3	12.02	1.41	8.04	0.71	1.11	53	
6	7	8	-52.39	-9.70	-93.19	-17.45	-6.12	54	
6	7	13	-14.29	-40.20	-1.69	62.71	91.73	55	
6	7	18	24.22	6.41	-23.64	-125.97	23.68	56	
6	7	23	-26.76	-61.89	5.04	53.38	45.06	57	
6	7	28	26.77	44.44	1.71	26.19	35.57	58	
6	7	33	-1.66	58.39	10.15	-33.01	-82.55	59	
6	7	38	3.13	9.91	57.21	26.79	-59.84	60	
6	7	43	2.21	3.27	2.73	-0.94	1.43	61	
6	11	3	1.58	3.83	1.19	0.56	-1.55	62	
6	11	8	-13.42	16.08	45.97	-7.97	68.38	63	
6	11	13	9.44	24.54	3.94	5.17	9.07	64	
6	11	18	25.31	-6.89	51.65	-32.97	29.88	65	
6	11	23	0.94	54.83	-5.00	48.53	65.97	66	
6	11	28	19.21	50.04	-3.85	-61.20	-72.21	67	
6	11	33	-12.03	-45.15	-0.95	-28.75	-30.41	68	
6	11	38	-10.74	-11.39	-64.19	26.67	-50.63	69	
6	11	43	48.39	-14.83	56.87	72.19	-39.38	70	
6	15	3	6.58	6.22	4.81	0.05	1.18	71	
6	15	8	3.89	3.65	4.77	-0.36	-1.53	72	
6	15	13	5.77	8.58	5.45	0.82	-0.10	73	
6	15	18	0.58	0.68	-0.35	-0.55	-0.49	74	
6	15	23	20.28	62.81	7.09	-52.25	-71.34	75	
6	15	28	-17.70	-56.67	9.41	-30.55	-33.95	76	
6	15	33	2.88	40.85	13.04	23.35	31.17	77	
6	15	38	14.69	23.87	82.42	-3.12	34.67	78	
6	15	43	2.06	-3.77	-9.81	153.06	-18.70	79	
6	19	3	4.65	3.02	3.86	-2.08	-0.17	80	
6	19	8	3.06	3.20	3.76	0.47	1.42	81	
6	19	13	4.39	4.03	1.93	-2.16	1.16	82	
6	19	18	24.91	45.22	-6.01	-40.56	-43.54	83	
6	19	23	-34.26	-77.91	3.52	-27.53	-32.13	84	
6	19	28	21.16	50.82	-17.71	14.20	55.92	85	
6	19	33	-15.81	-73.40	-0.54	-2.81	17.03	86	
6	19	38	8.89	-10.97	-88.28	-0.35	73.36	87	
6	19	43	-13.52	-12.03	-1.00	151.24	5.19	88	
6	23	3	4.82	3.75	5.33	0.17	-2.78	89	
6	23	8	4.32	3.89	3.87	2.41	1.42	90	
6	23	13	17.43	35.22	-0.98	-16.98	-18.69	91	
6	23	18	-32.34	-63.76	5.93	-61.13	-68.69	92	
6	23	23	11.90	33.33	7.25	78.99	99.47	93	
6	23	28	-54.60	-63.11	12.88	-66.08	-36.22	94	
6	23	33	25.09	60.08	5.75	52.83	63.16	95	
6	23	38	67.48	62.32	32.21	-68.95	-24.25	96	
6	23	43	48.94	27.06	0.54	128.73	31.76	97	
6	27	3	4.51	4.78	2.73	-0.53	1.90	98	
6	27	8	5.51	5.12	2.71	1.75	-1.44	99	
6	27	13	-10.16	-13.84	-1.83	-106.68	-84.44	100	
6	27	18	-10.48	-21.06	-6.55	93.52	90.50	101	
6	27	23	52.64	54.85	-11.08	-66.54	-29.98	102	
6	27	28	-3.49	-11.52	10.17	95.86	67.93	103	
6	27	33	13.50	17.70	-0.50	-1.01	0.02	104	
6	27	38	-30.82	-62.99	19.82	-61.66	-46.33	105	
6	27	43	35.39	35.80	-8.06	41.31	18.34	106	
6	31	3	8.76	5.28	5.87	-2.00	-0.90	107	
6	31	8	43.86	46.90	-5.60	-50.66	-30.06	108	
6	31	13	-26.20	-60.70	14.62	63.99	71.75	109	
6	31	18	14.17	30.32	1.36	16.57	12.75	110	
6	31	23	-11.53	-6.23	-1.42	-129.81	-33.78	111	
6	31	28	45.37	55.88	-0.72	32.45	15.66	112	
6	31	33	15.84	16.92	19.55	-72.23	-99.43	113	
6	31	38	7.23	0.37	-1.71	92.85	71.17	114	
6	31	43	6.22	4.01	2.65	0.78	2.78	115	
6	35	3	4.03	3.40	2.33	-1.18	0.58	116	
6	35	8	0.60	8.58	-2.10	-129.58	-55.40	117	
6	35	13	65.95	39.67	34.24	73.81	8.90	118	
6	35	18	-0.23	1.88	2.93	6.87	-0.97	119	
6	35	23	-78.46	-23.31	-30.78	-118.17	-17.86	120	
6	35	28	12.20	-48.10	-1.47	-36.46	-96.80	121	
6	35	33	-3.14	-15.99	2.67	65.15	92.16	122	
6	35	38	11.48	23.93	2.31	10.13	10.20	123	
6	35	43	3.51	3.25	3.62	0.65	0.41	124	
6	39	3	-0.28	1.48	4.70	2.74	-1.13	125	
6	39	8	-66.73	-63.56	-28.99	-87.95	14.29	126	
6	39	13	57.96	27.60	-10.53	79.29	17.52	127	
6	39	18	2.08	5.30	1.24	6.95	0.69	128	
6	39	23	-20.83	-36.12	36.23	-77.57	95.44	129	
6	39	28	10.76	50.01	18.94	46.44	107.49	130	
6	39	33	6.73	21.57	3.27	1.84	4.95	131	
6	39	38	3.56	2.98	2.33	0.83	0.68	132	
6	39	43	2.56	3.70	2.86	1.03	-0.65	133	
6	43	3	2.52	4.14	1.45	3.75	-0.79	134	
6	43	8	-18.62	15.35	40.25	-9.19	65.96	135	
6	43	13	5.46	9.84	1.93	1.61	4.73	136	
6	43	18	4.81	4.22	3.55	2.87	0.42	137	
6	43	23	4.37	4.02	3.36	0.60	-0.34	138	
6	43	28	4.78	4.52	1.17	0.25	-0.63	139	
6	43	33	4.59	3.06	4.53	1.25	0.65	140	
6	43	38	3.82	3.23	3.89	0.16	-0.51	141	
6	43	43	3.04	2.37	3.44	-1.49	1.03	142	
