143
diam	c	r	EConv0	EConv1	EConv2	OConv0	OConv1
6	3	3	3.87	3.42	4.47	0.37	1.24	44	
6	3	8	4.39	4.54	2.01	-1.07	-0.55	45	
6	3	13	5.59	2.08	4.95	-0.95	-1.26	46	
6	3	18	-2.42	1.76	-0.69	7.87	-2.20	47	
6	3	23	3.95	5.23	7.06	-2.79	-0.06	48	
6	3	28	2.51	11.29	5.82	-4.20	-8.01	49	
6	3	33	-3.01	7.96	15.19	6.86	-18.50	50	
6	3	38	0.56	7.01	6.46	-4.92	0.99	51	
6	3	43	2.27	2.26	3.66	1.76	-4.29	52	
6	7	3	4.38	2.77	3.48	2.42	-0.54	53	
6	7	8	3.78	2.88	4.72	-0.65	0.81	54	
6	7	13	2.12	4.06	1.68	-0.62	-1.73	55	
6	7	18	1.37	3.96	2.20	-1.11	5.64	56	
6	7	23	11.21	15.18	7.65	-6.20	-8.46	57	
6	7	28	-2.60	3.02	1.48	-22.30	-31.69	58	
6	7	33	-9.84	-13.83	-16.27	23.39	4.58	59	
6	7	38	-2.53	10.86	3.90	-6.18	-19.86	60	
6	7	43	10.28	7.46	16.40	3.03	-1.18	61	
6	11	3	5.34	4.27	3.72	2.07	-0.94	62	
6	11	8	4.27	4.45	3.23	1.76	-0.71	63	
6	11	13	3.95	3.16	5.51	0.68	3.11	64	
6	11	18	3.42	11.22	1.07	-5.35	-11.26	65	
6	11	23	0.44	1.60	2.95	-22.97	-34.55	66	
6	11	28	-4.54	-15.22	5.79	17.86	26.18	67	
6	11	33	4.85	21.87	-0.32	-9.08	-8.92	68	
6	11	38	-0.71	-17.36	-4.75	-15.91	-9.30	69	
6	11	43	13.12	-6.22	-2.75	44.27	-10.50	70	
6	15	3	3.33	3.27	2.10	1.12	1.59	71	
6	15	8	2.90	3.33	3.37	-1.42	-0.43	72	
6	15	13	6.06	10.49	1.79	-5.07	-7.75	73	
6	15	18	4.21	4.02	2.19	-32.25	-31.73	74	
6	15	23	-3.86	-23.15	5.28	22.01	19.25	75	
6	15	28	16.88	25.22	-0.02	-0.84	2.92	76	
6	15	33	-12.71	-23.10	3.04	0.77	-0.24	77	
6	15	38	-0.97	10.78	1.52	3.05	18.56	78	
6	15	43	8.98	14.52	4.29	11.21	13.12	79	
6	19	3	4.91	3.86	3.99	-0.30	-0.89	80	
6	19	8	2.55	5.12	1.89	-1.72	-2.82	81	
6	19	13	8.97	17.75	1.66	-35.50	-27.91	82	
6	19	18	-10.89	-30.60	6.33	19.55	11.16	83	
6	19	23	11.36	23.13	-1.94	13.61	19.53	84	
6	19	28	-0.30	-5.06	8.16	-18.32	-18.37	85	
6	19	33	7.45	11.90	2.14	22.61	20.43	86	
6	19	38	-7.71	-3.33	2.46	-11.58	-4.69	87	
6	19	43	8.44	4.76	3.89	8.73	-0.94	88	
6	23	3	6.06	5.34	5.42	-3.56	0.37	89	
6	23	8	14.94	13.93	6.05	-12.78	-6.03	90	
6	23	13	-14.50	-28.67	8.95	-19.07	-3.36	91	
6	23	18	7.42	16.77	-0.12	34.14	29.41	92	
6	23	23	11.35	13.91	-0.35	-26.51	-11.57	93	
6	23	28	-6.36	-11.14	4.08	26.97	14.83	94	
6	23	33	12.40	16.50	2.08	-9.81	-1.13	95	
6	23	38	-4.91	-5.75	6.36	11.31	4.14	96	
6	23	43	3.20	4.56	1.94	2.79	1.35	97	
6	27	3	7.31	3.71	2.68	-0.14	-1.48	98	
6	27	8	9.62	10.68	1.88	-34.85	-26.47	99	
6	27	13	1.73	-0.90	1.78	39.41	24.86	100	
6	27	18	3.56	7.63	1.16	2.29	2.04	101	
6	27	23	-7.94	-0.84	-2.71	-41.05	-14.73	102	
6	27	28	13.33	12.24	1.03	26.87	8.90	103	
6	27	33	1.00	-3.91	9.48	-10.70	-7.75	104	
6	27	38	3.86	7.96	0.22	17.95	9.74	105	
6	27	43	5.49	4.31	4.14	0.06	2.09	106	
6	31	3	10.85	10.03	2.72	-10.46	-6.00	107	
6	31	8	-20.69	-23.92	8.81	-8.83	-4.52	108	
6	31	13	12.02	15.13	-1.56	19.34	12.75	109	
6	31	18	2.19	2.75	2.67	-0.11	2.82	110	
6	31	23	-32.39	1.72	-13.95	-51.79	-14.07	111	
6	31	28	19.28	19.29	12.86	-6.54	-21.37	112	
6	31	33	0.81	-5.95	3.28	19.08	6.94	113	
6	31	38	1.99	5.47	1.43	2.45	2.84	114	
6	31	43	3.92	3.40	3.79	0.59	-0.37	115	
6	35	3	16.14	14.24	-1.41	-34.53	-16.47	116	
6	35	8	-9.24	-9.22	1.18	42.54	18.11	117	
6	35	13	3.34	3.61	1.26	1.39	0.28	118	
6	35	18	2.38	4.16	3.95	-0.01	-2.89	119	
6	35	23	-0.28	-16.64	6.14	-71.49	38.93	120	
6	35	28	7.75	-19.42	-3.07	27.50	6.57	121	
6	35	33	12.11	12.56	2.29	16.04	9.28	122	
6	35	38	1.07	3.19	2.15	-0.52	0.73	123	
6	35	43	2.99	2.99	3.57	0.96	-0.56	124	
6	39	3	10.36	0.46	0.48	-55.18	2.25	125	
6	39	8	22.45	16.47	8.11	37.60	12.62	126	
6	39	13	6.15	4.41	5.48	-0.71	-3.94	127	
6	39	18	2.86	3.90	4.74	0.64	-0.29	128	
6	39	23	9.02	4.60	16.20	-4.64	6.10	129	
6	39	28	1.18	19.22	4.22	7.64	21.26	130	
6	39	33	4.85	5.81	3.29	0.89	2.78	131	
6	39	38	0.83	3.11	2.63	-2.05	-0.15	132	
6	39	43	3.35	3.92	2.91	1.46	-0.54	133	
6	43	3	8.18	-6.24	22.04	-19.83	19.28	134	
6	43	8	11.42	13.87	-1.66	14.39	6.63	135	
6	43	13	4.29	3.83	5.11	-1.74	-1.80	136	
6	43	18	3.23	3.33	3.12	2.08	-0.05	137	
6	43	23	3.63	4.17	3.94	1.52	-0.66	138	
6	43	28	2.91	4.35	3.39	-0.90	-0.66	139	
6	43	33	4.21	3.98	4.46	-0.87	-3.90	140	
6	43	38	2.20	3.52	3.78	-2.78	-2.60	141	
6	43	43	5.96	3.41	4.87	0.98	-1.07	142	
