143
diam	c	r	EConv0	EConv1	EConv2	OConv0	OConv1
6	3	3	43.41	-9.09	17.14	-66.89	12.79	44	
6	3	8	-14.31	-26.11	-48.89	78.92	-24.34	45	
6	3	13	2.93	2.17	3.20	0.06	-0.63	46	
6	3	18	2.70	3.19	1.74	-1.53	-0.05	47	
6	3	23	2.79	0.87	2.98	0.65	2.36	48	
6	3	28	2.57	5.98	1.93	-3.13	0.53	49	
6	3	33	1.37	27.57	24.15	-1.76	-14.90	50	
6	3	38	3.20	2.07	7.68	3.11	-3.38	51	
6	3	43	5.19	12.04	4.02	-14.61	-8.03	52	
6	7	3	7.31	5.48	13.90	-5.04	4.46	53	
6	7	8	-2.74	32.25	15.26	4.54	29.72	54	
6	7	13	3.39	2.73	4.13	1.06	0.59	55	
6	7	18	2.19	1.56	3.52	-2.38	0.28	56	
6	7	23	9.59	34.94	0.96	-13.88	-17.25	57	
6	7	28	-1.58	-5.35	3.45	-47.80	-98.86	58	
6	7	33	-7.30	-35.65	-30.35	-4.72	-50.90	59	
6	7	38	-6.84	-17.38	8.61	69.88	-76.77	60	
6	7	43	4.13	8.55	14.33	-8.40	1.22	61	
6	11	3	2.63	1.19	2.84	-0.52	-0.25	62	
6	11	8	3.07	4.29	3.78	0.82	1.88	63	
6	11	13	1.99	2.82	1.01	-1.24	-0.86	64	
6	11	18	14.71	33.33	-2.50	-21.38	-19.79	65	
6	11	23	-14.89	-64.33	-3.83	-42.62	-62.09	66	
6	11	28	5.23	-32.19	-7.52	33.32	97.52	67	
6	11	33	-4.94	39.41	1.52	-49.02	27.55	68	
6	11	38	-28.64	1.54	-24.61	32.86	-14.02	69	
6	11	43	19.25	-7.73	14.21	-16.29	12.50	70	
6	15	3	1.62	3.14	2.90	0.06	0.97	71	
6	15	8	1.13	3.26	1.08	-2.61	-1.24	72	
6	15	13	13.54	13.01	1.04	-11.15	-4.50	73	
6	15	18	-22.11	-66.09	9.60	-47.63	-47.87	74	
6	15	23	3.81	35.20	3.17	48.90	84.94	75	
6	15	28	5.85	12.85	-9.32	-63.43	-58.50	76	
6	15	33	7.24	-23.94	11.40	29.29	94.80	77	
6	15	38	-31.72	23.45	-43.14	-52.20	56.61	78	
6	15	43	28.29	3.46	-1.51	-4.74	-4.78	79	
6	19	3	3.67	1.80	3.78	0.53	1.19	80	
6	19	8	2.56	2.24	2.72	0.26	0.96	81	
6	19	13	7.14	3.15	-4.64	-75.36	-50.04	82	
6	19	18	17.65	42.11	3.64	59.90	65.57	83	
6	19	23	25.21	16.84	3.71	-14.67	-3.57	84	
6	19	28	-18.52	-31.03	21.43	66.97	32.67	85	
6	19	33	7.62	14.01	1.29	-6.71	-3.42	86	
6	19	38	-53.97	-67.15	25.10	-0.93	12.81	87	
6	19	43	4.52	17.14	1.92	-5.83	-7.13	88	
6	23	3	3.03	2.05	2.69	1.53	-1.59	89	
6	23	8	19.63	22.52	-0.82	-16.65	-8.10	90	
6	23	13	-35.77	-44.85	12.98	38.67	32.02	91	
6	23	18	4.16	5.03	2.19	2.97	4.80	92	
6	23	23	40.12	7.79	13.73	-32.04	4.12	93	
6	23	28	16.54	28.99	17.19	90.75	-38.91	94	
6	23	33	8.52	13.92	4.82	-52.82	-37.87	95	
6	23	38	23.45	32.34	-1.99	39.12	33.64	96	
6	23	43	2.23	11.80	13.89	-12.84	2.27	97	
6	27	3	2.33	2.57	2.66	1.99	1.48	98	
6	27	8	-7.43	-5.90	-3.07	-65.21	-37.27	99	
6	27	13	20.33	25.03	-4.67	30.36	21.66	100	
6	27	18	4.58	3.87	5.34	1.07	-1.90	101	
6	27	23	9.97	-0.20	9.65	-6.31	3.76	102	
6	27	28	-14.98	-20.20	-43.55	-36.05	79.81	103	
6	27	33	-2.30	-18.86	-13.15	57.47	47.14	104	
6	27	38	2.94	6.33	1.96	0.56	0.23	105	
6	27	43	-4.29	-5.78	9.32	-7.44	12.46	106	
6	31	3	7.32	6.43	1.09	2.62	-0.72	107	
6	31	8	-53.13	-47.04	15.04	31.96	8.65	108	
6	31	13	2.49	3.90	1.23	-1.04	-0.08	109	
6	31	18	3.38	1.49	0.78	0.94	2.21	110	
6	31	23	3.05	1.90	1.46	-0.32	-0.28	111	
6	31	28	4.84	2.86	5.16	1.14	-2.51	112	
6	31	33	3.99	5.67	3.85	-0.66	4.22	113	
6	31	38	4.95	3.30	3.96	-3.06	0.65	114	
6	31	43	-12.16	-13.02	-15.97	-13.06	-1.08	115	
6	35	3	35.07	15.35	1.38	-26.47	-1.20	116	
6	35	8	7.24	7.39	14.09	98.02	-4.98	117	
6	35	13	2.30	1.41	0.39	0.35	1.44	118	
6	35	18	3.89	2.22	2.76	1.59	-2.20	119	
6	35	23	4.54	3.91	2.96	0.05	2.80	120	
6	35	28	3.40	4.26	3.18	2.50	1.77	121	
6	35	33	2.98	2.13	3.40	0.17	1.06	122	
6	35	38	2.84	2.66	1.62	-3.33	-0.87	123	
6	35	43	-4.23	9.26	2.84	-5.85	-11.51	124	
6	39	3	29.75	1.44	16.88	-20.96	3.87	125	
6	39	8	-33.98	-25.00	-82.45	31.97	17.16	126	
6	39	13	13.38	3.39	5.61	6.81	2.63	127	
6	39	18	2.20	3.07	2.06	1.07	4.37	128	
6	39	23	2.23	2.06	3.26	0.52	0.37	129	
6	39	28	1.69	2.66	1.85	-0.10	1.74	130	
6	39	33	4.25	3.83	4.58	-1.48	1.56	131	
6	39	38	2.38	1.41	2.76	-2.47	1.20	132	
6	39	43	-3.52	16.13	13.44	-6.21	6.58	133	
6	43	3	1.03	1.79	1.63	-2.58	1.27	134	
6	43	8	-1.22	16.67	21.11	2.42	19.62	135	
6	43	13	4.12	1.26	1.77	-0.03	-0.90	136	
6	43	18	3.87	3.93	2.21	-1.21	-0.22	137	
6	43	23	2.46	3.31	2.31	0.97	-0.26	138	
6	43	28	2.34	1.95	3.11	0.16	-1.43	139	
6	43	33	4.68	2.44	3.71	1.54	1.13	140	
6	43	38	3.13	4.90	2.93	0.25	-0.13	141	
6	43	43	-8.33	-7.90	2.30	-7.70	12.60	142	
