143
diam	c	r	EConv0	EConv1	EConv2	OConv0	OConv1
6	3	3	3.23	0.94	1.35	-1.10	1.57	44	
6	3	8	16.16	39.57	1.18	-17.56	-21.19	45	
6	3	13	-25.87	-88.82	5.60	-23.98	-31.85	46	
6	3	18	20.67	47.22	-3.83	36.96	45.94	47	
6	3	23	1.77	0.21	-0.28	-0.39	6.03	48	
6	3	28	1.41	35.67	4.54	-6.68	-23.24	49	
6	3	33	-0.62	15.71	43.20	6.41	-38.45	50	
6	3	38	-3.20	6.04	-4.69	20.06	13.45	51	
6	3	43	1.72	3.92	3.71	0.15	0.48	52	
6	7	3	4.31	4.66	3.22	-2.33	2.78	53	
6	7	8	-38.33	-94.25	-24.21	-33.07	4.47	54	
6	7	13	13.17	57.09	2.98	37.04	58.89	55	
6	7	18	1.51	3.76	2.28	0.59	2.33	56	
6	7	23	13.10	51.82	0.53	-52.86	-72.18	57	
6	7	28	-8.83	-93.14	-22.94	-2.87	0.21	58	
6	7	33	-6.16	-18.98	-87.76	1.67	32.72	59	
6	7	38	18.04	11.60	27.23	45.72	-24.60	60	
6	7	43	2.22	3.08	2.17	2.96	0.58	61	
6	11	3	4.58	1.70	3.51	-5.36	0.17	62	
6	11	8	-3.03	15.82	9.59	5.91	11.74	63	
6	11	13	2.65	2.82	3.40	0.02	-6.98	64	
6	11	18	25.43	47.81	-4.51	-55.65	-57.09	65	
6	11	23	-19.50	-69.49	3.68	42.30	53.99	66	
6	11	28	12.88	45.30	12.23	16.10	23.07	67	
6	11	33	17.87	19.21	28.27	-60.21	-40.30	68	
6	11	38	-20.75	-33.70	-3.04	87.00	17.60	69	
6	11	43	4.57	2.03	1.60	1.84	-0.30	70	
6	15	3	2.92	3.88	4.06	-0.54	-0.55	71	
6	15	8	2.39	5.85	2.03	-1.26	3.54	72	
6	15	13	15.54	21.50	-0.18	-10.20	-7.04	73	
6	15	18	-49.82	-89.10	17.17	2.10	4.17	74	
6	15	23	14.84	27.91	-1.63	12.98	11.89	75	
6	15	28	9.45	30.23	-4.29	-48.51	-58.40	76	
6	15	33	11.27	15.61	5.10	46.63	51.27	77	
6	15	38	-54.69	-10.01	-17.35	83.83	0.33	78	
6	15	43	3.17	2.24	1.04	-1.75	-0.25	79	
6	19	3	1.00	2.11	0.92	-1.66	-0.81	80	
6	19	8	2.95	1.81	2.81	-2.49	-0.36	81	
6	19	13	2.58	2.56	-2.86	-81.47	-55.51	82	
6	19	18	32.29	45.61	-2.30	56.83	44.82	83	
6	19	23	23.18	35.60	-2.14	-23.47	-14.65	84	
6	19	28	-18.07	-36.84	8.47	57.06	55.72	85	
6	19	33	5.65	9.18	3.82	-0.83	2.97	86	
6	19	38	-39.66	-18.98	-12.56	84.96	11.86	87	
6	19	43	1.77	-0.03	2.49	1.36	0.17	88	
6	23	3	3.25	0.43	4.24	2.76	-1.27	89	
6	23	8	19.10	26.20	1.21	-11.21	-10.24	90	
6	23	13	-50.73	-59.66	13.45	51.75	31.25	91	
6	23	18	0.34	2.84	-0.70	0.16	-0.59	92	
6	23	23	-18.20	-19.01	4.90	-73.53	-29.96	93	
6	23	28	17.93	23.98	-5.17	14.65	6.05	94	
6	23	33	38.78	27.37	0.89	-29.82	-15.27	95	
6	23	38	22.74	7.82	-12.28	83.84	9.52	96	
6	23	43	2.94	5.15	2.89	-0.60	-1.65	97	
6	27	3	2.98	2.59	1.92	2.87	-1.61	98	
6	27	8	23.27	15.49	0.75	-83.54	-32.11	99	
6	27	13	32.96	42.24	-1.66	40.61	30.82	100	
6	27	18	1.26	0.60	0.93	0.49	6.32	101	
6	27	23	-80.79	-41.42	0.59	29.40	15.58	102	
6	27	28	2.26	-1.76	0.88	-1.22	5.03	103	
6	27	33	-7.75	-12.53	3.23	-73.21	-29.59	104	
6	27	38	12.36	18.31	5.74	21.97	-7.07	105	
6	27	43	3.18	4.16	7.28	2.80	1.87	106	
6	31	3	1.97	4.59	0.53	-1.11	-0.97	107	
6	31	8	-71.21	-54.07	10.94	-16.57	9.39	108	
6	31	13	8.24	6.45	4.71	3.84	1.97	109	
6	31	18	2.18	3.26	2.13	2.12	-0.77	110	
6	31	23	-76.94	8.83	-52.64	16.72	-20.61	111	
6	31	28	18.88	48.72	21.46	-25.88	-52.59	112	
6	31	33	-14.64	-21.69	0.87	48.66	47.27	113	
6	31	38	-11.53	5.65	10.51	10.36	-11.55	114	
6	31	43	1.69	2.83	1.74	2.31	1.60	115	
6	35	3	4.83	2.79	2.04	-1.06	-2.44	116	
6	35	8	-16.19	-1.88	-3.08	54.00	15.49	117	
6	35	13	5.93	3.39	3.26	4.76	-4.93	118	
6	35	18	2.44	3.79	4.23	1.07	-3.51	119	
6	35	23	-3.55	-6.72	47.64	-41.18	56.02	120	
6	35	28	1.55	22.83	7.65	23.86	75.75	121	
6	35	33	5.26	6.19	1.99	1.59	2.94	122	
6	35	38	-10.76	9.73	11.19	11.10	-2.24	123	
6	35	43	3.06	2.52	2.64	1.27	-1.55	124	
6	39	3	5.18	4.51	3.67	-1.48	4.71	125	
6	39	8	2.94	6.16	-12.56	41.24	10.24	126	
6	39	13	1.78	0.83	0.47	1.03	2.26	127	
6	39	18	2.25	1.57	-0.08	-1.03	-1.33	128	
6	39	23	1.45	-0.10	0.85	1.88	1.25	129	
6	39	28	2.06	-2.18	-1.42	-1.28	-0.60	130	
6	39	33	10.70	48.09	-10.42	-30.11	-43.28	131	
6	39	38	5.36	7.61	55.05	36.66	-28.34	132	
6	39	43	4.01	3.69	3.00	0.65	0.88	133	
6	43	3	3.13	5.31	4.76	0.18	-5.22	134	
6	43	8	1.52	9.32	7.30	1.09	5.12	135	
6	43	13	2.30	4.66	4.87	1.10	5.08	136	
6	43	18	2.31	1.59	3.41	-3.55	8.88	137	
6	43	23	4.42	3.55	1.91	3.24	6.80	138	
6	43	28	2.51	5.46	4.69	2.60	2.93	139	
6	43	33	0.29	-42.90	13.05	-68.78	53.53	140	
6	43	38	5.67	17.81	-39.34	74.39	52.88	141	
6	43	43	3.61	3.71	3.28	0.98	-1.27	142	
