143
diam	c	r	EConv0	EConv1	EConv2	OConv0	OConv1
6	3	3	1.27	3.01	3.21	-1.87	0.56	44	
6	3	8	2.57	4.37	1.82	-0.74	-2.08	45	
6	3	13	3.65	6.73	11.99	-1.01	4.13	46	
6	3	18	3.38	3.26	5.35	-0.68	2.63	47	
6	3	23	6.35	8.53	1.98	0.20	-2.64	48	
6	3	28	10.08	30.74	6.24	-23.61	-46.84	49	
6	3	33	3.41	-1.83	7.43	-26.03	-73.47	50	
6	3	38	-20.63	-9.34	-6.34	0.23	-15.08	51	
6	3	43	6.83	-6.10	25.89	49.03	-42.83	52	
6	7	3	-1.19	2.02	1.14	-1.66	-0.99	53	
6	7	8	5.22	5.57	5.69	-1.17	-1.06	54	
6	7	13	2.21	2.84	3.60	2.08	-0.55	55	
6	7	18	0.93	1.53	1.08	5.30	8.67	56	
6	7	23	5.88	27.42	-0.33	-34.09	-48.87	57	
6	7	28	-9.31	-48.05	-3.01	-19.97	-23.65	58	
6	7	33	2.79	-7.45	-23.36	-2.57	37.70	59	
6	7	38	0.90	1.34	-2.18	0.35	1.34	60	
6	7	43	-35.64	-6.87	-25.60	56.18	-19.53	61	
6	11	3	-3.43	2.57	2.28	-2.41	1.00	62	
6	11	8	2.10	2.46	5.65	-1.01	2.12	63	
6	11	13	2.99	6.60	5.31	2.36	1.43	64	
6	11	18	6.00	20.65	-6.44	-38.65	-53.79	65	
6	11	23	-8.30	-48.59	5.46	-1.74	13.61	66	
6	11	28	6.38	27.79	3.58	28.36	60.40	67	
6	11	33	0.43	14.82	15.84	-49.88	-14.65	68	
6	11	38	2.13	-11.99	-9.79	-0.01	10.52	69	
6	11	43	-26.32	-0.73	-10.50	25.29	-5.55	70	
6	15	3	-0.72	2.78	2.98	-1.67	0.45	71	
6	15	8	4.51	5.51	0.57	-3.27	-2.12	72	
6	15	13	10.28	17.77	-1.11	-26.57	-36.97	73	
6	15	18	-12.60	-40.41	7.39	11.44	23.43	74	
6	15	23	7.28	21.06	-1.51	25.67	39.54	75	
6	15	28	7.43	10.27	-0.57	-37.20	-37.10	76	
6	15	33	-8.23	-27.44	0.66	17.46	38.66	77	
6	15	38	32.83	25.49	17.13	-13.15	62.20	78	
6	15	43	-24.94	2.08	-11.75	-1.90	-5.17	79	
6	19	3	6.10	1.10	3.13	-2.17	0.68	80	
6	19	8	10.18	20.42	-3.01	-30.88	-25.00	81	
6	19	13	-10.11	-36.65	6.17	14.84	12.30	82	
6	19	18	9.57	26.34	0.85	12.44	24.09	83	
6	19	23	21.19	22.70	-2.20	-20.86	-17.71	84	
6	19	28	-15.69	-29.89	10.36	16.66	17.02	85	
6	19	33	10.46	20.31	8.06	7.03	13.70	86	
6	19	38	34.09	27.37	3.41	-35.90	-20.23	87	
6	19	43	-12.24	-23.94	-0.71	6.81	41.35	88	
6	23	3	10.02	14.45	-0.68	-11.91	-7.55	89	
6	23	8	-12.40	-30.93	13.08	-17.86	-9.38	90	
6	23	13	11.98	27.33	-2.54	24.63	23.65	91	
6	23	18	-3.68	1.98	3.52	-1.02	-0.88	92	
6	23	23	-13.22	-7.66	3.94	-50.11	-32.68	93	
6	23	28	21.36	22.59	-0.36	24.07	21.48	94	
6	23	33	5.11	8.16	0.31	2.94	0.09	95	
6	23	38	-10.14	-19.82	5.83	-48.46	-31.08	96	
6	23	43	20.63	21.33	9.64	26.18	31.35	97	
6	27	3	14.57	16.85	1.98	-57.93	-36.00	98	
6	27	8	21.58	14.43	14.96	43.28	27.72	99	
6	27	13	7.26	2.98	5.30	-3.40	-1.70	100	
6	27	18	9.80	6.94	0.39	-9.37	-3.54	101	
6	27	23	-49.79	-40.55	9.35	30.05	6.65	102	
6	27	28	3.36	4.15	3.92	0.06	2.47	103	
6	27	33	17.40	30.13	2.81	-31.75	-32.85	104	
6	27	38	-17.98	-23.72	3.81	31.68	28.50	105	
6	27	43	11.19	12.23	3.31	0.91	-0.35	106	
6	31	3	-21.31	-22.00	-4.74	-57.74	-32.75	107	
6	31	8	14.34	-8.60	-6.62	34.36	-48.38	108	
6	31	13	15.44	4.16	9.39	8.69	1.19	109	
6	31	18	33.45	17.33	2.03	-34.24	-4.62	110	
6	31	23	-16.23	11.58	6.02	84.78	-14.48	111	
6	31	28	3.00	25.31	4.95	-30.14	-44.68	112	
6	31	33	-15.28	-47.51	8.15	-7.51	-4.91	113	
6	31	38	15.84	24.84	-0.07	24.02	16.59	114	
6	31	43	1.12	-0.30	2.62	-4.88	-2.30	115	
6	35	3	-21.46	-18.00	-0.15	-0.65	66.14	116	
6	35	8	3.43	19.76	-1.32	18.89	58.61	117	
6	35	13	4.56	3.85	-0.58	2.07	-0.38	118	
6	35	18	36.79	1.53	19.90	-35.13	9.18	119	
6	35	23	-17.38	-8.58	-52.04	7.17	5.60	120	
6	35	28	-5.41	-45.97	-9.74	12.66	11.27	121	
6	35	33	8.64	25.66	3.54	31.77	35.91	122	
6	35	38	1.13	1.86	2.93	-0.54	0.67	123	
6	35	43	3.18	2.14	3.40	-1.25	2.97	124	
6	39	3	1.23	8.60	9.16	4.96	8.72	125	
6	39	8	3.88	1.82	5.92	-0.42	-2.63	126	
6	39	13	-0.46	2.03	2.71	1.19	-0.62	127	
6	39	18	11.47	2.00	8.66	-0.01	-1.76	128	
6	39	23	3.15	17.99	25.11	-6.84	52.36	129	
6	39	28	2.30	24.82	8.90	7.47	30.34	130	
6	39	33	3.74	4.12	2.47	2.75	2.27	131	
6	39	38	2.45	3.05	3.01	0.17	-0.97	132	
6	39	43	1.88	3.72	2.41	1.57	0.67	133	
6	43	3	2.19	4.33	1.34	-0.63	-0.35	134	
6	43	8	1.33	1.53	-0.81	0.65	2.88	135	
6	43	13	1.37	2.82	2.72	3.36	0.96	136	
6	43	18	6.30	4.66	3.08	1.00	1.91	137	
6	43	23	7.37	3.69	5.05	-1.45	-1.97	138	
6	43	28	-0.35	1.96	2.09	-1.40	0.31	139	
6	43	33	5.84	3.49	2.51	0.87	3.21	140	
6	43	38	4.74	2.64	2.64	0.59	3.59	141	
6	43	43	1.10	1.99	0.84	-1.24	2.80	142	
