143
diam	c	r	EConv0	EConv1	EConv2	OConv0	OConv1
6	3	3	2.84	4.93	4.01	1.78	2.67	44	
6	3	8	2.86	3.03	3.22	-2.89	1.72	45	
6	3	13	2.67	2.17	1.11	1.93	0.06	46	
6	3	18	3.34	3.23	3.04	1.40	-0.21	47	
6	3	23	2.56	2.80	3.53	-4.30	0.38	48	
6	3	28	1.11	1.97	2.42	-3.14	-1.34	49	
6	3	33	2.44	0.68	4.90	4.48	-1.64	50	
6	3	38	8.25	11.01	0.93	-4.67	4.38	51	
6	3	43	7.24	16.96	27.13	-7.04	-27.57	52	
6	7	3	4.25	2.98	2.75	0.33	0.72	53	
6	7	8	1.99	2.01	3.85	-0.10	-0.66	54	
6	7	13	3.18	3.76	4.02	0.77	3.59	55	
6	7	18	3.28	3.85	2.08	-1.50	0.09	56	
6	7	23	3.75	3.59	3.48	-2.97	-1.76	57	
6	7	28	3.78	2.29	3.78	-2.65	-1.24	58	
6	7	33	12.12	29.42	-3.94	-14.27	-11.11	59	
6	7	38	1.80	-5.43	-1.75	-44.55	-100.08	60	
6	7	43	-28.68	-29.98	-22.69	35.20	-54.88	61	
6	11	3	3.34	3.68	2.37	-1.03	-2.21	62	
6	11	8	2.14	1.83	1.91	1.97	-0.39	63	
6	11	13	3.21	3.05	2.05	0.90	-3.02	64	
6	11	18	3.63	3.78	3.68	-3.00	-3.11	65	
6	11	23	4.24	4.73	7.01	-2.93	-1.52	66	
6	11	28	9.98	26.49	-4.59	-16.38	-10.10	67	
6	11	33	-6.19	-31.22	-0.86	-52.31	-74.73	68	
6	11	38	-3.23	-46.85	-8.61	19.93	52.86	69	
6	11	43	-38.69	-3.99	-39.77	13.57	30.04	70	
6	15	3	5.61	2.83	3.33	-2.88	0.43	71	
6	15	8	4.32	3.15	3.11	0.99	0.57	72	
6	15	13	3.24	3.32	2.46	-1.71	-1.84	73	
6	15	18	3.94	2.61	3.63	-3.27	-1.83	74	
6	15	23	11.36	18.96	-4.53	-13.48	-9.80	75	
6	15	28	-4.81	-28.64	4.71	-51.81	-73.17	76	
6	15	33	-7.67	-30.77	5.17	56.49	72.64	77	
6	15	38	7.68	45.73	9.05	19.35	31.81	78	
6	15	43	-53.44	-22.20	-5.33	-45.86	28.07	79	
6	19	3	3.91	3.24	4.04	-1.39	1.03	80	
6	19	8	3.82	3.74	3.02	-0.29	1.05	81	
6	19	13	5.06	5.40	1.37	-3.73	2.11	82	
6	19	18	5.87	5.18	3.02	-3.64	-0.55	83	
6	19	23	-1.04	-9.95	1.83	-62.80	-56.90	84	
6	19	28	2.37	-8.11	3.96	45.71	79.71	85	
6	19	33	17.29	31.52	13.08	18.14	18.48	86	
6	19	38	2.25	2.46	2.86	-2.28	1.15	87	
6	19	43	-3.35	5.66	13.96	-4.41	21.05	88	
6	23	3	4.10	2.78	4.30	0.61	-0.99	89	
6	23	8	1.70	3.19	2.42	-0.61	-1.43	90	
6	23	13	4.21	0.05	5.06	-6.19	3.48	91	
6	23	18	17.43	30.11	-8.11	-53.71	-48.37	92	
6	23	23	-12.89	-26.26	6.52	45.47	51.69	93	
6	23	28	22.62	38.87	-14.76	-59.10	-35.92	94	
6	23	33	6.79	3.58	-14.07	17.51	-97.63	95	
6	23	38	-5.55	-0.59	26.78	32.60	-81.17	96	
6	23	43	8.61	-1.14	8.01	2.54	-0.35	97	
6	27	3	2.32	4.01	2.10	-0.08	-2.14	98	
6	27	8	1.05	1.78	2.42	-0.78	-1.59	99	
6	27	13	18.40	19.99	-2.06	-22.20	-13.30	100	
6	27	18	-37.25	-65.78	13.59	6.48	3.12	101	
6	27	23	6.35	20.49	-3.05	23.43	22.40	102	
6	27	28	-23.21	-15.33	-7.59	-93.83	-18.63	103	
6	27	33	-2.27	-11.00	-3.45	2.21	5.44	104	
6	27	38	-12.72	-7.55	-33.03	18.10	1.30	105	
6	27	43	35.59	-0.80	14.10	42.40	-10.24	106	
6	31	3	2.71	2.76	3.79	-0.26	1.91	107	
6	31	8	3.88	2.98	2.98	1.52	1.91	108	
6	31	13	2.95	0.14	3.20	-66.95	-37.30	109	
6	31	18	19.77	35.88	-4.50	52.34	47.73	110	
6	31	23	-1.03	3.61	2.44	2.35	3.19	111	
6	31	28	-13.08	-26.40	22.22	-37.72	75.17	112	
6	31	33	0.47	18.86	8.66	23.04	102.91	113	
6	31	38	4.46	19.75	19.00	-25.53	78.73	114	
6	31	43	25.34	22.82	-6.39	17.35	11.59	115	
6	35	3	2.93	3.94	2.15	-1.11	-3.80	116	
6	35	8	17.80	18.34	2.93	-11.65	-7.92	117	
6	35	13	-49.47	-53.67	7.87	28.13	6.50	118	
6	35	18	9.26	5.58	1.83	7.35	-0.25	119	
6	35	23	-1.14	0.88	1.89	1.41	1.75	120	
6	35	28	1.29	2.17	0.67	3.17	-7.60	121	
6	35	33	2.25	-0.03	-0.21	-0.49	-10.79	122	
6	35	38	2.81	0.85	5.07	-4.16	-2.00	123	
6	35	43	10.71	5.86	10.06	-5.06	-5.62	124	
6	39	3	1.98	1.91	3.91	-1.56	2.95	125	
6	39	8	22.31	20.09	-7.89	-69.17	-32.91	126	
6	39	13	33.95	30.98	2.68	57.78	39.95	127	
6	39	18	1.47	4.95	1.05	5.45	-0.88	128	
6	39	23	2.70	4.03	2.77	-0.23	1.96	129	
6	39	28	2.96	3.77	-1.79	-1.57	0.42	130	
6	39	33	1.99	1.12	1.08	-1.53	-1.32	131	
6	39	38	1.66	5.04	2.67	-5.58	-2.51	132	
6	39	43	7.30	12.15	9.25	-4.82	-0.61	133	
6	43	3	-3.19	0.11	4.27	7.15	-1.53	134	
6	43	8	-46.97	-16.29	-11.39	-80.96	-16.11	135	
6	43	13	26.28	18.11	8.65	6.83	0.59	136	
6	43	18	2.73	2.96	2.59	2.09	-1.36	137	
6	43	23	3.33	3.14	3.23	-0.14	-3.77	138	
6	43	28	2.48	1.39	4.51	-3.22	-2.04	139	
6	43	33	3.14	4.19	3.15	-0.26	-1.96	140	
6	43	38	21.31	21.71	-3.32	-33.21	-17.40	141	
6	43	43	-28.81	-28.06	-15.60	13.29	-84.73	142	
