143
diam	c	r	EConv0	EConv1	EConv2	OConv0	OConv1
6	3	3	3.06	3.06	3.06	-0.00	-0.00	44	
6	3	8	3.54	3.17	3.17	-1.74	-0.00	45	
6	3	13	3.02	3.02	3.02	-0.00	0.00	46	
6	3	18	3.77	2.84	3.44	-0.71	0.21	47	
6	3	23	2.57	2.62	1.62	-3.61	1.56	48	
6	3	28	3.05	0.85	1.09	2.06	-0.17	49	
6	3	33	2.43	0.00	3.26	0.95	2.48	50	
6	3	38	4.02	3.92	2.71	-1.97	-1.10	51	
6	3	43	-6.40	-7.21	-9.16	24.96	4.13	52	
6	7	3	2.73	3.57	2.71	-0.54	-1.11	53	
6	7	8	3.85	3.06	3.34	-1.58	0.20	54	
6	7	13	2.85	3.37	3.00	-0.40	-0.54	55	
6	7	18	2.65	4.61	4.21	-0.70	-1.13	56	
6	7	23	8.62	19.56	3.59	-13.72	-9.19	57	
6	7	28	-1.93	27.25	5.01	-18.19	-78.12	58	
6	7	33	-6.84	6.96	10.94	11.68	-90.29	59	
6	7	38	12.05	-1.12	34.92	19.40	-18.22	60	
6	7	43	-0.12	9.11	4.50	8.10	0.10	61	
6	11	3	2.35	1.95	2.80	-0.66	0.21	62	
6	11	8	3.13	3.04	2.69	-1.20	-1.23	63	
6	11	13	3.06	4.27	2.57	-1.92	-3.10	64	
6	11	18	6.84	34.57	1.02	-18.34	-27.76	65	
6	11	23	-6.58	-29.53	-4.75	-44.77	-76.40	66	
6	11	28	-3.38	-42.11	-11.78	5.97	15.36	67	
6	11	33	5.54	-32.06	-32.36	-2.51	59.76	68	
6	11	38	-13.24	3.59	-34.61	57.21	-56.04	69	
6	11	43	7.67	-10.12	7.80	30.92	-3.41	70	
6	15	3	3.84	3.16	3.52	0.97	-0.05	71	
6	15	8	2.77	2.36	3.14	-1.18	0.26	72	
6	15	13	12.97	33.37	-1.24	-24.10	-24.52	73	
6	15	18	-13.26	-38.42	4.00	-43.56	-51.91	74	
6	15	23	-7.73	-32.13	1.37	40.33	61.52	75	
6	15	28	6.47	43.47	12.09	24.06	55.05	76	
6	15	33	8.09	53.49	27.88	-37.48	-67.33	77	
6	15	38	-0.11	-0.16	-1.52	-25.85	12.27	78	
6	15	43	40.69	1.25	27.76	75.85	-24.01	79	
6	19	3	2.52	3.97	3.28	1.60	-1.60	80	
6	19	8	11.67	27.86	-0.33	-18.89	-16.65	81	
6	19	13	-13.47	-35.86	3.99	-51.63	-57.44	82	
6	19	18	-5.23	-32.67	4.07	45.21	61.84	83	
6	19	23	14.24	33.40	1.54	12.19	27.49	84	
6	19	28	24.96	30.12	-12.84	-61.44	-44.94	85	
6	19	33	-15.00	-58.96	-0.22	16.37	30.36	86	
6	19	38	58.54	39.51	-0.30	-50.23	38.49	87	
6	19	43	23.16	2.74	8.87	106.20	-5.77	88	
6	23	3	4.40	4.78	2.90	-2.02	-1.61	89	
6	23	8	-3.97	-5.13	-1.41	-74.25	-54.26	90	
6	23	13	-14.47	-38.27	13.85	43.43	41.73	91	
6	23	18	13.74	35.26	-3.13	19.69	13.75	92	
6	23	23	1.17	-2.62	1.99	0.39	-1.50	93	
6	23	28	-43.38	-28.35	-0.46	-80.34	-24.79	94	
6	23	33	27.32	34.10	-1.50	52.75	41.40	95	
6	23	38	42.80	13.26	10.95	-95.63	-4.33	96	
6	23	43	16.49	2.87	4.35	113.22	3.27	97	
6	27	3	30.92	22.23	-0.42	-26.07	-4.96	98	
6	27	8	-23.41	-30.14	6.12	-13.51	-7.95	99	
6	27	13	22.89	35.84	-6.99	59.56	38.47	100	
6	27	18	2.55	1.34	6.24	-2.03	6.28	101	
6	27	23	3.14	3.41	1.60	2.37	2.30	102	
6	27	28	-82.83	-27.97	-12.62	-20.12	1.11	103	
6	27	33	11.16	8.92	2.88	-1.53	4.39	104	
6	27	38	8.19	5.20	5.16	-107.26	-25.86	105	
6	27	43	31.47	16.03	-1.67	101.33	15.10	106	
6	31	3	43.97	1.36	18.14	-39.96	6.44	107	
6	31	8	-22.05	-22.83	-7.90	54.54	55.63	108	
6	31	13	7.12	8.38	-0.40	6.56	5.88	109	
6	31	18	2.28	1.89	0.92	1.03	0.05	110	
6	31	23	2.27	2.19	1.83	-1.96	-0.24	111	
6	31	28	-81.11	-10.15	-35.68	-33.63	4.97	112	
6	31	33	19.33	8.08	18.44	2.02	-4.46	113	
6	31	38	-37.56	-32.55	11.54	-67.61	-19.89	114	
6	31	43	41.30	29.63	5.15	46.61	12.11	115	
6	35	3	6.35	1.19	7.20	-3.32	0.10	116	
6	35	8	0.86	25.00	5.13	9.95	22.90	117	
6	35	13	1.84	1.09	2.39	0.32	-0.06	118	
6	35	18	3.33	3.16	3.46	0.26	0.69	119	
6	35	23	2.57	2.84	2.14	-0.99	-0.44	120	
6	35	28	-7.16	-5.93	-7.32	-87.47	45.51	121	
6	35	33	31.57	-0.13	-11.86	6.76	-92.63	122	
6	35	38	-26.28	-42.01	7.54	42.12	20.61	123	
6	35	43	11.33	2.67	-1.88	32.40	-2.96	124	
6	39	3	2.26	2.56	3.79	1.27	1.87	125	
6	39	8	0.23	4.35	2.71	-0.00	-2.18	126	
6	39	13	2.03	3.07	3.83	0.49	1.22	127	
6	39	18	3.05	3.20	3.07	0.07	0.67	128	
6	39	23	2.18	2.51	3.19	-0.61	1.07	129	
6	39	28	14.62	-4.25	28.82	-19.11	20.58	130	
6	39	33	-15.75	-11.24	-7.75	-18.49	98.98	131	
6	39	38	9.87	38.19	-9.29	45.65	53.80	132	
6	39	43	2.32	12.44	4.96	7.15	5.91	133	
6	43	3	3.52	3.37	2.89	1.69	-0.38	134	
6	43	8	-10.64	34.27	-15.15	-41.04	-47.56	135	
6	43	13	17.21	0.41	19.73	11.36	-7.64	136	
6	43	18	3.87	3.22	2.06	-1.38	0.59	137	
6	43	23	2.05	2.14	2.65	0.28	2.09	138	
6	43	28	3.50	3.22	1.50	-0.37	-1.12	139	
6	43	33	5.46	6.17	5.51	0.26	-4.95	140	
6	43	38	6.64	1.96	3.62	-5.52	-1.85	141	
6	43	43	5.44	-4.99	0.53	24.74	-2.93	142	
