143
diam	c	r	EConv0	EConv1	EConv2	OConv0	OConv1
6	3	3	4.23	5.04	3.05	-0.54	0.06	44	
6	3	8	2.72	4.37	4.73	-2.65	-0.26	45	
6	3	13	3.38	1.82	2.70	-1.19	-0.40	46	
6	3	18	2.10	1.94	3.69	-1.74	-0.83	47	
6	3	23	2.81	1.29	2.19	-1.10	-1.34	48	
6	3	28	2.71	2.05	1.90	0.04	-1.81	49	
6	3	33	16.46	23.23	4.69	-13.19	-8.28	50	
6	3	38	-4.94	-6.70	-6.11	-42.78	-65.03	51	
6	3	43	29.36	-18.21	14.13	36.30	-7.72	52	
6	7	3	4.06	2.61	3.20	-1.05	-3.55	53	
6	7	8	2.35	1.08	3.86	1.46	-0.51	54	
6	7	13	4.46	5.03	2.74	-1.70	-1.69	55	
6	7	18	4.61	3.31	6.25	1.56	2.05	56	
6	7	23	3.83	4.69	1.76	-1.32	3.40	57	
6	7	28	4.76	15.23	2.33	-1.35	-4.03	58	
6	7	33	-9.23	-20.61	-2.04	-58.06	-71.02	59	
6	7	38	18.50	-7.21	9.33	33.82	67.02	60	
6	7	43	12.62	27.17	-3.23	18.48	3.14	61	
6	11	3	3.33	3.70	3.13	-2.37	0.01	62	
6	11	8	1.04	2.82	1.74	4.15	-0.93	63	
6	11	13	2.42	3.13	4.29	-3.06	-2.58	64	
6	11	18	2.20	4.27	3.37	2.90	-0.49	65	
6	11	23	3.11	7.43	4.89	-2.99	-0.93	66	
6	11	28	8.15	19.90	-3.48	-65.57	-64.09	67	
6	11	33	-15.49	7.07	8.32	39.94	-6.66	68	
6	11	38	11.17	23.57	53.78	30.86	-59.05	69	
6	11	43	0.89	1.25	7.67	-1.78	9.48	70	
6	15	3	2.00	2.11	2.54	-1.86	0.80	71	
6	15	8	2.17	3.48	2.74	1.87	2.13	72	
6	15	13	3.62	2.31	1.71	-2.46	3.73	73	
6	15	18	5.01	4.69	4.52	3.73	0.58	74	
6	15	23	24.69	38.82	2.20	-43.02	-40.63	75	
6	15	28	-14.42	-27.50	5.06	-20.51	-24.34	76	
6	15	33	-2.81	-42.89	-16.00	13.44	23.61	77	
6	15	38	-8.56	-15.72	-81.43	4.57	28.88	78	
6	15	43	26.29	-9.05	20.97	23.93	-18.79	79	
6	19	3	2.44	3.72	2.71	-2.40	0.48	80	
6	19	8	1.70	4.14	3.00	-0.67	-3.50	81	
6	19	13	4.81	4.21	2.03	-2.35	-3.78	82	
6	19	18	10.12	37.77	0.63	-45.78	-72.53	83	
6	19	23	-9.26	-69.30	-1.72	-21.50	-37.57	84	
6	19	28	2.18	-16.37	1.78	40.66	94.10	85	
6	19	33	9.91	48.44	14.00	27.24	59.65	86	
6	19	38	54.64	31.43	36.56	-56.62	18.03	87	
6	19	43	47.95	17.07	15.62	81.10	-9.13	88	
6	23	3	3.00	3.13	3.20	-2.63	-0.31	89	
6	23	8	2.88	9.25	4.54	-2.75	-2.30	90	
6	23	13	2.88	23.68	-5.39	-53.84	-82.97	91	
6	23	18	-17.79	-47.94	2.50	-15.76	-13.51	92	
6	23	23	14.38	25.21	9.33	70.95	75.03	93	
6	23	28	2.59	16.91	1.67	1.70	7.51	94	
6	23	33	1.53	0.31	3.64	1.40	-5.16	95	
6	23	38	31.26	17.19	6.84	-77.18	-22.70	96	
6	23	43	31.43	19.08	1.10	40.81	24.64	97	
6	27	3	1.98	0.17	3.53	-1.18	0.04	98	
6	27	8	13.18	31.25	-4.96	-59.76	-50.57	99	
6	27	13	-11.56	-21.92	2.60	-10.94	-6.31	100	
6	27	18	-11.06	-11.13	2.32	67.53	57.62	101	
6	27	23	7.48	12.46	-2.90	12.49	3.67	102	
6	27	28	21.15	27.45	0.94	-21.28	-15.42	103	
6	27	33	7.53	-19.35	17.44	47.21	-21.70	104	
6	27	38	-43.75	-36.36	4.86	-53.20	-7.79	105	
6	27	43	-2.45	0.88	-9.82	3.31	-1.79	106	
6	31	3	21.40	27.46	0.24	-21.57	-13.84	107	
6	31	8	-22.37	-40.20	8.50	-32.86	-29.05	108	
6	31	13	-23.46	-35.02	6.46	23.21	24.39	109	
6	31	18	18.49	28.75	-3.88	32.15	24.96	110	
6	31	23	4.03	2.65	4.80	2.70	-0.05	111	
6	31	28	7.21	5.67	-2.36	-81.24	-30.77	112	
6	31	33	48.07	46.68	-9.80	20.55	10.16	113	
6	31	38	-28.76	-29.61	6.64	49.35	14.40	114	
6	31	43	-3.35	4.87	5.88	0.75	-0.60	115	
6	35	3	11.58	13.59	-23.12	-104.56	-29.89	116	
6	35	8	-8.53	-18.29	-0.49	14.93	5.20	117	
6	35	13	18.08	27.84	-0.94	65.33	57.49	118	
6	35	18	6.15	6.27	3.79	-3.10	2.51	119	
6	35	23	0.09	1.96	2.14	4.69	0.73	120	
6	35	28	-78.00	-35.98	3.86	-22.46	-7.46	121	
6	35	33	5.35	7.35	5.57	-63.10	-47.87	122	
6	35	38	26.41	24.58	-1.24	49.10	25.01	123	
6	35	43	-3.49	-1.10	-1.32	4.91	5.45	124	
6	39	3	11.97	-33.11	17.02	-98.00	37.29	125	
6	39	8	1.76	17.43	-7.63	62.12	78.41	126	
6	39	13	4.27	7.50	0.18	1.10	3.27	127	
6	39	18	4.51	0.84	5.01	-0.00	-1.26	128	
6	39	23	0.74	2.94	2.22	2.27	0.79	129	
6	39	28	-59.77	-20.83	-62.91	-43.34	-4.15	130	
6	39	33	-18.44	-44.06	3.29	39.86	40.29	131	
6	39	38	13.73	15.51	5.67	5.35	1.44	132	
6	39	43	-4.65	0.84	1.74	0.57	-9.75	133	
6	43	3	3.58	5.52	15.33	-2.94	8.45	134	
6	43	8	2.67	6.91	5.84	-2.16	5.84	135	
6	43	13	5.04	5.57	3.77	-1.45	1.90	136	
6	43	18	3.68	3.55	2.21	-1.66	0.33	137	
6	43	23	1.56	3.92	2.53	1.76	-0.05	138	
6	43	28	-17.99	0.64	30.48	-17.32	55.98	139	
6	43	33	8.27	27.51	8.02	10.00	22.01	140	
6	43	38	4.78	2.44	4.74	0.87	2.40	141	
6	43	43	-1.52	7.62	9.58	3.98	2.80	142	
