143
diam	c	r	EConv0	EConv1	EConv2	OConv0	OConv1
6	3	3	4.63	5.68	5.79	-1.85	-3.26	44	
6	3	8	3.23	1.65	0.91	-0.88	1.40	45	
6	3	13	16.47	42.67	10.14	-18.39	-26.78	46	
6	3	18	-6.89	-35.08	0.38	-41.52	-80.20	47	
6	3	23	0.07	-11.13	-0.35	64.71	69.39	48	
6	3	28	4.93	10.80	6.57	5.04	0.82	49	
6	3	33	3.55	4.93	3.76	-0.95	-0.05	50	
6	3	38	2.69	10.37	12.04	1.22	-9.92	51	
6	3	43	2.34	4.09	2.38	-1.13	-1.55	52	
6	7	3	2.13	1.96	2.55	1.95	-0.53	53	
6	7	8	10.67	32.18	-0.30	-28.73	-36.84	54	
6	7	13	-19.06	-60.18	1.85	-41.31	-51.38	55	
6	7	18	3.37	12.26	0.60	50.00	81.23	56	
6	7	23	9.06	16.36	-0.85	9.88	2.27	57	
6	7	28	3.73	7.08	4.98	-0.23	-1.47	58	
6	7	33	9.07	13.80	0.59	-10.94	-14.45	59	
6	7	38	-13.31	-19.30	-5.14	-4.21	-29.18	60	
6	7	43	15.84	4.61	5.63	13.79	-0.57	61	
6	11	3	6.31	5.26	-1.11	3.67	-1.03	62	
6	11	8	-13.89	-43.34	-8.23	-61.19	-9.55	63	
6	11	13	4.01	18.13	-2.75	60.76	75.74	64	
6	11	18	7.50	12.37	7.26	-1.06	7.33	65	
6	11	23	3.11	5.70	1.15	-0.25	-0.35	66	
6	11	28	3.33	9.37	-0.02	-2.31	2.80	67	
6	11	33	-5.55	-11.62	5.94	-28.15	-23.12	68	
6	11	38	7.93	10.30	4.90	29.90	39.83	69	
6	11	43	4.84	8.31	0.85	-1.34	0.00	70	
6	15	3	6.45	5.33	4.50	-5.68	-2.54	71	
6	15	8	-5.05	15.32	15.27	-2.28	38.22	72	
6	15	13	5.76	9.29	2.35	5.08	1.73	73	
6	15	18	4.78	3.47	1.22	0.19	2.10	74	
6	15	23	5.23	4.47	7.16	0.86	5.15	75	
6	15	28	2.23	-0.49	-3.93	-36.10	-26.18	76	
6	15	33	0.68	-7.05	5.50	31.32	31.82	77	
6	15	38	4.05	3.75	-3.17	2.07	-0.45	78	
6	15	43	3.09	2.88	5.78	-0.48	0.62	79	
6	19	3	0.69	6.74	3.65	-2.05	-9.08	80	
6	19	8	-2.16	3.12	15.78	4.63	-18.25	81	
6	19	13	1.16	2.82	1.24	1.88	0.11	82	
6	19	18	3.35	2.53	-0.54	-7.67	-3.10	83	
6	19	23	11.96	12.79	-1.60	-21.10	-26.26	84	
6	19	28	0.44	-15.11	10.21	16.07	15.63	85	
6	19	33	8.32	14.14	-0.50	11.44	4.53	86	
6	19	38	2.73	4.45	3.99	0.98	-1.09	87	
6	19	43	2.13	3.16	5.96	3.39	-2.87	88	
6	23	3	23.56	25.80	-11.50	-66.84	-23.15	89	
6	23	8	-0.58	-29.05	12.10	76.72	-19.72	90	
6	23	13	4.62	7.45	4.50	-4.03	1.84	91	
6	23	18	13.56	19.94	9.24	-17.35	-13.36	92	
6	23	23	-8.74	-19.42	12.30	11.45	1.00	93	
6	23	28	6.82	17.47	3.36	8.25	14.82	94	
6	23	33	3.93	5.83	6.44	0.09	0.60	95	
6	23	38	1.05	4.85	-0.39	-1.77	-3.43	96	
6	23	43	5.96	17.31	-2.32	-16.86	-13.72	97	
6	27	3	35.84	4.34	22.63	-78.62	23.36	98	
6	27	8	5.78	12.78	-2.70	97.23	6.91	99	
6	27	13	3.33	11.91	1.43	-14.96	-10.12	100	
6	27	18	-9.76	-23.21	1.63	-21.61	-18.65	101	
6	27	23	9.56	15.80	0.59	26.74	17.87	102	
6	27	28	2.00	1.76	3.89	1.24	-0.59	103	
6	27	33	3.98	6.20	3.47	-1.68	0.48	104	
6	27	38	12.99	17.16	7.98	-3.90	-1.72	105	
6	27	43	-5.33	-11.48	8.58	-46.86	-51.59	106	
6	31	3	33.60	7.57	18.46	-43.54	3.78	107	
6	31	8	-10.41	11.96	-6.41	56.76	-19.97	108	
6	31	13	-0.90	-10.54	4.89	-25.65	-26.56	109	
6	31	18	3.75	8.42	4.96	22.52	27.09	110	
6	31	23	1.37	4.97	2.17	2.69	-0.13	111	
6	31	28	4.71	1.65	4.67	1.98	2.15	112	
6	31	33	4.87	8.56	3.56	-6.67	-8.42	113	
6	31	38	11.72	13.50	8.04	-49.40	-61.58	114	
6	31	43	-8.99	-22.13	5.67	45.52	54.84	115	
6	35	3	32.34	12.30	15.65	-25.72	6.32	116	
6	35	8	-24.51	-5.63	-20.22	11.96	-9.08	117	
6	35	13	2.17	-6.64	-1.63	24.96	23.44	118	
6	35	18	7.76	10.19	4.76	1.48	4.12	119	
6	35	23	3.49	5.58	4.33	0.99	1.76	120	
6	35	28	8.26	7.37	-0.39	-0.38	-0.50	121	
6	35	33	10.06	25.58	3.65	-50.78	-55.77	122	
6	35	38	-18.12	-53.12	2.45	38.62	34.65	123	
6	35	43	17.06	28.57	1.23	22.63	13.45	124	
6	39	3	24.90	9.58	7.95	-31.87	-3.25	125	
6	39	8	-13.80	-6.22	4.88	22.99	45.29	126	
6	39	13	11.20	16.56	6.33	3.83	11.08	127	
6	39	18	5.49	4.10	2.88	-2.40	2.90	128	
6	39	23	5.17	5.61	4.99	0.57	0.62	129	
6	39	28	15.42	27.49	5.97	-36.46	-49.12	130	
6	39	33	-22.58	-53.01	5.26	16.17	30.98	131	
6	39	38	12.67	36.09	0.71	26.80	33.09	132	
6	39	43	4.55	1.65	5.53	-1.63	-0.34	133	
6	43	3	6.20	-2.17	7.81	-17.56	0.03	134	
6	43	8	5.65	12.65	1.83	10.87	17.78	135	
6	43	13	3.33	0.52	-1.40	-2.80	4.30	136	
6	43	18	7.75	12.56	3.06	-6.95	-8.99	137	
6	43	23	10.70	24.70	0.51	-37.48	-65.18	138	
6	43	28	-7.79	-58.31	3.53	27.00	17.20	139	
6	43	33	7.16	25.36	-1.94	29.70	35.57	140	
6	43	38	-1.08	1.25	1.89	-5.15	-2.90	141	
6	43	43	4.10	2.94	5.00	4.01	2.03	142	
