143
diam	c	r	EConv0	EConv1	EConv2	OConv0	OConv1
6	3	3	3.41	31.38	35.72	-9.01	40.53	44	
6	3	8	-0.89	22.22	33.34	2.80	48.51	45	
6	3	13	5.78	34.53	37.63	6.03	50.32	46	
6	3	18	4.12	35.35	29.39	1.00	53.22	47	
6	3	23	-0.06	27.68	16.66	1.25	33.91	48	
6	3	28	6.03	31.05	32.55	2.66	37.56	49	
6	3	33	-2.38	33.94	31.47	0.44	32.64	50	
6	3	38	-30.85	27.18	16.48	-7.55	40.64	51	
6	3	43	3.10	32.00	26.12	-12.87	27.22	52	
6	7	3	2.67	0.80	0.60	0.86	0.02	53	
6	7	8	1.68	4.43	3.00	4.98	6.39	54	
6	7	13	-1.32	5.14	-0.56	-5.48	-1.16	55	
6	7	18	1.91	-0.45	-0.52	-1.31	-8.71	56	
6	7	23	1.78	2.08	4.07	-0.67	1.02	57	
6	7	28	5.93	4.84	3.29	-2.34	0.23	58	
6	7	33	-0.01	2.35	2.21	2.22	-1.23	59	
6	7	38	-57.32	-22.70	-3.58	-32.05	-56.20	60	
6	7	43	2.12	-0.32	3.49	-4.27	0.51	61	
6	11	3	7.91	11.91	2.23	-2.47	-4.49	62	
6	11	8	-12.95	13.48	-5.97	-24.52	-107.85	63	
6	11	13	-10.03	-43.10	28.56	72.34	-67.92	64	
6	11	18	3.02	3.71	4.81	0.44	1.09	65	
6	11	23	6.24	5.12	3.16	-2.31	-0.42	66	
6	11	28	6.06	2.17	4.32	0.36	-0.17	67	
6	11	33	22.73	37.43	-10.17	-40.81	-26.86	68	
6	11	38	-54.52	-53.10	-6.74	76.89	26.33	69	
6	11	43	-1.52	0.83	2.60	-1.48	0.24	70	
6	15	3	47.85	24.92	0.49	-51.22	-10.27	71	
6	15	8	-20.74	-45.65	1.81	8.74	9.83	72	
6	15	13	8.38	28.24	-34.72	89.47	61.81	73	
6	15	18	6.43	2.73	6.08	2.50	0.03	74	
6	15	23	6.20	0.72	-0.58	-1.38	0.87	75	
6	15	28	4.10	6.43	0.10	-3.54	-2.61	76	
6	15	33	-36.60	-44.13	14.75	-68.95	-46.95	77	
6	15	38	6.90	39.89	-2.12	46.40	16.32	78	
6	15	43	5.46	2.98	3.61	2.75	0.32	79	
6	19	3	66.53	16.01	15.98	-77.41	0.15	80	
6	19	8	-13.14	7.64	39.93	123.48	26.78	81	
6	19	13	-2.91	5.23	2.28	-6.00	-6.77	82	
6	19	18	5.62	4.23	4.09	3.93	-1.76	83	
6	19	23	-8.16	15.77	34.28	10.24	-54.06	84	
6	19	28	10.93	41.47	-10.83	-71.26	-66.71	85	
6	19	33	-9.54	-10.99	5.16	75.42	65.23	86	
6	19	38	-17.36	5.01	-8.19	-1.32	19.89	87	
6	19	43	6.08	5.46	5.03	3.25	-1.91	88	
6	23	3	39.91	-1.30	26.67	-43.91	9.76	89	
6	23	8	-51.99	9.92	-78.66	38.67	-22.19	90	
6	23	13	10.45	-1.58	8.57	5.12	-1.48	91	
6	23	18	7.24	5.07	2.81	-0.14	-0.02	92	
6	23	23	-60.33	-16.55	-60.25	-23.34	-42.98	93	
6	23	28	-28.17	-89.26	21.36	27.15	24.17	94	
6	23	33	19.31	22.33	-2.08	16.76	10.13	95	
6	23	38	-12.65	-6.34	4.26	2.53	-18.12	96	
6	23	43	2.25	1.50	0.45	0.43	2.56	97	
6	27	3	0.72	0.26	5.16	-5.22	2.94	98	
6	27	8	-2.38	32.87	-0.64	-112.36	48.77	99	
6	27	13	43.39	9.53	12.96	24.65	0.70	100	
6	27	18	15.49	43.98	-0.97	-20.59	-22.81	101	
6	27	23	-45.95	-58.83	13.38	-15.11	26.87	102	
6	27	28	31.68	48.66	-8.51	60.32	41.65	103	
6	27	33	0.24	3.03	2.01	3.89	1.05	104	
6	27	38	-16.71	2.33	-3.87	-1.18	21.16	105	
6	27	43	5.81	5.22	5.95	-0.74	0.98	106	
6	31	3	-0.89	2.11	2.42	-1.00	4.04	107	
6	31	8	-4.77	-1.56	4.85	-122.42	-17.71	108	
6	31	13	43.68	51.88	7.70	-8.38	-40.29	109	
6	31	18	-15.35	-71.24	5.43	-32.77	-52.18	110	
6	31	23	17.20	39.42	1.48	60.01	62.61	111	
6	31	28	3.19	5.11	5.56	1.61	3.57	112	
6	31	33	2.21	3.21	1.51	0.76	-0.08	113	
6	31	38	-11.52	-6.11	3.77	9.06	-20.40	114	
6	31	43	1.34	2.35	2.15	-0.04	-2.13	115	
6	35	3	-0.67	1.88	0.97	-2.92	-1.38	116	
6	35	8	-51.33	-16.36	-6.72	-108.44	-32.64	117	
6	35	13	-9.28	-71.01	-0.63	-10.05	-41.23	118	
6	35	18	18.97	40.74	2.17	53.25	76.16	119	
6	35	23	5.48	7.34	2.20	-0.11	2.96	120	
6	35	28	5.69	4.65	2.91	1.71	-1.31	121	
6	35	33	2.66	3.07	2.85	1.35	-0.43	122	
6	35	38	-15.82	1.39	-6.64	6.34	16.28	123	
6	35	43	-0.50	2.39	4.92	1.62	-1.83	124	
6	39	3	2.61	3.03	2.51	-4.56	-1.18	125	
6	39	8	-62.50	-57.30	-19.42	-66.86	50.45	126	
6	39	13	5.28	32.65	-5.47	53.40	91.04	127	
6	39	18	4.45	2.02	7.45	-1.92	0.87	128	
6	39	23	3.73	3.74	1.83	-1.60	1.28	129	
6	39	28	3.02	2.47	2.99	1.54	-0.90	130	
6	39	33	3.01	3.03	2.57	-0.02	1.07	131	
6	39	38	-3.56	-0.24	4.22	6.90	-12.74	132	
6	39	43	0.74	3.59	1.59	2.14	4.71	133	
6	43	3	2.13	2.06	3.87	-3.41	-0.76	134	
6	43	8	-16.65	9.42	23.37	4.00	31.74	135	
6	43	13	13.13	23.02	9.23	3.24	-12.04	136	
6	43	18	3.12	-0.32	6.05	3.04	-3.28	137	
6	43	23	2.86	2.58	3.17	-3.91	0.29	138	
6	43	28	3.25	3.97	1.95	1.61	1.53	139	
6	43	33	0.64	2.43	4.88	1.76	0.37	140	
6	43	38	4.12	36.89	-13.18	-24.69	-9.91	141	
6	43	43	15.24	-2.80	16.91	13.94	-5.63	142	
