143
diam	c	r	EConv0	EConv1	EConv2	OConv0	OConv1
6	3	3	3.61	4.14	3.40	1.95	0.66	44	
6	3	8	2.98	3.61	3.49	-0.20	-0.13	45	
6	3	13	-1.81	1.18	1.97	-0.80	3.61	46	
6	3	18	2.31	1.91	-0.08	0.75	-1.05	47	
6	3	23	5.43	3.74	1.81	-2.68	-4.10	48	
6	3	28	2.79	4.72	2.76	-2.02	1.63	49	
6	3	33	1.95	3.73	1.82	-1.76	2.28	50	
6	3	38	1.16	0.38	2.62	-4.53	2.72	51	
6	3	43	-0.36	0.43	0.35	1.10	2.21	52	
6	7	3	5.00	4.28	3.66	-0.03	-1.02	53	
6	7	8	4.60	3.17	4.83	0.56	-0.92	54	
6	7	13	-1.28	-0.49	1.91	1.88	-0.09	55	
6	7	18	6.81	35.56	11.03	-10.46	-27.37	56	
6	7	23	6.47	-0.24	26.95	6.61	-20.58	57	
6	7	28	4.93	0.67	4.40	-0.28	1.88	58	
6	7	33	-2.49	1.42	2.45	2.65	-3.80	59	
6	7	38	-6.85	18.52	13.36	-7.89	-36.19	60	
6	7	43	5.71	3.06	8.16	5.10	-4.75	61	
6	11	3	6.37	3.84	4.90	-0.08	-1.86	62	
6	11	8	2.94	0.94	3.72	6.72	2.18	63	
6	11	13	13.83	19.90	4.45	-3.14	3.35	64	
6	11	18	-31.68	-44.61	-9.91	-44.03	-47.17	65	
6	11	23	22.99	3.72	-10.54	57.21	16.21	66	
6	11	28	4.95	1.36	3.80	4.13	-1.36	67	
6	11	33	22.52	28.82	0.78	-28.07	-8.99	68	
6	11	38	-44.82	-51.77	-17.95	21.22	-28.98	69	
6	11	43	17.22	6.98	-0.41	11.14	6.04	70	
6	15	3	6.68	4.49	2.06	-3.22	1.54	71	
6	15	8	4.17	17.29	8.81	8.39	-13.99	72	
6	15	13	20.17	17.57	4.22	-62.33	-56.57	73	
6	15	18	-10.50	-12.07	17.47	61.08	42.42	74	
6	15	23	12.60	22.44	3.99	-2.67	2.62	75	
6	15	28	7.71	9.72	-1.23	0.22	2.58	76	
6	15	33	4.84	-4.16	5.05	-73.65	-35.52	77	
6	15	38	12.67	18.03	8.56	65.18	57.12	78	
6	15	43	4.61	4.26	1.98	-4.34	-3.61	79	
6	19	3	3.37	2.49	6.47	1.01	-4.22	80	
6	19	8	-4.99	-7.04	-28.61	-49.29	-25.04	81	
6	19	13	-12.41	-26.83	-20.48	-21.52	-3.53	82	
6	19	18	32.65	21.61	5.43	55.63	28.59	83	
6	19	23	2.44	-2.55	3.33	-1.53	11.09	84	
6	19	28	26.49	36.50	5.03	-48.52	-48.48	85	
6	19	33	-20.76	-44.96	9.84	24.53	5.42	86	
6	19	38	17.15	20.16	0.66	13.19	5.24	87	
6	19	43	3.13	1.48	4.59	-2.21	1.37	88	
6	23	3	1.18	6.11	3.63	-2.60	3.55	89	
6	23	8	1.88	7.11	34.22	-9.77	45.97	90	
6	23	13	1.93	24.71	7.44	-73.60	30.89	91	
6	23	18	38.92	10.79	8.78	37.89	4.18	92	
6	23	23	22.80	33.05	-0.15	-38.63	-33.00	93	
6	23	28	-25.06	-60.04	8.68	-7.95	-20.06	94	
6	23	33	17.20	34.40	1.98	41.18	43.48	95	
6	23	38	3.68	4.00	4.47	2.43	-0.75	96	
6	23	43	3.51	3.29	2.75	0.55	-1.35	97	
6	27	3	2.98	2.76	3.23	1.03	0.85	98	
6	27	8	0.62	0.05	-0.01	4.84	-4.80	99	
6	27	13	-1.34	6.17	3.12	-77.44	-7.36	100	
6	27	18	45.50	40.25	17.68	23.48	-29.74	101	
6	27	23	-22.01	-35.54	3.40	-44.94	-46.54	102	
6	27	28	6.11	20.22	0.45	65.38	61.22	103	
6	27	33	2.20	7.72	1.10	-4.98	-0.59	104	
6	27	38	0.23	0.61	2.56	-0.93	-4.84	105	
6	27	43	4.02	3.60	3.86	0.33	0.10	106	
6	31	3	1.58	3.78	2.93	-0.65	-2.09	107	
6	31	8	5.73	10.20	5.96	5.43	2.90	108	
6	31	13	-27.27	-14.36	6.54	-63.58	-35.67	109	
6	31	18	13.68	-18.22	-4.27	-9.44	-40.00	110	
6	31	23	-8.27	-10.29	5.11	48.19	64.19	111	
6	31	28	5.92	17.52	-1.45	1.35	5.61	112	
6	31	33	11.91	6.55	1.54	-13.89	-3.43	113	
6	31	38	8.26	-0.82	15.05	19.37	-7.42	114	
6	31	43	3.79	3.84	4.06	0.80	-1.30	115	
6	35	3	2.80	3.19	3.79	-1.27	1.39	116	
6	35	8	30.59	10.48	-1.34	-30.87	-14.55	117	
6	35	13	-20.28	-24.54	-10.41	-0.59	-3.99	118	
6	35	18	-7.14	-13.61	5.68	54.98	58.08	119	
6	35	23	6.15	21.45	2.93	1.88	4.83	120	
6	35	28	1.55	-0.99	-0.50	1.83	-2.21	121	
6	35	33	29.85	13.33	10.59	-24.66	-0.20	122	
6	35	38	12.44	0.91	3.56	42.68	-6.13	123	
6	35	43	3.69	3.58	3.10	0.39	-1.89	124	
6	39	3	2.56	1.97	4.14	0.84	-0.97	125	
6	39	8	14.83	4.58	15.92	-12.31	16.89	126	
6	39	13	-7.12	23.28	25.98	12.59	75.86	127	
6	39	18	8.12	29.42	2.30	5.54	16.66	128	
6	39	23	3.88	2.41	2.43	-4.04	0.43	129	
6	39	28	5.72	3.21	3.22	1.00	-1.60	130	
6	39	33	28.44	6.77	2.65	-27.87	-1.30	131	
6	39	38	20.74	4.54	9.58	45.76	4.49	132	
6	39	43	0.97	2.96	2.02	1.40	-0.74	133	
6	43	3	-0.02	9.22	3.38	-3.68	-26.57	134	
6	43	8	11.30	7.83	10.73	-5.31	-31.99	135	
6	43	13	8.89	4.92	6.97	5.58	-23.09	136	
6	43	18	3.69	8.25	10.20	4.40	-24.53	137	
6	43	23	1.36	5.59	12.45	0.73	-21.95	138	
6	43	28	2.67	8.39	1.57	-4.96	-15.52	139	
6	43	33	31.55	17.84	13.81	-39.75	-16.97	140	
6	43	38	30.00	15.78	12.34	49.26	-11.28	141	
6	43	43	-2.63	4.17	4.41	1.04	-17.69	142	
