143
diam	c	r	EConv0	EConv1	EConv2	OConv0	OConv1
6	3	3	4.65	3.05	3.65	2.02	0.30	44	
6	3	8	10.38	-11.73	49.02	-43.85	39.22	45	
6	3	13	15.27	20.57	-2.65	16.59	5.21	46	
6	3	18	6.25	3.93	7.38	-81.34	-79.44	47	
6	3	23	34.09	45.49	-4.68	76.27	51.97	48	
6	3	28	-4.55	9.05	7.39	-3.54	-4.34	49	
6	3	33	-0.57	4.27	4.10	7.65	-0.40	50	
6	3	38	4.42	3.88	3.74	-3.83	0.20	51	
6	3	43	7.13	4.68	8.20	-3.87	1.11	52	
6	7	3	2.10	3.78	4.53	0.38	0.19	53	
6	7	8	3.04	4.58	2.80	-2.01	-1.50	54	
6	7	13	16.88	32.44	7.01	-65.76	-83.22	55	
6	7	18	-13.02	-35.01	4.69	69.81	72.96	56	
6	7	23	7.11	8.71	0.13	4.56	4.20	57	
6	7	28	-11.03	-4.17	-5.05	-4.31	14.15	58	
6	7	33	3.20	7.66	1.82	3.14	2.20	59	
6	7	38	4.34	32.16	-5.76	-61.68	-91.83	60	
6	7	43	40.43	-2.33	20.59	39.69	-10.50	61	
6	11	3	3.61	2.38	3.12	2.31	3.55	62	
6	11	8	37.15	33.58	-10.93	-61.30	-28.50	63	
6	11	13	-13.32	-49.43	3.21	51.77	75.05	64	
6	11	18	15.24	26.62	-1.79	14.70	13.82	65	
6	11	23	5.98	5.02	3.75	-0.38	-1.25	66	
6	11	28	-7.70	-5.12	-2.47	-1.65	-7.88	67	
6	11	33	6.49	27.22	-1.80	-59.58	-75.49	68	
6	11	38	-24.32	-37.02	-13.25	-16.26	29.31	69	
6	11	43	26.97	17.93	-2.88	29.70	10.87	70	
6	15	3	2.96	1.71	5.03	4.27	-0.70	71	
6	15	8	0.85	-13.66	29.03	-34.30	35.91	72	
6	15	13	8.16	25.54	-1.87	10.07	14.59	73	
6	15	18	3.69	4.25	3.00	-0.95	-1.21	74	
6	15	23	1.50	2.88	2.26	-2.38	-2.45	75	
6	15	28	20.70	56.25	3.14	-53.64	-50.46	76	
6	15	33	5.43	-16.75	12.13	40.47	58.17	77	
6	15	38	-35.40	-38.36	11.61	49.06	39.38	78	
6	15	43	3.63	3.01	4.31	2.04	-1.62	79	
6	19	3	11.44	14.30	-2.79	-8.63	-3.36	80	
6	19	8	-17.29	-13.45	-22.82	-48.69	-103.88	81	
6	19	13	36.53	-2.23	21.17	25.84	-9.62	82	
6	19	18	3.08	1.67	3.12	-1.83	0.14	83	
6	19	23	16.85	34.83	1.91	-21.72	-21.31	84	
6	19	28	-46.31	-103.73	15.32	11.27	25.42	85	
6	19	33	34.01	11.51	6.43	-23.68	22.59	86	
6	19	38	22.17	36.13	-0.77	23.70	21.74	87	
6	19	43	1.87	2.73	2.14	2.25	-0.16	88	
6	23	3	58.31	29.77	-0.52	-63.83	-20.07	89	
6	23	8	-24.19	-26.58	20.83	23.63	13.26	90	
6	23	13	25.42	22.23	0.53	13.39	8.80	91	
6	23	18	11.32	18.98	4.85	-3.05	-3.72	92	
6	23	23	-32.18	-65.02	17.11	-45.18	-44.89	93	
6	23	28	-1.02	30.58	-30.02	36.58	28.19	94	
6	23	33	-0.92	-1.02	5.66	-1.37	-2.78	95	
6	23	38	0.13	0.18	2.23	0.11	0.18	96	
6	23	43	4.25	5.78	4.58	4.46	-1.18	97	
6	27	3	25.39	-6.61	35.35	-30.50	20.91	98	
6	27	8	-33.18	16.65	-67.77	-27.72	40.26	99	
6	27	13	28.60	9.20	12.40	4.30	-10.01	100	
6	27	18	-2.69	-25.84	5.61	-63.44	-81.42	101	
6	27	23	28.03	37.86	-4.32	65.34	70.40	102	
6	27	28	-9.55	5.58	7.37	4.02	-12.40	103	
6	27	33	4.18	4.79	3.52	1.42	3.19	104	
6	27	38	4.57	3.33	3.60	1.03	1.41	105	
6	27	43	2.05	1.66	3.34	0.48	2.31	106	
6	31	3	3.63	2.90	4.26	-1.40	-1.33	107	
6	31	8	45.83	31.20	25.77	-99.30	16.26	108	
6	31	13	38.25	5.32	18.08	-38.70	-89.49	109	
6	31	18	3.91	12.32	3.66	72.46	81.27	110	
6	31	23	6.17	4.96	2.26	-0.13	-2.09	111	
6	31	28	-12.23	-0.62	2.14	1.40	15.96	112	
6	31	33	3.30	1.81	3.46	3.69	-2.54	113	
6	31	38	4.69	4.56	4.34	0.64	-0.79	114	
6	31	43	4.12	4.77	4.10	1.41	-1.14	115	
6	35	3	2.90	2.70	3.46	-0.05	0.31	116	
6	35	8	-15.88	-38.84	11.83	-92.63	-60.20	117	
6	35	13	4.50	7.09	2.65	65.66	97.41	118	
6	35	18	10.32	14.26	3.69	8.02	3.56	119	
6	35	23	2.78	2.97	2.20	2.03	0.02	120	
6	35	28	-13.59	-5.01	-9.78	3.14	-2.99	121	
6	35	33	2.45	4.70	5.33	2.31	-1.27	122	
6	35	38	2.66	4.02	3.41	-0.43	-3.15	123	
6	35	43	3.09	3.89	3.99	2.02	-0.64	124	
6	39	3	13.58	8.31	3.92	-5.12	-1.82	125	
6	39	8	-52.94	-29.81	-4.01	65.21	60.57	126	
6	39	13	2.93	12.97	1.52	1.09	7.10	127	
6	39	18	3.12	4.22	2.99	-0.66	-0.02	128	
6	39	23	0.48	3.38	2.40	-1.69	0.37	129	
6	39	28	-14.86	-2.12	3.09	-0.19	-12.48	130	
6	39	33	1.47	2.22	2.75	2.99	0.84	131	
6	39	38	3.79	3.08	4.00	1.30	3.54	132	
6	39	43	3.35	2.88	2.52	0.88	1.17	133	
6	43	3	6.57	3.91	6.78	0.01	2.09	134	
6	43	8	7.50	29.87	5.65	5.73	17.88	135	
6	43	13	3.82	4.46	2.32	-2.50	2.87	136	
6	43	18	4.45	2.89	4.21	2.62	1.14	137	
6	43	23	2.09	5.65	1.37	-2.69	1.46	138	
6	43	28	-6.07	11.76	7.74	0.00	11.14	139	
6	43	33	1.71	3.34	2.45	2.69	-0.17	140	
6	43	38	4.83	3.45	4.18	-0.17	-0.28	141	
6	43	43	3.89	4.15	4.34	2.77	-0.58	142	
