143
diam	c	r	EConv0	EConv1	EConv2	OConv0	OConv1
6	3	3	-13.36	27.74	21.33	-1.26	-62.60	44	
6	3	8	4.99	2.86	4.94	0.61	0.57	45	
6	3	13	12.00	5.42	1.95	-12.34	-1.97	46	
6	3	18	13.87	6.26	6.20	13.47	2.07	47	
6	3	23	3.02	5.45	3.47	2.50	-3.21	48	
6	3	28	1.69	1.99	2.06	-1.94	-2.21	49	
6	3	33	3.65	2.63	4.00	0.41	0.96	50	
6	3	38	3.31	1.62	2.69	-1.82	0.44	51	
6	3	43	1.72	1.98	2.90	2.62	-0.84	52	
6	7	3	-68.81	-50.27	-21.38	15.19	-32.92	53	
6	7	8	11.67	6.10	3.58	4.82	-0.01	54	
6	7	13	8.33	4.88	12.49	-5.25	2.48	55	
6	7	18	7.43	5.99	1.80	6.24	2.36	56	
6	7	23	1.89	3.70	2.78	1.20	1.38	57	
6	7	28	3.68	5.09	5.40	-3.03	0.85	58	
6	7	33	5.61	5.25	4.83	2.48	-1.06	59	
6	7	38	3.15	3.05	2.53	-1.27	-0.06	60	
6	7	43	2.83	3.06	2.97	2.84	0.56	61	
6	11	3	-59.28	-30.80	-1.31	77.29	16.18	62	
6	11	8	5.38	4.88	6.01	3.21	0.52	63	
6	11	13	10.50	4.01	4.52	-16.26	2.43	64	
6	11	18	9.82	4.71	1.58	9.90	-2.40	65	
6	11	23	5.10	2.83	4.15	0.75	0.81	66	
6	11	28	4.43	2.88	3.13	0.69	1.79	67	
6	11	33	1.53	2.09	2.83	2.29	0.21	68	
6	11	38	5.11	5.17	6.46	-0.12	1.06	69	
6	11	43	3.81	4.41	4.18	2.78	-0.08	70	
6	15	3	-26.69	-14.76	1.56	123.89	23.62	71	
6	15	8	0.02	30.15	4.15	-9.77	-31.27	72	
6	15	13	9.55	8.39	35.28	11.33	-33.93	73	
6	15	18	7.15	4.75	7.82	4.75	1.77	74	
6	15	23	3.51	2.02	1.30	-1.41	1.03	75	
6	15	28	4.82	-0.17	2.59	-0.52	1.86	76	
6	15	33	5.80	17.28	4.93	0.49	-2.64	77	
6	15	38	1.11	3.63	22.79	9.55	-18.14	78	
6	15	43	3.03	2.26	1.92	2.52	1.97	79	
6	19	3	19.22	12.53	-1.52	127.41	27.41	80	
6	19	8	-19.50	-8.32	-35.44	-106.38	-38.69	81	
6	19	13	8.55	-32.05	-6.56	106.70	-5.86	82	
6	19	18	13.12	10.64	1.64	2.60	-1.11	83	
6	19	23	-1.72	40.39	32.95	-1.98	-65.48	84	
6	19	28	9.22	43.94	12.13	-24.85	-58.09	85	
6	19	33	-13.73	-44.95	-4.53	-31.70	-91.84	86	
6	19	38	18.67	-6.88	-20.15	74.16	14.53	87	
6	19	43	3.57	1.59	2.01	-0.32	-0.18	88	
6	23	3	43.05	30.47	-1.30	80.21	17.13	89	
6	23	8	-31.86	-9.64	-3.74	-120.01	-4.36	90	
6	23	13	56.61	29.07	5.91	80.70	22.09	91	
6	23	18	38.46	21.57	8.79	-20.37	-18.67	92	
6	23	23	-20.27	-27.55	-28.84	-19.13	-41.79	93	
6	23	28	25.99	-66.22	9.92	33.07	21.01	94	
6	23	33	-2.86	5.24	-5.09	70.53	80.93	95	
6	23	38	6.84	14.78	1.21	9.13	9.46	96	
6	23	43	5.09	2.19	2.11	0.26	-1.04	97	
6	27	3	35.02	20.92	4.69	28.55	11.80	98	
6	27	8	-55.26	-24.51	-1.94	-93.54	-10.78	99	
6	27	13	47.32	60.85	13.41	34.59	-23.66	100	
6	27	18	-2.32	-51.04	-0.86	-22.70	-18.69	101	
6	27	23	-21.69	14.57	-37.27	-56.55	38.65	102	
6	27	28	43.56	20.46	19.16	115.44	17.73	103	
6	27	33	5.74	19.76	5.17	5.28	11.91	104	
6	27	38	4.88	4.72	1.97	0.41	-0.13	105	
6	27	43	3.69	4.22	4.75	4.34	-1.96	106	
6	31	3	26.68	25.18	-1.76	-12.19	-8.67	107	
6	31	8	-54.61	-56.21	-0.32	-25.08	-1.93	108	
6	31	13	7.10	-39.83	-11.29	15.55	45.19	109	
6	31	18	7.58	27.84	0.75	24.11	31.90	110	
6	31	23	-21.82	0.01	-4.66	-127.84	15.51	111	
6	31	28	51.39	19.98	0.20	100.23	8.21	112	
6	31	33	5.46	3.93	3.81	-0.68	-0.36	113	
6	31	38	5.28	2.72	5.01	2.27	0.15	114	
6	31	43	3.10	3.47	3.82	-0.00	1.48	115	
6	35	3	11.81	7.80	2.60	-69.06	-48.69	116	
6	35	8	10.14	18.00	11.34	72.62	70.52	117	
6	35	13	11.09	23.50	3.02	-3.48	0.88	118	
6	35	18	-0.10	1.49	5.75	2.19	-3.70	119	
6	35	23	-21.82	-28.06	-1.17	-109.40	21.23	120	
6	35	28	35.79	24.55	0.08	42.19	11.89	121	
6	35	33	3.97	4.05	4.06	-0.80	-0.73	122	
6	35	38	5.53	4.18	4.39	2.41	1.52	123	
6	35	43	2.40	2.42	1.30	1.86	-0.19	124	
6	39	3	-17.91	-7.22	19.02	-16.06	68.83	125	
6	39	8	7.42	20.80	1.60	8.35	12.95	126	
6	39	13	5.55	4.30	8.85	-6.56	4.78	127	
6	39	18	7.16	7.49	4.75	2.90	5.74	128	
6	39	23	-3.94	-4.97	27.36	-21.06	36.55	129	
6	39	28	9.86	12.75	2.86	5.57	5.91	130	
6	39	33	1.39	1.31	3.04	3.66	-1.01	131	
6	39	38	0.53	1.51	1.38	2.30	-0.13	132	
6	39	43	3.96	5.25	5.10	-1.29	1.25	133	
6	43	3	4.30	2.94	2.96	-0.70	-1.39	134	
6	43	8	4.19	3.63	5.40	-0.58	0.47	135	
6	43	13	11.65	0.58	3.01	-17.05	1.83	136	
6	43	18	11.80	5.22	3.80	11.69	-2.04	137	
6	43	23	4.20	3.62	4.73	-1.50	0.55	138	
6	43	28	3.21	1.73	2.80	0.60	0.39	139	
6	43	33	2.94	4.30	3.11	2.15	1.02	140	
6	43	38	4.51	4.93	4.19	2.04	-2.92	141	
6	43	43	3.95	3.09	3.04	0.42	-0.60	142	
