143
diam	c	r	EConv0	EConv1	EConv2	OConv0	OConv1
6	3	3	32.07	8.08	8.52	-70.84	17.75	44	
6	3	8	-0.43	-18.07	-8.16	1.53	13.07	45	
6	3	13	-1.70	8.24	-3.49	65.52	53.03	46	
6	3	18	-0.22	6.71	1.66	3.35	2.05	47	
6	3	23	1.84	4.02	3.84	-0.27	-3.28	48	
6	3	28	4.41	3.80	5.07	0.63	1.36	49	
6	3	33	5.77	4.41	4.36	-2.54	1.70	50	
6	3	38	1.60	4.12	2.69	-2.24	-0.54	51	
6	3	43	4.14	3.33	4.92	-0.51	-1.13	52	
6	7	3	13.19	-0.68	24.84	-17.18	17.03	53	
6	7	8	-9.51	28.63	9.73	17.91	70.00	54	
6	7	13	9.22	28.43	9.45	-4.59	13.27	55	
6	7	18	0.39	6.77	10.54	2.74	-13.31	56	
6	7	23	0.84	-0.40	3.19	2.95	-0.43	57	
6	7	28	4.88	3.87	2.88	2.03	0.69	58	
6	7	33	5.53	4.72	5.52	-2.20	-1.88	59	
6	7	38	2.11	2.96	2.92	-5.01	-0.30	60	
6	7	43	2.88	9.96	10.40	1.33	-6.68	61	
6	11	3	3.13	4.40	3.97	-4.89	0.56	62	
6	11	8	7.76	-0.67	6.55	-7.75	2.78	63	
6	11	13	-2.49	13.10	-19.24	-42.69	-58.43	64	
6	11	18	-14.32	-39.10	-7.65	56.82	-18.44	65	
6	11	23	1.41	5.64	3.38	-0.44	4.13	66	
6	11	28	1.92	1.59	2.44	1.32	-2.07	67	
6	11	33	3.86	4.87	4.37	-4.29	1.88	68	
6	11	38	9.28	21.08	5.31	-11.86	-14.04	69	
6	11	43	-44.11	-23.22	-13.21	-3.10	-56.43	70	
6	15	3	18.82	12.14	5.64	-11.89	2.10	71	
6	15	8	10.86	15.51	3.51	-18.56	-85.40	72	
6	15	13	-10.30	-51.20	28.52	27.65	24.29	73	
6	15	18	11.58	36.83	2.11	31.10	32.71	74	
6	15	23	5.91	5.87	5.30	0.38	0.51	75	
6	15	28	3.19	2.31	4.09	3.62	-2.75	76	
6	15	33	9.94	23.81	-0.48	-7.15	-8.03	77	
6	15	38	-2.03	-11.07	9.50	-52.61	-50.47	78	
6	15	43	-15.66	-17.97	-18.58	52.19	60.84	79	
6	19	3	25.85	3.51	6.54	-20.65	-3.56	80	
6	19	8	-13.71	-39.12	-17.99	-5.04	45.55	81	
6	19	13	-3.33	23.06	-2.98	79.19	-23.04	82	
6	19	18	1.14	1.27	-0.61	7.51	-2.48	83	
6	19	23	5.27	-0.13	2.24	0.37	-0.53	84	
6	19	28	10.29	25.04	2.40	-7.84	-8.81	85	
6	19	33	-0.88	-21.99	4.04	-45.77	-57.87	86	
6	19	38	-4.43	-13.72	-4.90	42.79	62.67	87	
6	19	43	13.34	21.29	9.30	8.98	8.00	88	
6	23	3	8.68	4.73	7.72	-5.95	1.12	89	
6	23	8	4.53	27.22	22.54	11.37	35.85	90	
6	23	13	-56.26	7.08	-37.77	-25.01	31.13	91	
6	23	18	2.20	2.14	2.86	3.98	8.68	92	
6	23	23	10.97	25.12	2.26	-11.50	-15.50	93	
6	23	28	-1.46	-18.50	6.62	-43.22	-57.20	94	
6	23	33	7.69	2.86	9.53	46.51	60.13	95	
6	23	38	0.32	18.70	6.97	-1.71	-1.49	96	
6	23	43	-0.87	-2.05	2.57	1.61	0.70	97	
6	27	3	5.81	6.94	6.50	-5.08	-2.24	98	
6	27	8	2.87	3.99	1.12	0.81	-9.69	99	
6	27	13	-26.06	-2.13	9.76	-41.99	6.85	100	
6	27	18	11.41	28.57	12.57	-5.27	-15.92	101	
6	27	23	-14.29	-27.68	0.88	-46.31	-46.97	102	
6	27	28	1.24	6.93	9.18	46.53	64.10	103	
6	27	33	8.69	24.66	7.82	-0.16	-7.17	104	
6	27	38	-0.70	5.26	5.88	4.50	-3.34	105	
6	27	43	6.25	12.75	8.86	4.63	-15.07	106	
6	31	3	4.48	-14.26	-7.79	1.42	-7.96	107	
6	31	8	7.28	-7.15	-10.21	-4.24	2.24	108	
6	31	13	-24.97	3.40	-8.70	-22.79	-39.56	109	
6	31	18	-11.17	-43.77	-9.06	-27.01	-57.96	110	
6	31	23	4.81	-13.12	-8.69	41.92	57.63	111	
6	31	28	6.55	-8.03	-18.67	1.83	4.63	112	
6	31	33	1.26	-21.35	-18.57	-6.02	6.77	113	
6	31	38	2.42	-7.16	-9.00	6.04	1.62	114	
6	31	43	-0.86	-13.34	-11.51	-2.76	17.28	115	
6	35	3	4.46	11.55	6.90	-1.47	3.06	116	
6	35	8	15.58	28.35	3.56	-14.00	-16.32	117	
6	35	13	-31.87	-46.78	1.73	-23.42	7.65	118	
6	35	18	2.64	20.66	5.17	49.27	58.19	119	
6	35	23	7.37	14.77	6.29	0.27	-2.50	120	
6	35	28	3.24	4.13	6.08	-2.53	-6.43	121	
6	35	33	7.05	6.99	9.46	-1.56	-1.45	122	
6	35	38	4.23	17.63	0.38	-20.09	-18.11	123	
6	35	43	14.73	4.53	11.28	9.32	-6.25	124	
6	39	3	3.43	2.60	3.85	-3.42	5.14	125	
6	39	8	14.11	-13.34	10.76	-39.35	18.50	126	
6	39	13	7.44	23.31	2.27	31.32	66.33	127	
6	39	18	-0.47	8.73	1.28	1.88	11.50	128	
6	39	23	6.34	6.27	4.71	0.09	5.61	129	
6	39	28	1.87	3.05	2.84	1.02	8.26	130	
6	39	33	2.90	4.06	2.86	1.45	3.56	131	
6	39	38	-18.33	-8.03	-9.11	-46.77	-9.45	132	
6	39	43	14.63	5.99	0.78	12.55	1.26	133	
6	43	3	3.91	4.21	3.72	-2.83	2.84	134	
6	43	8	3.39	7.33	8.81	3.39	4.30	135	
6	43	13	5.55	5.49	0.59	-6.24	-7.48	136	
6	43	18	4.02	2.97	3.33	-1.70	3.80	137	
6	43	23	4.86	2.92	4.67	3.14	-1.41	138	
6	43	28	1.80	4.23	3.90	1.21	-1.92	139	
6	43	33	13.22	12.16	1.94	-12.59	-2.33	140	
6	43	38	-16.42	-17.74	19.54	4.16	17.27	141	
6	43	43	9.22	7.63	3.88	-0.60	0.69	142	
