143
diam	c	r	EConv0	EConv1	EConv2	OConv0	OConv1
6	3	3	3.72	5.03	3.92	1.30	-0.61	44	
6	3	8	2.91	6.00	2.83	-1.54	-0.27	45	
6	3	13	20.77	48.47	-1.54	-34.15	-32.66	46	
6	3	18	-72.13	-82.07	6.49	27.05	-4.33	47	
6	3	23	7.22	9.60	0.26	3.71	2.72	48	
6	3	28	38.24	22.95	22.69	-75.82	-10.16	49	
6	3	33	14.70	12.84	2.51	22.65	3.65	50	
6	3	38	2.06	2.66	-0.34	-0.64	0.58	51	
6	3	43	1.72	6.57	8.73	-0.99	-8.01	52	
6	7	3	0.56	1.80	0.30	-0.43	-0.95	53	
6	7	8	17.02	58.66	-11.97	-44.86	-51.71	54	
6	7	13	-15.76	-85.81	1.00	26.91	28.40	55	
6	7	18	-45.21	-14.85	8.63	88.57	19.58	56	
6	7	23	9.25	18.57	0.72	-9.52	-4.98	57	
6	7	28	-54.02	-79.02	16.44	-0.52	-3.96	58	
6	7	33	-12.84	0.65	-1.46	4.06	-2.66	59	
6	7	38	23.01	59.95	3.43	-34.61	-43.76	60	
6	7	43	-17.36	-63.68	-21.02	68.46	-5.81	61	
6	11	3	3.45	0.98	3.91	0.97	1.70	62	
6	11	8	-23.20	-10.88	3.98	-108.87	3.44	63	
6	11	13	34.05	27.12	10.08	2.74	14.15	64	
6	11	18	-28.85	-12.06	-112.51	0.04	-5.58	65	
6	11	23	-10.28	-113.82	-31.36	10.12	-41.54	66	
6	11	28	21.95	44.64	-7.13	31.05	31.69	67	
6	11	33	15.55	52.17	-0.59	-26.35	-27.69	68	
6	11	38	-15.59	-79.42	11.61	10.21	56.43	69	
6	11	43	13.72	26.67	-0.31	13.26	12.91	70	
6	15	3	2.52	3.66	2.54	0.19	-0.12	71	
6	15	8	-23.13	-0.69	5.44	-103.12	-0.10	72	
6	15	13	12.65	5.66	5.36	6.06	-0.30	73	
6	15	18	1.80	15.06	36.84	-6.93	27.97	74	
6	15	23	-1.53	37.95	9.46	8.08	27.46	75	
6	15	28	17.53	40.70	-1.15	-26.99	-29.15	76	
6	15	33	-26.07	-66.71	13.14	27.09	34.47	77	
6	15	38	8.51	15.15	0.63	4.88	7.73	78	
6	15	43	4.09	2.43	3.55	0.41	0.93	79	
6	19	3	4.34	2.45	2.43	-1.83	-2.03	80	
6	19	8	-22.03	-22.63	29.69	-32.94	55.01	81	
6	19	13	3.69	5.46	3.64	2.18	-0.96	82	
6	19	18	20.96	19.16	-3.75	-17.02	-8.50	83	
6	19	23	37.39	21.76	28.21	13.68	-38.30	84	
6	19	28	-21.17	-78.73	9.48	24.54	27.17	85	
6	19	33	-3.23	16.96	4.25	7.55	7.47	86	
6	19	38	3.08	3.98	4.88	0.04	-4.20	87	
6	19	43	1.75	1.81	2.14	-1.00	-1.44	88	
6	23	3	5.39	8.96	4.99	-2.26	-4.36	89	
6	23	8	8.70	63.80	19.28	-29.24	-60.41	90	
6	23	13	-20.38	-43.75	9.33	36.37	-67.80	91	
6	23	18	55.35	36.64	11.63	-58.36	-21.74	92	
6	23	23	11.47	-61.15	6.61	54.97	19.22	93	
6	23	28	13.61	21.80	1.13	10.07	9.69	94	
6	23	33	-12.58	-6.50	-5.81	2.26	-3.35	95	
6	23	38	1.74	2.59	3.99	0.71	2.64	96	
6	23	43	4.21	7.60	4.39	-1.89	0.12	97	
6	27	3	35.36	-8.50	9.38	-41.60	10.41	98	
6	27	8	17.00	-50.58	-46.83	-21.73	89.99	99	
6	27	13	63.75	53.30	33.80	51.74	4.31	100	
6	27	18	4.63	-72.80	-6.94	-55.38	-9.23	101	
6	27	23	39.15	32.86	3.88	38.79	19.06	102	
6	27	28	2.87	0.99	2.84	0.41	-0.20	103	
6	27	33	-6.21	-3.07	-4.83	0.88	1.30	104	
6	27	38	3.07	3.51	2.54	0.20	2.50	105	
6	27	43	10.28	22.86	-3.80	-63.62	-59.26	106	
6	31	3	3.12	3.85	3.30	-1.03	-2.01	107	
6	31	8	51.37	32.82	5.59	-55.00	-19.04	108	
6	31	13	7.60	-58.25	3.23	23.70	-12.06	109	
6	31	18	54.41	34.27	13.84	-60.08	13.38	110	
6	31	23	32.19	12.86	4.56	19.66	3.93	111	
6	31	28	2.04	3.32	2.15	3.59	-4.00	112	
6	31	33	-8.29	-4.32	-1.16	-1.08	-0.76	113	
6	31	38	19.40	46.59	-6.16	-47.66	-53.52	114	
6	31	43	-6.51	-16.32	-2.03	55.27	63.03	115	
6	35	3	2.43	3.48	2.71	1.12	0.29	116	
6	35	8	-18.72	-35.64	22.44	-74.54	-38.42	117	
6	35	13	26.62	47.15	1.13	28.61	27.50	118	
6	35	18	4.46	1.48	20.86	-8.16	13.65	119	
6	35	23	7.55	4.64	3.99	2.36	0.97	120	
6	35	28	3.51	5.36	6.55	0.19	1.41	121	
6	35	33	5.59	54.37	-0.27	-23.89	-33.97	122	
6	35	38	-21.18	-55.44	11.78	39.46	47.24	123	
6	35	43	6.29	7.41	4.00	4.37	1.06	124	
6	39	3	38.10	51.12	-11.08	-50.85	-34.78	125	
6	39	8	-13.15	-26.61	-4.83	93.83	45.41	126	
6	39	13	6.46	5.91	5.44	0.44	1.61	127	
6	39	18	1.67	3.66	1.76	0.30	-2.41	128	
6	39	23	3.56	2.92	0.97	0.84	-1.95	129	
6	39	28	18.05	40.76	-0.83	-20.45	-20.60	130	
6	39	33	-43.07	-92.43	16.24	20.27	21.83	131	
6	39	38	11.65	17.31	-0.42	7.63	7.77	132	
6	39	43	2.63	3.38	0.38	1.47	-0.32	133	
6	43	3	14.89	-28.81	43.08	-56.15	47.67	134	
6	43	8	26.05	38.27	-7.65	27.17	21.09	135	
6	43	13	8.34	30.39	1.05	-12.55	-15.95	136	
6	43	18	-9.24	36.10	33.00	-8.86	-106.88	137	
6	43	23	18.30	15.25	12.66	3.09	-13.15	138	
6	43	28	-39.37	-98.45	13.59	-10.81	-10.49	139	
6	43	33	2.74	24.70	-1.66	19.25	12.12	140	
6	43	38	3.01	2.37	2.99	2.33	1.70	141	
6	43	43	1.45	0.77	2.74	-0.31	-0.42	142	
