143
diam	c	r	EConv0	EConv1	EConv2	OConv0	OConv1
6	3	3	11.34	17.70	1.69	-8.72	-6.45	44	
6	3	8	-16.56	-63.03	10.92	-14.36	-8.06	45	
6	3	13	16.58	32.62	-0.02	19.73	25.24	46	
6	3	18	2.33	0.29	-4.05	-102.61	-66.23	47	
6	3	23	39.87	83.83	3.82	50.50	59.44	48	
6	3	28	-50.39	-43.32	5.64	93.46	30.81	49	
6	3	33	3.53	2.51	4.63	1.32	-0.32	50	
6	3	38	2.75	3.86	2.18	0.94	1.23	51	
6	3	43	-0.12	19.89	23.89	-0.75	-17.07	52	
6	7	3	12.89	-5.47	10.77	-26.01	10.17	53	
6	7	8	15.82	44.87	-3.48	7.12	11.90	54	
6	7	13	-25.33	6.80	-16.17	-24.37	-119.32	55	
6	7	18	-50.30	-27.98	6.89	-12.21	-29.74	56	
6	7	23	-24.89	-95.49	4.86	-13.91	-29.86	57	
6	7	28	10.21	42.39	-16.16	50.44	31.03	58	
6	7	33	4.44	5.33	4.03	0.53	-0.08	59	
6	7	38	24.14	54.34	-3.63	-44.39	-45.69	60	
6	7	43	-57.21	-71.61	-16.59	84.65	-29.17	61	
6	11	3	2.27	1.74	3.64	-2.17	0.74	62	
6	11	8	-9.95	-11.28	-2.10	-89.31	-66.55	63	
6	11	13	24.70	49.30	7.02	-55.92	36.93	64	
6	11	18	17.17	-14.93	19.94	55.54	104.45	65	
6	11	23	9.57	59.30	8.80	35.95	57.47	66	
6	11	28	-18.91	-8.89	-0.76	10.94	-5.50	67	
6	11	33	17.38	35.49	-1.12	-18.19	-14.66	68	
6	11	38	-27.15	-110.35	21.67	-20.41	6.76	69	
6	11	43	18.86	53.55	-14.85	61.51	57.99	70	
6	15	3	32.99	31.54	-4.49	-29.84	-15.49	71	
6	15	8	-13.36	3.82	11.95	56.49	22.49	72	
6	15	13	-59.57	-83.81	12.51	10.58	5.00	73	
6	15	18	16.96	24.81	-2.49	22.44	10.23	74	
6	15	23	2.18	2.89	4.46	0.98	0.91	75	
6	15	28	-7.55	9.43	1.09	13.02	-2.25	76	
6	15	33	-27.49	-62.47	12.97	-58.45	-54.86	77	
6	15	38	27.48	51.62	-7.64	43.74	39.97	78	
6	15	43	4.44	6.44	3.55	-0.54	-0.02	79	
6	19	3	63.42	5.88	12.92	-85.03	0.47	80	
6	19	8	65.58	-12.62	12.76	-42.81	63.44	81	
6	19	13	24.01	50.13	-8.06	69.38	68.54	82	
6	19	18	3.34	4.72	2.78	1.50	5.67	83	
6	19	23	-7.28	38.75	25.99	0.15	-38.53	84	
6	19	28	1.79	12.14	5.12	-44.79	-62.53	85	
6	19	33	9.22	29.96	-6.33	67.44	67.56	86	
6	19	38	3.44	4.38	2.32	0.06	-0.73	87	
6	19	43	2.89	2.65	3.48	-0.87	1.26	88	
6	23	3	12.54	2.05	21.41	-10.95	7.93	89	
6	23	8	19.73	38.20	-4.56	-7.31	-11.13	90	
6	23	13	-61.32	-63.71	-9.62	60.31	-70.80	91	
6	23	18	2.60	3.46	4.22	-0.48	-1.93	92	
6	23	23	-51.03	-31.49	-67.16	-76.49	-3.00	93	
6	23	28	-52.78	-57.73	-7.31	78.54	11.51	94	
6	23	33	4.15	7.22	-0.39	0.73	3.92	95	
6	23	38	6.00	4.71	5.96	-2.94	0.55	96	
6	23	43	5.16	2.31	4.92	-0.75	0.67	97	
6	27	3	7.70	18.91	3.55	-9.91	-7.34	98	
6	27	8	-2.15	-13.08	10.65	-78.96	-84.37	99	
6	27	13	21.08	22.56	0.35	102.71	47.84	100	
6	27	18	14.38	41.76	-2.00	-25.66	-31.14	101	
6	27	23	-42.94	-83.13	31.91	19.20	28.92	102	
6	27	28	-13.88	40.11	0.79	44.13	55.21	103	
6	27	33	4.97	0.88	3.55	2.03	0.71	104	
6	27	38	2.42	3.35	1.60	-0.86	-1.57	105	
6	27	43	2.99	5.01	2.45	-1.60	0.07	106	
6	31	3	39.88	-15.36	0.72	-75.17	5.12	107	
6	31	8	30.80	5.84	-41.84	-38.34	76.38	108	
6	31	13	76.32	53.98	17.84	53.95	-9.92	109	
6	31	18	-39.47	-103.14	14.13	-20.97	-20.28	110	
6	31	23	21.61	43.35	-5.18	26.51	26.84	111	
6	31	28	-1.66	-0.32	1.03	24.39	0.59	112	
6	31	33	4.99	3.48	5.15	3.34	-2.55	113	
6	31	38	3.25	4.49	4.19	-1.30	0.98	114	
6	31	43	4.98	4.36	5.97	-2.12	-0.43	115	
6	35	3	1.60	4.24	6.68	-5.03	2.79	116	
6	35	8	52.39	31.44	19.55	-113.47	-20.33	117	
6	35	13	21.16	-63.16	7.36	17.02	-40.26	118	
6	35	18	21.90	54.69	-1.66	47.54	46.34	119	
6	35	23	-6.42	11.66	41.61	12.25	-52.44	120	
6	35	28	6.38	5.20	3.71	28.06	1.35	121	
6	35	33	4.08	4.75	3.40	2.17	1.86	122	
6	35	38	4.08	5.72	3.80	-3.80	0.12	123	
6	35	43	3.78	2.30	6.86	1.62	-0.64	124	
6	39	3	3.36	2.97	6.22	0.32	3.79	125	
6	39	8	-52.26	-58.01	3.05	-89.63	-31.33	126	
6	39	13	16.27	71.32	7.06	48.27	40.93	127	
6	39	18	32.38	38.48	-4.14	-25.68	-15.36	128	
6	39	23	-32.74	-22.85	-89.08	3.49	-4.90	129	
6	39	28	29.02	-0.41	44.29	49.71	-19.71	130	
6	39	33	5.26	3.07	3.84	1.29	-0.66	131	
6	39	38	4.66	3.25	4.96	-3.05	2.15	132	
6	39	43	4.62	5.97	1.51	3.61	1.24	133	
6	43	3	5.10	5.18	3.75	-1.23	-2.24	134	
6	43	8	-13.63	60.70	10.62	-25.61	47.85	135	
6	43	13	-69.51	-86.34	-18.49	53.63	-36.90	136	
6	43	18	-29.73	-48.80	16.28	-56.94	-43.10	137	
6	43	23	56.44	23.93	59.61	-24.53	52.48	138	
6	43	28	-9.52	-16.36	-16.22	126.21	-19.27	139	
6	43	33	3.76	3.00	3.14	1.72	-0.35	140	
6	43	38	4.36	2.50	3.21	-0.42	-0.67	141	
6	43	43	5.12	4.71	5.22	-0.05	1.95	142	
