143
diam	c	r	EConv0	EConv1	EConv2	OConv0	OConv1
6	3	3	4.50	4.17	4.91	-0.54	-0.20	44	
6	3	8	-0.59	23.89	11.57	-4.34	-23.18	45	
6	3	13	9.96	9.22	4.42	-36.47	-47.23	46	
6	3	18	9.15	-1.39	11.92	41.56	54.96	47	
6	3	23	8.34	14.81	3.61	1.49	4.16	48	
6	3	28	5.70	4.63	4.70	-1.17	0.86	49	
6	3	33	5.24	8.92	2.56	0.95	-3.73	50	
6	3	38	5.23	2.47	11.00	4.92	-1.30	51	
6	3	43	4.68	6.25	3.46	2.05	1.01	52	
6	7	3	20.24	23.14	-2.61	-19.40	-8.72	53	
6	7	8	-21.24	-54.79	1.55	-5.98	-23.96	54	
6	7	13	-1.02	9.21	0.62	27.46	49.87	55	
6	7	18	6.28	6.62	3.44	1.60	-1.20	56	
6	7	23	4.42	2.73	3.60	-2.84	0.93	57	
6	7	28	5.92	5.48	5.32	-0.89	-0.85	58	
6	7	33	18.32	23.53	1.57	-43.60	-28.90	59	
6	7	38	28.80	-1.90	0.01	43.63	-5.50	60	
6	7	43	5.54	3.38	4.35	0.65	1.19	61	
6	11	3	21.21	-3.21	23.06	-21.60	8.40	62	
6	11	8	11.67	46.69	8.75	27.29	48.65	63	
6	11	13	6.03	3.86	5.33	-0.90	-3.68	64	
6	11	18	4.59	4.07	4.50	0.88	-0.29	65	
6	11	23	6.54	5.06	5.97	-1.68	0.59	66	
6	11	28	15.14	23.30	2.01	-17.79	-15.38	67	
6	11	33	-17.79	-34.52	2.12	22.56	32.95	68	
6	11	38	2.77	11.56	3.35	0.47	8.14	69	
6	11	43	6.39	5.35	4.99	2.35	-0.48	70	
6	15	3	6.79	7.41	2.95	-0.43	-0.78	71	
6	15	8	7.89	31.63	18.55	-6.47	-35.20	72	
6	15	13	11.14	2.78	11.98	6.87	1.30	73	
6	15	18	4.65	5.48	4.45	-0.39	0.03	74	
6	15	23	12.71	14.97	3.55	-8.42	-7.94	75	
6	15	28	-15.65	-41.99	9.17	0.07	-2.78	76	
6	15	33	10.72	16.96	5.30	6.07	5.58	77	
6	15	38	2.74	4.55	3.81	-0.22	1.06	78	
6	15	43	4.63	4.53	4.62	1.79	-0.18	79	
6	19	3	20.33	1.69	9.51	-10.09	3.22	80	
6	19	8	-32.58	-40.32	-25.07	10.96	-3.00	81	
6	19	13	17.81	11.66	-0.31	12.35	2.31	82	
6	19	18	4.83	5.66	4.09	-1.06	-1.21	83	
6	19	23	-8.71	-20.92	5.08	-18.63	-16.07	84	
6	19	28	11.92	24.10	2.17	17.46	14.52	85	
6	19	33	3.42	3.47	3.63	0.17	0.65	86	
6	19	38	2.85	4.09	3.13	-2.20	0.20	87	
6	19	43	4.93	5.32	5.20	2.34	0.37	88	
6	23	3	5.36	4.84	3.53	0.01	0.85	89	
6	23	8	-45.25	4.50	-26.15	-55.95	27.19	90	
6	23	13	5.49	5.28	4.83	-0.78	-0.80	91	
6	23	18	6.76	7.30	-1.72	-26.83	-23.79	92	
6	23	23	13.44	15.32	-0.07	24.73	20.89	93	
6	23	28	3.79	4.18	4.37	3.80	-0.75	94	
6	23	33	4.07	4.07	3.47	-0.18	-0.39	95	
6	23	38	2.03	2.83	6.11	0.57	-2.98	96	
6	23	43	3.85	4.10	4.10	1.27	-0.35	97	
6	27	3	3.16	3.24	4.23	-0.22	0.52	98	
6	27	8	8.78	1.43	26.65	-28.77	19.01	99	
6	27	13	13.68	21.97	3.31	-12.28	-15.22	100	
6	27	18	-5.46	-13.07	9.16	21.12	20.72	101	
6	27	23	15.67	9.63	2.38	-11.36	1.86	102	
6	27	28	15.73	-15.70	12.86	45.43	-19.12	103	
6	27	33	5.53	4.55	4.52	-0.51	-0.53	104	
6	27	38	-1.30	3.25	0.87	2.69	-5.44	105	
6	27	43	5.54	3.87	6.55	3.38	-1.60	106	
6	31	3	2.80	3.26	3.52	0.26	0.04	107	
6	31	8	7.50	19.02	1.72	-21.46	-10.93	108	
6	31	13	-6.07	-26.34	12.52	-1.42	10.80	109	
6	31	18	8.57	15.04	3.59	7.17	3.69	110	
6	31	23	7.10	3.88	10.48	-4.03	0.58	111	
6	31	28	5.10	22.20	-0.03	9.48	13.75	112	
6	31	33	4.99	4.44	4.19	0.77	0.10	113	
6	31	38	-0.54	3.04	1.05	-6.45	3.93	114	
6	31	43	6.97	3.76	4.71	8.48	-0.99	115	
6	35	3	6.50	7.12	6.26	-1.00	-0.61	116	
6	35	8	-11.85	-26.90	14.50	-13.38	-6.35	117	
6	35	13	11.54	17.20	1.10	9.90	7.62	118	
6	35	18	3.21	4.45	4.86	0.37	-1.31	119	
6	35	23	5.93	5.62	5.58	0.23	0.49	120	
6	35	28	5.57	6.46	6.17	-1.09	2.13	121	
6	35	33	3.07	5.11	3.57	-1.21	-1.57	122	
6	35	38	5.52	4.85	6.27	-6.47	3.48	123	
6	35	43	6.46	5.16	3.86	7.14	0.17	124	
6	39	3	20.14	14.06	9.00	-12.31	-15.40	125	
6	39	8	11.88	15.13	2.19	37.64	1.32	126	
6	39	13	4.26	11.59	3.83	-5.90	-25.53	127	
6	39	18	10.37	6.58	16.53	3.88	-16.52	128	
6	39	23	3.39	10.42	8.27	-0.66	-22.53	129	
6	39	28	2.18	12.04	9.58	-3.50	-25.03	130	
6	39	33	0.70	9.58	8.21	-1.84	-20.60	131	
6	39	38	7.23	12.29	11.96	-6.14	-20.99	132	
6	39	43	7.61	11.33	10.16	4.21	-18.42	133	
6	43	3	7.24	5.03	13.58	-1.81	19.34	134	
6	43	8	5.70	12.58	9.38	0.64	18.91	135	
6	43	13	0.43	8.38	10.99	-3.12	25.33	136	
6	43	18	4.96	15.17	4.93	3.80	19.63	137	
6	43	23	3.89	5.32	12.52	-4.89	22.78	138	
6	43	28	4.47	10.39	12.13	-1.23	27.30	139	
6	43	33	6.17	10.99	13.45	-1.73	19.99	140	
6	43	38	5.22	12.51	10.08	3.73	22.81	141	
6	43	43	0.22	8.40	6.49	0.93	23.18	142	
