143
diam	c	r	EConv0	EConv1	EConv2	OConv0	OConv1
6	3	3	3.09	3.14	3.05	-0.50	1.10	44	
6	3	8	3.91	3.67	2.15	1.11	-2.71	45	
6	3	13	4.35	2.46	4.24	-1.30	0.85	46	
6	3	18	3.33	3.09	3.03	0.01	4.31	47	
6	3	23	4.38	4.39	4.71	1.89	3.67	48	
6	3	28	2.73	2.25	2.16	-1.49	-0.47	49	
6	3	33	4.88	4.96	7.38	-3.30	0.47	50	
6	3	38	6.27	6.41	3.66	0.67	-1.56	51	
6	3	43	3.76	3.44	4.22	1.25	-1.55	52	
6	7	3	4.12	3.71	4.69	1.19	0.01	53	
6	7	8	4.46	5.05	4.24	-2.04	0.41	54	
6	7	13	4.91	3.30	4.70	2.02	0.80	55	
6	7	18	2.51	3.06	2.10	-1.05	0.94	56	
6	7	23	4.83	3.74	2.39	0.51	0.34	57	
6	7	28	5.09	6.19	5.41	1.01	-0.13	58	
6	7	33	0.34	0.11	3.87	-2.27	2.26	59	
6	7	38	1.00	6.32	9.96	-0.81	-6.20	60	
6	7	43	4.19	2.00	4.19	1.85	-0.74	61	
6	11	3	2.04	2.83	1.70	-0.10	-0.94	62	
6	11	8	4.15	3.73	3.92	-1.59	0.14	63	
6	11	13	3.52	1.69	2.70	1.04	-0.15	64	
6	11	18	1.31	1.28	2.66	1.40	-1.65	65	
6	11	23	3.65	2.49	2.82	1.18	-0.52	66	
6	11	28	5.06	2.75	4.23	-2.14	-0.78	67	
6	11	33	24.67	50.90	-10.05	-46.73	-40.33	68	
6	11	38	-20.53	-49.55	13.70	98.24	-54.62	69	
6	11	43	3.13	4.40	2.59	1.00	0.57	70	
6	15	3	2.61	3.03	3.41	-0.02	0.80	71	
6	15	8	4.46	1.65	4.95	1.23	1.44	72	
6	15	13	3.28	4.78	4.13	0.64	-3.13	73	
6	15	18	1.47	3.51	1.93	0.51	-0.09	74	
6	15	23	4.82	4.03	5.19	0.77	-0.03	75	
6	15	28	13.15	35.83	-0.07	-16.37	-19.64	76	
6	15	33	-35.66	-82.99	13.41	-53.50	-46.36	77	
6	15	38	20.84	47.47	-24.94	80.20	61.50	78	
6	15	43	2.71	1.46	3.19	1.02	-0.05	79	
6	19	3	3.78	2.13	3.28	-1.36	-0.40	80	
6	19	8	6.64	49.34	-26.33	-63.87	-75.48	81	
6	19	13	-22.17	-21.37	-17.12	43.44	-100.16	82	
6	19	18	6.26	1.13	11.46	4.71	-4.49	83	
6	19	23	7.76	13.51	2.01	0.02	-2.76	84	
6	19	28	-17.13	-36.55	15.59	-85.79	-80.21	85	
6	19	33	5.24	40.30	-4.27	67.90	83.54	86	
6	19	38	2.76	4.44	3.28	-2.76	1.84	87	
6	19	43	6.28	4.86	4.34	1.61	1.20	88	
6	23	3	2.96	1.97	4.05	-1.07	1.32	89	
6	23	8	-32.15	-21.26	-22.50	-115.85	34.59	90	
6	23	13	54.06	21.53	95.43	-6.56	67.11	91	
6	23	18	37.78	8.49	0.87	44.54	1.91	92	
6	23	23	9.55	17.13	-0.56	-85.16	-93.49	93	
6	23	28	1.81	-4.31	-1.78	73.70	98.22	94	
6	23	33	2.69	0.81	5.97	-3.85	7.01	95	
6	23	38	3.92	3.66	1.84	-2.92	2.76	96	
6	23	43	2.54	3.35	2.91	1.32	-1.08	97	
6	27	3	4.33	4.79	4.84	1.20	-0.93	98	
6	27	8	29.26	-3.54	46.81	-34.36	29.15	99	
6	27	13	-10.48	-3.82	-13.83	123.53	-35.81	100	
6	27	18	23.79	54.51	3.30	-72.18	-70.22	101	
6	27	23	-17.80	-63.27	3.97	51.89	82.19	102	
6	27	28	16.97	18.64	-1.41	15.41	3.52	103	
6	27	33	0.89	-0.34	-1.96	-9.41	0.08	104	
6	27	38	5.67	3.70	4.11	-3.22	-0.64	105	
6	27	43	3.07	3.00	3.98	3.10	1.82	106	
6	31	3	4.11	3.27	3.84	2.60	-0.67	107	
6	31	8	3.41	3.19	0.89	3.87	-0.80	108	
6	31	13	-54.69	24.07	-32.61	32.88	-48.17	109	
6	31	18	-30.97	-90.96	10.29	33.85	45.45	110	
6	31	23	20.50	30.62	-0.00	18.77	14.74	111	
6	31	28	3.78	6.43	1.66	0.20	4.63	112	
6	31	33	-1.35	2.07	2.02	0.66	-4.65	113	
6	31	38	3.12	3.42	4.31	-2.53	-0.73	114	
6	31	43	4.17	5.04	3.11	2.14	-0.19	115	
6	35	3	1.62	4.46	1.69	1.87	-1.25	116	
6	35	8	33.67	51.95	2.83	-44.97	-38.62	117	
6	35	13	-33.53	-63.37	7.93	58.53	62.85	118	
6	35	18	19.89	46.78	0.69	29.20	33.20	119	
6	35	23	2.25	4.53	1.41	2.34	1.02	120	
6	35	28	3.97	2.70	3.69	-3.55	-3.24	121	
6	35	33	-2.91	4.55	5.47	-0.79	-2.34	122	
6	35	38	3.13	3.82	1.07	0.63	1.95	123	
6	35	43	3.91	2.34	2.98	0.14	2.07	124	
6	39	3	19.96	19.41	0.35	-13.99	-3.51	125	
6	39	8	-40.62	-84.45	7.06	-41.57	-47.39	126	
6	39	13	28.76	51.59	-6.09	46.34	41.86	127	
6	39	18	2.72	4.36	2.22	-1.29	0.24	128	
6	39	23	3.40	3.18	3.17	0.41	-0.19	129	
6	39	28	3.26	2.57	4.22	-1.20	0.25	130	
6	39	33	-2.45	1.29	3.36	-1.35	7.43	131	
6	39	38	4.44	2.27	3.21	-2.79	-0.33	132	
6	39	43	5.82	4.64	4.25	1.07	-3.10	133	
6	43	3	32.32	-6.26	18.42	-29.45	6.91	134	
6	43	8	-6.79	29.11	-15.96	73.02	90.21	135	
6	43	13	5.27	4.21	3.19	0.41	0.56	136	
6	43	18	4.36	3.19	3.80	0.69	-1.99	137	
6	43	23	3.73	2.31	3.10	-0.75	0.46	138	
6	43	28	3.27	3.70	1.62	-0.30	1.48	139	
6	43	33	-8.94	-6.07	-7.61	-0.81	-0.60	140	
6	43	38	2.08	1.99	5.35	-0.26	-0.98	141	
6	43	43	4.31	4.16	2.72	-2.56	-0.45	142	
