143
diam	c	r	EConv0	EConv1	EConv2	OConv0	OConv1
6	3	3	2.53	1.58	2.90	-3.46	0.69	44	
6	3	8	-1.08	2.79	3.23	-0.00	3.11	45	
6	3	13	2.99	5.65	0.44	0.59	1.12	46	
6	3	18	0.79	3.05	1.85	4.23	1.12	47	
6	3	23	1.49	1.50	3.00	0.27	1.25	48	
6	3	28	5.21	3.53	3.16	-6.53	-0.41	49	
6	3	33	9.21	0.44	6.53	11.58	-0.99	50	
6	3	38	2.47	0.99	3.34	2.74	5.60	51	
6	3	43	2.39	4.88	9.46	1.05	0.82	52	
6	7	3	2.87	1.92	3.99	-3.59	-0.73	53	
6	7	8	5.68	15.87	1.81	-5.09	-3.65	54	
6	7	13	2.88	3.97	26.21	3.58	-20.12	55	
6	7	18	0.42	2.24	0.36	3.13	-2.03	56	
6	7	23	3.87	3.83	2.97	1.92	0.24	57	
6	7	28	3.69	2.93	3.52	-3.05	-0.17	58	
6	7	33	6.62	6.93	1.22	12.16	4.57	59	
6	7	38	18.83	45.87	-6.15	-62.88	-69.39	60	
6	7	43	40.76	-12.51	21.61	67.99	-17.55	61	
6	11	3	2.01	3.60	2.01	0.13	-1.63	62	
6	11	8	-15.66	-18.64	-11.61	-61.62	-69.08	63	
6	11	13	-21.50	-36.17	-26.88	85.10	-23.76	64	
6	11	18	3.21	4.00	2.92	0.26	1.41	65	
6	11	23	5.86	3.61	2.32	0.42	-0.86	66	
6	11	28	7.96	10.31	8.67	-2.41	-3.70	67	
6	11	33	24.92	42.60	0.90	-31.89	-56.17	68	
6	11	38	-24.96	-58.50	11.13	-22.90	-26.53	69	
6	11	43	42.22	31.67	-5.46	46.84	16.42	70	
6	15	3	13.30	6.24	0.65	-6.26	-0.64	71	
6	15	8	-40.24	-25.99	30.56	71.76	22.79	72	
6	15	13	-12.58	32.48	0.68	7.28	40.99	73	
6	15	18	5.59	4.46	1.71	-2.10	-1.43	74	
6	15	23	13.75	12.84	2.55	-4.04	-6.08	75	
6	15	28	-23.40	-5.62	-11.62	-16.66	-104.42	76	
6	15	33	-7.46	-65.01	-1.51	-25.66	-20.30	77	
6	15	38	-9.05	-7.34	-4.58	75.23	83.09	78	
6	15	43	4.50	4.94	1.71	3.27	-0.99	79	
6	19	3	12.13	0.70	6.89	-4.71	1.87	80	
6	19	8	-65.69	-4.29	-34.18	78.41	-7.59	81	
6	19	13	-0.41	-0.00	4.39	-1.34	-0.82	82	
6	19	18	1.82	0.03	3.94	-3.34	-0.11	83	
6	19	23	42.30	35.03	7.67	-43.11	-15.61	84	
6	19	28	-9.87	-9.40	-3.14	-8.40	-1.47	85	
6	19	33	46.12	24.07	32.74	73.22	59.79	86	
6	19	38	7.99	21.19	2.08	2.85	9.60	87	
6	19	43	1.66	1.41	2.59	-0.39	3.25	88	
6	23	3	1.49	1.83	3.45	1.60	0.21	89	
6	23	8	-103.66	-17.02	-36.98	25.31	3.23	90	
6	23	13	-5.24	2.46	-0.15	0.99	-5.07	91	
6	23	18	10.87	18.77	4.69	-8.75	-1.55	92	
6	23	23	-20.38	-63.90	8.01	-47.31	-34.29	93	
6	23	28	22.12	23.21	-25.63	-53.70	77.83	94	
6	23	33	52.83	20.73	11.97	53.28	-0.75	95	
6	23	38	3.08	3.52	3.01	-1.22	1.46	96	
6	23	43	3.41	3.44	4.20	1.90	-1.47	97	
6	27	3	-0.78	1.86	2.43	3.99	0.09	98	
6	27	8	-113.00	-23.60	-29.81	-3.73	5.24	99	
6	27	13	-9.52	5.70	-1.04	0.96	-1.04	100	
6	27	18	-9.08	-19.38	1.05	-57.62	-66.42	101	
6	27	23	8.78	32.60	-2.28	57.27	54.87	102	
6	27	28	47.47	7.88	32.07	-73.40	11.50	103	
6	27	33	50.95	10.38	12.90	56.73	-3.06	104	
6	27	38	6.14	3.64	4.64	-1.72	0.58	105	
6	27	43	0.36	2.56	1.08	1.48	0.29	106	
6	31	3	2.83	5.07	1.72	0.69	0.51	107	
6	31	8	-105.03	-5.28	-31.26	-17.51	-6.84	108	
6	31	13	-8.63	-7.42	5.64	-58.33	-74.06	109	
6	31	18	-2.78	0.70	3.02	61.68	69.43	110	
6	31	23	3.73	5.40	0.90	-0.39	4.14	111	
6	31	28	20.16	-6.70	16.20	-28.61	8.54	112	
6	31	33	22.10	24.74	0.90	18.23	7.59	113	
6	31	38	5.48	3.39	4.39	-0.90	-2.33	114	
6	31	43	1.38	1.84	4.02	0.73	0.32	115	
6	35	3	2.43	2.28	1.36	-4.17	-0.71	116	
6	35	8	-56.25	-34.21	-26.57	-81.90	3.78	117	
6	35	13	0.16	-6.73	3.82	61.29	78.31	118	
6	35	18	8.29	12.71	6.98	2.18	5.43	119	
6	35	23	2.31	3.35	4.60	-0.44	-0.98	120	
6	35	28	7.05	3.41	4.15	-5.43	3.27	121	
6	35	33	5.00	-6.05	3.27	16.63	-3.03	122	
6	35	38	2.77	2.11	2.35	-1.35	-0.87	123	
6	35	43	2.32	1.96	2.35	2.92	-1.31	124	
6	39	3	6.54	4.53	5.08	-3.97	0.59	125	
6	39	8	-25.76	-4.52	19.76	-5.11	56.04	126	
6	39	13	5.88	16.34	-1.46	2.16	7.28	127	
6	39	18	0.20	-0.08	-1.56	3.37	-1.27	128	
6	39	23	2.86	2.08	3.38	-0.11	1.92	129	
6	39	28	1.84	-1.28	0.09	1.40	1.23	130	
6	39	33	3.26	9.45	2.46	5.83	2.16	131	
6	39	38	3.81	3.18	3.40	-1.06	2.70	132	
6	39	43	2.12	2.75	2.66	3.06	2.25	133	
6	43	3	2.99	2.28	3.30	-2.12	0.10	134	
6	43	8	3.06	5.96	2.07	0.03	-3.16	135	
6	43	13	3.70	2.12	5.61	-1.38	-0.95	136	
6	43	18	4.81	3.86	4.18	3.96	-0.34	137	
6	43	23	3.40	5.71	1.46	-0.36	-2.98	138	
6	43	28	6.26	4.94	4.22	-1.23	-2.90	139	
6	43	33	5.65	0.01	2.90	11.54	0.25	140	
6	43	38	4.98	2.50	2.49	-2.81	0.25	141	
6	43	43	1.85	2.73	1.66	2.02	0.36	142	
