143
diam	c	r	EConv0	EConv1	EConv2	OConv0	OConv1
6	3	3	2.94	1.65	2.78	2.34	-0.91	44	
6	3	8	2.57	3.39	2.40	0.47	-1.19	45	
6	3	13	3.48	3.51	2.97	1.13	-2.12	46	
6	3	18	4.53	8.64	4.66	-4.62	-6.71	47	
6	3	23	0.82	-1.27	24.50	12.87	-22.04	48	
6	3	28	3.98	5.23	5.07	1.35	0.14	49	
6	3	33	6.69	5.13	2.00	-7.41	-1.92	50	
6	3	38	3.85	3.12	3.18	14.00	1.36	51	
6	3	43	2.61	3.77	3.77	-0.94	-0.36	52	
6	7	3	3.24	2.49	2.87	2.29	0.61	53	
6	7	8	3.35	3.42	4.03	0.33	0.72	54	
6	7	13	2.77	3.51	2.50	-1.96	-1.82	55	
6	7	18	9.90	22.14	-1.69	-59.24	-42.56	56	
6	7	23	24.19	7.10	-5.89	64.23	17.80	57	
6	7	28	4.59	3.77	2.10	-2.01	1.18	58	
6	7	33	4.81	2.97	3.43	-11.26	-2.42	59	
6	7	38	1.33	1.23	1.00	11.27	-2.27	60	
6	7	43	3.60	2.19	4.82	1.86	0.87	61	
6	11	3	4.21	3.32	5.22	2.00	0.09	62	
6	11	8	5.29	4.71	1.62	1.55	-0.03	63	
6	11	13	16.49	26.78	1.82	-18.11	-15.15	64	
6	11	18	-37.52	-57.22	11.39	14.08	6.16	65	
6	11	23	13.82	16.49	2.56	11.32	4.55	66	
6	11	28	2.08	2.84	4.05	-0.59	-4.53	67	
6	11	33	11.24	18.45	5.37	-18.64	-10.43	68	
6	11	38	8.05	-1.59	17.58	24.88	-14.21	69	
6	11	43	3.07	2.14	3.03	3.81	-1.28	70	
6	15	3	5.39	3.35	2.35	2.29	-0.90	71	
6	15	8	13.71	35.83	-2.12	-27.86	-37.30	72	
6	15	13	-12.32	-54.23	4.22	-17.35	-54.76	73	
6	15	18	19.55	40.08	-4.85	40.18	42.21	74	
6	15	23	3.55	4.61	0.49	-1.61	-0.32	75	
6	15	28	7.32	19.53	-3.83	-14.10	-14.53	76	
6	15	33	-5.40	-19.75	3.84	-37.07	-57.33	77	
6	15	38	21.58	6.62	1.38	50.49	-1.07	78	
6	15	43	4.42	3.80	3.33	5.02	-1.44	79	
6	19	3	9.03	4.54	5.47	0.35	-2.20	80	
6	19	8	-20.59	-29.08	7.47	-34.70	-31.11	81	
6	19	13	-39.12	-0.67	-0.74	47.97	9.67	82	
6	19	18	1.00	0.69	2.07	0.08	-4.21	83	
6	19	23	7.80	14.40	1.12	-10.57	-10.75	84	
6	19	28	-10.73	-23.70	1.89	-45.37	-58.98	85	
6	19	33	5.62	-8.40	4.76	25.22	56.87	86	
6	19	38	7.35	21.79	4.83	21.58	-0.64	87	
6	19	43	4.09	2.51	3.35	6.92	-1.68	88	
6	23	3	19.22	2.73	4.80	-17.74	-0.19	89	
6	23	8	-7.90	-12.91	-10.76	23.35	90.26	90	
6	23	13	-57.66	4.67	-32.35	1.93	11.97	91	
6	23	18	5.13	9.83	6.48	-4.10	-0.41	92	
6	23	23	-14.00	-21.99	6.05	-40.81	-52.48	93	
6	23	28	5.04	13.96	13.82	43.00	79.00	94	
6	23	33	10.23	15.76	3.26	-3.55	12.56	95	
6	23	38	-3.53	-3.85	-2.42	9.58	17.92	96	
6	23	43	8.54	4.52	3.15	4.70	1.01	97	
6	27	3	3.09	4.11	6.51	0.01	1.97	98	
6	27	8	4.22	-2.27	1.03	-2.71	-8.93	99	
6	27	13	-54.46	-3.74	-10.30	-27.10	16.22	100	
6	27	18	4.93	13.40	2.09	-54.66	-57.27	101	
6	27	23	-4.10	-1.92	0.02	52.38	58.91	102	
6	27	28	3.76	7.10	0.62	-0.53	1.15	103	
6	27	33	2.95	19.42	5.37	-10.85	-10.57	104	
6	27	38	2.39	4.27	12.14	11.35	-3.35	105	
6	27	43	3.21	5.34	3.13	9.32	1.41	106	
6	31	3	3.51	4.52	3.24	1.87	-0.82	107	
6	31	8	2.06	4.11	2.48	-2.60	2.65	108	
6	31	13	-26.83	4.21	-14.44	-69.23	-21.21	109	
6	31	18	-12.21	-31.48	6.38	47.26	51.83	110	
6	31	23	5.10	11.36	4.29	3.53	9.22	111	
6	31	28	3.18	4.27	1.06	-4.40	-1.57	112	
6	31	33	-10.25	-6.86	-9.84	-72.27	-33.68	113	
6	31	38	-1.92	-13.04	0.60	63.83	-41.00	114	
6	31	43	3.52	1.26	2.92	6.47	2.04	115	
6	35	3	3.58	2.51	2.41	3.17	-0.95	116	
6	35	8	6.64	11.26	0.46	-8.21	-4.89	117	
6	35	13	-51.86	-60.75	13.11	-4.18	13.97	118	
6	35	18	10.54	20.44	-2.41	10.45	10.61	119	
6	35	23	4.07	4.28	3.74	1.16	1.44	120	
6	35	28	5.71	3.39	5.53	-6.86	1.90	121	
6	35	33	-8.27	-24.37	-10.05	-48.42	60.58	122	
6	35	38	-17.67	-10.67	-25.22	66.97	32.93	123	
6	35	43	3.84	4.21	3.36	4.62	-0.58	124	
6	39	3	2.88	1.84	2.79	1.44	1.02	125	
6	39	8	27.65	6.24	-0.49	-56.95	-13.02	126	
6	39	13	26.34	28.64	-1.24	47.18	31.82	127	
6	39	18	3.26	1.33	1.60	-0.12	-2.17	128	
6	39	23	2.73	1.76	1.31	0.82	-1.71	129	
6	39	28	3.59	2.44	3.40	-4.06	0.86	130	
6	39	33	4.90	7.56	3.53	-7.96	-1.84	131	
6	39	38	1.14	13.72	10.48	12.81	10.03	132	
6	39	43	4.04	4.39	1.61	2.50	2.29	133	
6	43	3	2.68	22.51	17.50	-3.80	-39.37	134	
6	43	8	-7.55	-5.50	27.06	-9.50	-8.71	135	
6	43	13	-1.45	21.26	13.85	3.92	-32.75	136	
6	43	18	4.49	17.73	21.04	0.47	-21.94	137	
6	43	23	2.97	12.52	15.88	-0.27	-21.32	138	
6	43	28	4.08	18.04	15.61	-3.01	-19.82	139	
6	43	33	8.12	16.34	23.14	-11.43	-16.02	140	
6	43	38	6.73	15.06	13.04	13.93	-5.87	141	
6	43	43	2.71	15.50	12.87	0.42	-10.87	142	
