143
diam	c	r	EConv0	EConv1	EConv2	OConv0	OConv1
6	3	3	4.47	3.77	2.57	4.39	0.10	44	
6	3	8	1.75	3.09	2.25	-2.00	-2.00	45	
6	3	13	3.87	5.32	3.76	-4.82	-1.52	46	
6	3	18	-0.63	-1.85	7.06	-0.34	-2.08	47	
6	3	23	-0.58	23.47	15.29	-6.81	-22.50	48	
6	3	28	4.64	0.49	5.21	8.05	3.40	49	
6	3	33	2.47	4.25	0.38	-0.66	3.59	50	
6	3	38	2.74	2.24	2.54	1.51	0.48	51	
6	3	43	4.73	3.74	2.95	2.49	-0.08	52	
6	7	3	3.94	4.53	3.74	2.50	-0.95	53	
6	7	8	2.43	2.15	2.73	-3.44	0.08	54	
6	7	13	5.19	1.99	0.26	-8.29	-1.74	55	
6	7	18	10.39	30.48	-16.11	-44.67	-45.46	56	
6	7	23	-30.24	-49.17	-24.07	14.21	-29.86	57	
6	7	28	7.83	8.86	3.02	6.38	1.64	58	
6	7	33	3.22	2.47	5.08	-2.59	1.33	59	
6	7	38	2.12	6.41	5.96	1.40	-2.71	60	
6	7	43	4.71	3.28	5.33	0.58	-1.70	61	
6	11	3	1.42	1.21	0.05	-0.11	-0.65	62	
6	11	8	4.34	4.00	2.68	-0.15	-3.38	63	
6	11	13	6.58	8.10	5.89	-2.99	-2.51	64	
6	11	18	-27.44	-25.05	7.63	-48.40	-16.15	65	
6	11	23	-12.54	-11.48	4.22	62.69	36.66	66	
6	11	28	4.42	3.90	5.87	1.69	-0.40	67	
6	11	33	11.94	20.43	6.76	-7.33	-11.54	68	
6	11	38	4.73	-12.50	12.17	30.73	-10.91	69	
6	11	43	2.71	2.07	1.29	0.01	-1.08	70	
6	15	3	1.55	2.60	4.36	2.14	-0.45	71	
6	15	8	2.32	7.24	1.24	-12.57	-8.31	72	
6	15	13	22.23	18.08	-5.40	-46.35	-40.23	73	
6	15	18	-10.45	-34.40	6.00	14.41	15.79	74	
6	15	23	23.07	33.25	0.56	31.74	20.18	75	
6	15	28	11.48	14.27	3.10	-5.44	-3.57	76	
6	15	33	-12.24	-27.14	-8.16	-36.66	-60.45	77	
6	15	38	31.68	12.18	-2.21	52.94	9.50	78	
6	15	43	3.93	4.35	3.90	2.63	1.47	79	
6	19	3	3.77	3.25	1.39	0.20	2.75	80	
6	19	8	0.53	-1.08	-4.66	-23.30	-0.37	81	
6	19	13	6.36	-5.10	2.20	-48.42	-5.33	82	
6	19	18	17.01	21.09	22.97	72.87	20.21	83	
6	19	23	3.59	10.90	9.47	2.39	-4.98	84	
6	19	28	4.14	0.63	3.40	-52.07	-53.57	85	
6	19	33	-1.80	-0.07	3.51	42.75	65.13	86	
6	19	38	0.91	8.09	-1.99	7.23	3.13	87	
6	19	43	4.17	3.95	6.26	3.75	-0.04	88	
6	23	3	4.44	4.10	3.61	-0.97	0.16	89	
6	23	8	4.51	-1.03	7.05	-17.17	7.18	90	
6	23	13	8.16	2.22	1.59	-45.04	12.73	91	
6	23	18	11.58	9.18	-1.81	54.90	-8.39	92	
6	23	23	-0.67	0.41	-4.62	-42.65	-48.30	93	
6	23	28	-4.15	-9.14	9.84	45.57	49.15	94	
6	23	33	6.83	14.85	5.72	1.31	2.03	95	
6	23	38	1.30	3.37	-3.50	1.16	5.05	96	
6	23	43	4.25	5.33	3.79	4.92	0.96	97	
6	27	3	4.52	2.98	4.44	1.15	-1.21	98	
6	27	8	4.31	3.22	6.29	-5.35	2.62	99	
6	27	13	19.18	11.29	6.67	-50.14	16.34	100	
6	27	18	19.61	18.55	-1.28	12.68	-34.34	101	
6	27	23	-3.56	-14.53	5.69	45.55	43.01	102	
6	27	28	4.25	13.33	-1.66	0.05	3.50	103	
6	27	33	24.20	29.87	-15.32	-35.14	-23.55	104	
6	27	38	9.30	-27.29	34.86	49.41	-48.30	105	
6	27	43	3.73	3.37	-0.22	4.51	-1.16	106	
6	31	3	3.07	2.52	1.96	0.69	-0.05	107	
6	31	8	4.71	3.38	3.54	-1.63	1.64	108	
6	31	13	35.96	17.90	15.42	-47.73	5.08	109	
6	31	18	-8.74	-21.32	0.66	39.24	37.57	110	
6	31	23	12.38	17.65	1.72	11.19	5.89	111	
6	31	28	3.56	2.96	5.16	-0.18	2.69	112	
6	31	33	37.17	-5.42	7.16	-77.09	1.04	113	
6	31	38	11.52	4.48	-19.70	92.88	24.13	114	
6	31	43	3.06	2.16	2.68	1.81	2.43	115	
6	35	3	2.99	5.73	5.37	-1.35	-1.05	116	
6	35	8	4.24	4.69	5.29	-0.72	-3.09	117	
6	35	13	-17.03	-18.49	11.16	-30.75	-41.74	118	
6	35	18	14.97	26.25	1.36	14.62	32.11	119	
6	35	23	2.35	2.59	1.19	2.71	-4.98	120	
6	35	28	1.75	2.73	3.29	0.99	-6.93	121	
6	35	33	5.84	8.71	28.05	-3.69	9.24	122	
6	35	38	10.20	28.18	10.06	9.30	5.89	123	
6	35	43	2.81	1.96	4.00	3.41	-2.28	124	
6	39	3	1.14	2.57	-1.22	-1.36	-1.62	125	
6	39	8	21.68	9.60	2.73	-12.73	-5.18	126	
6	39	13	-23.96	-27.65	4.61	49.44	29.70	127	
6	39	18	5.30	1.27	2.67	1.51	-4.56	128	
6	39	23	0.77	2.35	3.54	-2.30	3.66	129	
6	39	28	-1.59	-0.59	-1.62	1.07	2.78	130	
6	39	33	-4.41	-0.69	-1.65	-7.01	-8.24	131	
6	39	38	3.48	0.31	0.61	9.70	0.59	132	
6	39	43	3.22	4.21	2.97	4.36	0.23	133	
6	43	3	2.93	2.05	4.63	-2.85	-2.36	134	
6	43	8	15.95	0.71	11.02	-4.25	5.56	135	
6	43	13	11.27	31.98	-9.11	18.62	24.68	136	
6	43	18	-6.38	-3.23	-2.36	-1.34	-16.72	137	
6	43	23	2.92	1.06	4.14	4.20	-1.88	138	
6	43	28	4.66	1.53	4.65	-0.76	6.84	139	
6	43	33	-0.38	2.85	4.95	-3.47	13.60	140	
6	43	38	5.71	5.17	1.11	2.63	4.04	141	
6	43	43	3.78	1.79	2.21	4.32	0.04	142	
