143
diam	c	r	EConv0	EConv1	EConv2	OConv0	OConv1
6	3	3	2.43	3.39	1.54	-3.83	-1.11	44	
6	3	8	-26.65	-17.83	-26.46	-79.20	51.18	45	
6	3	13	-14.76	-36.91	8.90	65.51	59.02	46	
6	3	18	18.18	27.12	4.80	14.20	10.11	47	
6	3	23	6.31	3.58	1.09	-1.82	0.28	48	
6	3	28	-7.53	-4.97	3.13	5.29	4.40	49	
6	3	33	17.05	5.92	4.32	-26.98	-2.87	50	
6	3	38	14.65	6.57	6.30	10.57	-0.34	51	
6	3	43	2.99	0.56	-0.01	-1.46	-0.03	52	
6	7	3	3.00	2.19	5.51	-2.80	2.24	53	
6	7	8	19.03	-8.16	32.71	-41.06	28.87	54	
6	7	13	20.83	46.00	-6.27	42.55	31.56	55	
6	7	18	3.35	3.49	3.58	-1.20	-2.94	56	
6	7	23	6.63	3.73	1.77	-8.13	-5.04	57	
6	7	28	0.89	3.27	3.01	14.65	0.76	58	
6	7	33	11.51	5.67	3.11	-32.83	0.52	59	
6	7	38	13.04	5.63	2.78	8.56	1.81	60	
6	7	43	5.68	27.24	11.55	-10.01	-21.12	61	
6	11	3	3.22	3.18	1.98	-0.76	-0.45	62	
6	11	8	3.06	6.12	6.50	1.88	0.33	63	
6	11	13	-6.66	7.09	1.34	-9.74	-20.23	64	
6	11	18	6.99	4.94	6.94	0.78	-1.11	65	
6	11	23	1.62	-0.55	4.61	-3.98	1.65	66	
6	11	28	4.27	7.80	-1.63	2.21	4.53	67	
6	11	33	9.51	0.14	8.09	-26.24	-2.48	68	
6	11	38	19.07	45.34	1.90	-21.06	-39.30	69	
6	11	43	-50.37	-73.44	-0.94	26.56	-45.82	70	
6	15	3	4.26	3.88	2.95	-1.80	1.09	71	
6	15	8	4.75	42.58	2.85	-22.20	-39.14	72	
6	15	13	-14.95	19.95	30.88	-0.16	-49.14	73	
6	15	18	7.04	10.80	37.93	7.81	-38.35	74	
6	15	23	5.71	1.53	3.30	4.98	0.77	75	
6	15	28	5.53	2.42	4.46	-4.85	1.09	76	
6	15	33	24.85	35.79	4.87	-41.46	-32.72	77	
6	15	38	-15.86	-84.75	3.96	-7.98	-16.15	78	
6	15	43	-5.03	29.68	-27.71	57.78	71.91	79	
6	19	3	1.13	1.13	4.64	3.11	0.63	80	
6	19	8	-36.16	-20.54	-23.42	-102.54	-23.74	81	
6	19	13	-4.79	-38.90	-10.22	10.72	1.66	82	
6	19	18	0.80	-8.17	-35.05	67.62	32.27	83	
6	19	23	9.02	8.40	1.82	-0.84	-2.06	84	
6	19	28	10.54	36.92	8.85	-26.32	-48.81	85	
6	19	33	-20.37	-65.97	10.78	-25.38	-17.24	86	
6	19	38	17.33	46.52	1.94	44.81	53.52	87	
6	19	43	4.80	2.61	7.68	-3.46	-6.44	88	
6	23	3	-0.43	2.86	1.68	0.06	-0.64	89	
6	23	8	-16.28	-22.01	-6.55	-93.86	43.82	90	
6	23	13	-18.16	-7.09	14.87	88.45	18.02	91	
6	23	18	3.41	10.50	4.93	3.35	15.50	92	
6	23	23	21.19	46.89	9.68	-38.77	-40.67	93	
6	23	28	-18.91	-82.87	-6.21	5.45	17.79	94	
6	23	33	16.00	47.05	1.77	10.38	54.95	95	
6	23	38	8.55	2.86	5.58	2.64	0.42	96	
6	23	43	2.92	4.14	1.47	-0.78	3.36	97	
6	27	3	1.45	2.34	2.08	-0.26	-0.41	98	
6	27	8	25.27	5.58	33.26	-25.25	24.52	99	
6	27	13	-40.45	-4.21	-18.41	91.08	7.88	100	
6	27	18	12.54	46.34	2.57	-39.41	-54.90	101	
6	27	23	-25.75	-82.34	8.41	21.79	16.09	102	
6	27	28	14.63	43.00	6.03	19.78	31.61	103	
6	27	33	-1.57	-0.97	1.74	-26.03	-0.27	104	
6	27	38	6.83	4.94	4.75	5.18	2.73	105	
6	27	43	3.44	1.61	3.53	-0.71	-0.05	106	
6	31	3	4.31	3.76	2.79	0.79	0.56	107	
6	31	8	12.32	9.38	4.85	-3.02	-1.84	108	
6	31	13	-17.51	38.85	-15.78	27.96	-40.29	109	
6	31	18	-25.84	-89.02	8.79	25.47	26.88	110	
6	31	23	15.77	44.87	-0.57	28.82	33.88	111	
6	31	28	1.92	-0.49	2.76	1.58	-1.71	112	
6	31	33	-3.22	1.52	2.02	-24.31	-3.73	113	
6	31	38	6.97	7.68	2.13	2.82	-0.96	114	
6	31	43	2.02	4.21	11.22	2.30	-6.06	115	
6	35	3	1.97	2.50	2.25	-1.20	0.72	116	
6	35	8	34.28	35.52	-4.94	-51.84	-29.00	117	
6	35	13	-28.41	-56.88	10.53	34.23	36.52	118	
6	35	18	21.26	46.67	-0.18	29.60	32.67	119	
6	35	23	4.59	5.71	4.27	-0.76	-0.50	120	
6	35	28	2.60	4.96	2.78	-3.22	-4.23	121	
6	35	33	-5.10	-4.05	-1.71	-17.92	4.11	122	
6	35	38	21.95	39.04	10.16	-59.01	-65.23	123	
6	35	43	33.61	-4.91	8.03	56.81	-1.37	124	
6	39	3	3.07	3.48	3.22	-0.18	-0.86	125	
6	39	8	-14.54	-35.39	1.61	-78.05	-5.10	126	
6	39	13	19.03	43.77	-7.38	50.18	54.37	127	
6	39	18	5.96	3.93	3.87	-0.84	-3.32	128	
6	39	23	3.08	6.59	2.49	-5.67	-6.13	129	
6	39	28	5.74	4.95	1.32	7.83	5.00	130	
6	39	33	6.79	33.80	12.63	-70.85	-68.25	131	
6	39	38	-20.06	-76.54	4.09	36.31	41.89	132	
6	39	43	17.37	21.69	-3.99	17.70	8.47	133	
6	43	3	3.51	3.29	3.82	-0.31	-0.88	134	
6	43	8	-15.01	4.92	13.32	-3.36	33.49	135	
6	43	13	6.82	2.58	4.42	-0.85	0.47	136	
6	43	18	4.66	11.11	2.79	-7.47	-7.20	137	
6	43	23	6.80	19.91	10.62	0.35	-5.93	138	
6	43	28	3.39	7.40	-1.20	-59.49	-98.07	139	
6	43	33	-18.60	-52.01	-4.30	28.65	47.07	140	
6	43	38	17.03	41.17	-2.87	29.24	26.14	141	
6	43	43	1.18	1.44	3.29	2.21	1.44	142	
