143
diam	c	r	EConv0	EConv1	EConv2	OConv0	OConv1
6	3	3	19.85	-8.05	20.15	-35.77	14.74	44	
6	3	8	-10.24	-29.07	-23.94	-0.07	54.13	45	
6	3	13	1.96	20.55	0.46	40.48	61.73	46	
6	3	18	3.12	6.60	3.33	-0.23	1.57	47	
6	3	23	1.45	2.31	2.13	-0.34	3.54	48	
6	3	28	9.41	3.47	2.25	-11.60	-1.09	49	
6	3	33	6.26	-1.74	3.48	8.07	6.77	50	
6	3	38	4.33	6.98	-1.02	2.67	3.24	51	
6	3	43	3.04	3.63	2.82	-0.10	-0.19	52	
6	7	3	1.85	4.01	5.38	0.19	1.61	53	
6	7	8	2.05	16.07	12.44	1.76	9.37	54	
6	7	13	3.80	3.00	1.85	-2.81	4.48	55	
6	7	18	9.43	12.78	-0.32	-9.84	-7.20	56	
6	7	23	9.41	1.89	19.54	12.14	-15.01	57	
6	7	28	4.31	4.00	6.40	-0.36	-1.28	58	
6	7	33	7.89	33.74	3.37	-9.37	-24.23	59	
6	7	38	0.89	-15.62	30.74	26.82	-32.05	60	
6	7	43	4.39	2.68	2.51	2.50	0.88	61	
6	11	3	5.10	6.61	5.41	-1.06	-2.16	62	
6	11	8	3.92	7.29	8.16	4.58	-2.13	63	
6	11	13	2.52	23.51	16.14	-5.33	-18.98	64	
6	11	18	23.27	-1.67	15.87	-22.07	3.37	65	
6	11	23	-4.61	-7.95	-20.41	47.69	5.94	66	
6	11	28	12.64	31.12	-3.78	-21.46	-14.88	67	
6	11	33	-6.90	-23.70	-0.27	-42.14	-50.92	68	
6	11	38	5.58	-9.38	-14.18	88.85	2.14	69	
6	11	43	4.26	4.03	3.97	0.68	1.06	70	
6	15	3	6.12	12.42	1.45	-6.48	-3.21	71	
6	15	8	-9.53	-1.82	-4.02	-37.74	-73.05	72	
6	15	13	-9.89	-50.83	-25.29	-9.03	-21.66	73	
6	15	18	24.31	4.91	6.64	17.35	-1.13	74	
6	15	23	8.45	22.11	-2.35	-6.61	3.30	75	
6	15	28	-7.28	-25.12	4.40	-52.60	-61.54	76	
6	15	33	-8.95	-27.49	5.01	52.92	66.10	77	
6	15	38	7.03	36.12	1.43	12.37	25.76	78	
6	15	43	3.92	3.45	3.74	1.66	-0.69	79	
6	19	3	35.71	10.74	7.48	-34.73	1.67	80	
6	19	8	-13.30	-11.64	0.22	12.20	-6.45	81	
6	19	13	20.54	29.29	19.43	27.43	34.99	82	
6	19	18	6.02	12.02	-0.03	-1.49	-0.31	83	
6	19	23	-1.70	-0.90	0.35	-44.39	-71.46	84	
6	19	28	-7.78	-22.98	12.46	49.26	61.26	85	
6	19	33	14.45	28.45	3.82	13.37	13.99	86	
6	19	38	0.68	2.99	4.61	3.17	-2.24	87	
6	19	43	1.25	5.10	2.78	-0.14	-1.82	88	
6	23	3	20.55	2.55	15.04	-17.96	5.32	89	
6	23	8	-36.96	-0.71	-29.00	-4.93	16.21	90	
6	23	13	20.93	6.21	13.10	10.66	-2.91	91	
6	23	18	27.36	35.10	4.64	-43.32	-30.82	92	
6	23	23	-24.60	-47.89	9.48	31.11	23.98	93	
6	23	28	18.24	26.11	-3.54	20.17	20.76	94	
6	23	33	4.25	3.29	1.05	-1.82	-1.24	95	
6	23	38	2.02	0.37	-0.20	3.58	5.45	96	
6	23	43	1.54	3.74	7.38	0.38	-1.25	97	
6	27	3	6.23	3.62	5.72	-3.86	1.45	98	
6	27	8	3.22	7.83	0.32	-61.53	48.54	99	
6	27	13	46.96	31.95	20.13	17.36	-41.63	100	
6	27	18	-25.99	-60.63	15.21	1.88	-16.58	101	
6	27	23	12.30	42.81	7.48	26.90	46.06	102	
6	27	28	2.96	4.16	1.29	-1.51	-0.35	103	
6	27	33	4.03	4.98	3.08	-2.85	-3.62	104	
6	27	38	-1.09	19.66	7.29	-18.10	-78.95	105	
6	27	43	11.39	-13.55	10.29	34.38	-12.13	106	
6	31	3	1.68	-1.13	3.03	-0.41	-0.45	107	
6	31	8	28.70	4.41	20.00	-31.99	10.80	108	
6	31	13	4.66	-15.50	-5.05	-5.51	-21.12	109	
6	31	18	16.80	23.36	-4.70	62.21	54.38	110	
6	31	23	1.35	1.23	-2.31	-2.04	-0.06	111	
6	31	28	4.46	0.75	2.22	-2.97	0.42	112	
6	31	33	13.44	2.33	5.05	-9.06	7.12	113	
6	31	38	-25.90	-33.90	-20.31	-13.57	76.80	114	
6	31	43	14.14	19.38	-11.32	18.05	20.61	115	
6	35	3	1.38	31.70	29.05	4.09	-65.87	116	
6	35	8	22.30	30.50	29.67	-31.84	-67.89	117	
6	35	13	-31.81	-4.95	3.70	33.17	-6.05	118	
6	35	18	3.48	36.38	23.38	0.18	-75.83	119	
6	35	23	4.46	22.73	26.92	2.68	-73.58	120	
6	35	28	2.03	23.65	16.95	-1.82	-83.40	121	
6	35	33	5.08	10.88	9.61	-10.70	-90.63	122	
6	35	38	12.88	18.05	20.53	2.81	-89.79	123	
6	35	43	4.38	-5.45	3.36	-7.49	-95.14	124	
6	39	3	-1.34	-35.08	-35.33	-5.54	19.16	125	
6	39	8	-4.72	-49.30	-42.40	-19.15	11.02	126	
6	39	13	2.09	-32.93	-41.44	20.65	41.69	127	
6	39	18	13.48	-23.48	-20.41	-1.34	58.13	128	
6	39	23	-0.25	-33.51	-34.70	7.36	52.59	129	
6	39	28	2.64	-29.54	-23.47	-8.45	62.59	130	
6	39	33	5.90	-29.70	-23.28	8.04	74.71	131	
6	39	38	-1.87	-30.26	-30.59	-2.88	78.21	132	
6	39	43	9.96	-11.09	-10.58	8.35	88.55	133	
6	43	3	0.81	26.62	27.75	0.09	34.00	134	
6	43	8	-1.09	19.55	36.51	-4.32	53.23	135	
6	43	13	6.21	29.07	22.36	4.56	23.98	136	
6	43	18	3.94	13.66	13.03	5.00	9.93	137	
6	43	23	1.61	15.16	15.27	-2.00	9.50	138	
6	43	28	0.45	11.27	12.34	1.90	13.26	139	
6	43	33	3.72	13.30	7.99	-0.72	1.39	140	
6	43	38	4.01	8.15	9.70	-0.09	2.73	141	
6	43	43	2.41	5.89	2.21	1.14	0.87	142	
