143
diam	c	r	EConv0	EConv1	EConv2	OConv0	OConv1
6	3	3	14.66	20.34	1.20	-18.59	-11.74	44	
6	3	8	-1.59	-9.67	-11.75	-24.88	29.46	45	
6	3	13	1.87	-68.02	-37.38	-6.73	-40.06	46	
6	3	18	18.91	9.82	-5.89	59.24	34.96	47	
6	3	23	15.77	11.33	4.82	17.26	-0.87	48	
6	3	28	2.31	3.45	4.96	1.16	-0.98	49	
6	3	33	3.80	2.59	3.95	0.46	-0.34	50	
6	3	38	10.40	15.24	6.84	-1.62	0.15	51	
6	3	43	-4.22	9.43	25.70	5.53	-25.92	52	
6	7	3	-25.79	-19.23	-4.48	-21.17	-34.82	53	
6	7	8	19.06	11.33	16.73	-1.43	18.79	54	
6	7	13	5.01	31.54	24.85	5.17	33.42	55	
6	7	18	7.76	13.87	1.07	4.13	1.91	56	
6	7	23	7.02	4.18	4.89	16.58	-3.51	57	
6	7	28	2.76	4.18	1.27	1.98	2.30	58	
6	7	33	4.45	5.34	5.17	-0.83	1.22	59	
6	7	38	-2.82	4.03	-12.95	-78.72	-69.27	60	
6	7	43	12.22	-8.88	-7.45	76.39	16.21	61	
6	11	3	-13.39	11.16	-20.36	-60.93	7.93	62	
6	11	8	20.63	2.67	9.14	9.01	-2.77	63	
6	11	13	3.45	4.15	1.59	0.19	0.30	64	
6	11	18	8.39	3.22	7.62	-2.68	-0.04	65	
6	11	23	5.14	2.31	4.66	14.94	-0.50	66	
6	11	28	3.33	-1.46	5.12	-0.85	-1.02	67	
6	11	33	24.23	44.04	4.86	-40.34	-33.49	68	
6	11	38	-28.08	-61.94	8.01	23.16	49.37	69	
6	11	43	10.79	24.26	-2.91	18.73	14.18	70	
6	15	3	-6.27	-4.14	10.76	-59.79	13.64	71	
6	15	8	13.13	7.92	7.32	5.01	-1.32	72	
6	15	13	3.81	4.29	3.34	-0.41	0.03	73	
6	15	18	6.20	4.74	5.79	2.75	-0.22	74	
6	15	23	1.96	4.87	2.44	16.81	-2.90	75	
6	15	28	24.90	36.62	-2.69	-29.31	-28.37	76	
6	15	33	-34.42	-92.26	4.05	22.39	-4.71	77	
6	15	38	16.32	36.61	1.68	18.91	23.48	78	
6	15	43	2.96	3.40	5.18	3.19	0.22	79	
6	19	3	-7.09	3.32	1.98	-44.31	-2.23	80	
6	19	8	6.65	4.21	5.11	2.70	2.35	81	
6	19	13	1.52	0.75	2.85	1.04	0.85	82	
6	19	18	5.45	4.35	2.02	-1.50	-0.22	83	
6	19	23	-0.41	14.85	-3.16	8.69	-6.06	84	
6	19	28	-25.65	-65.53	10.09	-21.93	-16.07	85	
6	19	33	14.74	45.37	-3.39	33.93	36.79	86	
6	19	38	3.67	1.84	3.09	-1.64	-1.23	87	
6	19	43	4.09	4.24	3.39	4.79	2.03	88	
6	23	3	-1.37	-11.91	17.15	-18.43	24.12	89	
6	23	8	5.94	4.87	1.57	0.95	0.01	90	
6	23	13	2.85	2.86	1.12	-1.18	1.43	91	
6	23	18	5.67	5.09	4.46	-4.70	-0.96	92	
6	23	23	-16.20	-11.87	2.57	-46.49	-63.11	93	
6	23	28	25.65	35.38	0.64	47.80	40.38	94	
6	23	33	3.06	3.32	3.32	3.44	0.86	95	
6	23	38	3.20	4.57	3.25	-1.05	2.27	96	
6	23	43	4.46	5.44	4.23	1.11	-2.17	97	
6	27	3	12.16	32.80	-9.42	-25.74	-26.82	98	
6	27	8	17.35	-8.18	18.05	21.05	-11.94	99	
6	27	13	4.35	5.71	3.44	-1.63	-1.01	100	
6	27	18	26.93	39.81	-2.25	-51.80	-43.21	101	
6	27	23	-19.47	-17.36	-0.37	76.30	55.83	102	
6	27	28	2.56	5.39	4.69	0.98	0.65	103	
6	27	33	1.21	2.39	1.05	0.54	0.16	104	
6	27	38	4.80	4.03	5.30	0.27	-0.16	105	
6	27	43	2.30	3.81	1.76	-3.04	-0.21	106	
6	31	3	-40.19	-25.47	-5.12	-73.29	-42.15	107	
6	31	8	28.56	22.65	3.20	21.33	9.69	108	
6	31	13	17.78	27.49	1.22	-21.05	-14.26	109	
6	31	18	-29.11	-73.23	19.63	12.21	23.59	110	
6	31	23	-4.13	19.22	-1.76	17.79	8.27	111	
6	31	28	2.68	1.85	2.24	1.72	2.02	112	
6	31	33	5.99	4.54	4.48	-0.18	1.58	113	
6	31	38	5.99	4.09	3.36	0.67	-1.69	114	
6	31	43	3.43	2.88	5.42	-1.63	-0.06	115	
6	35	3	-22.54	-10.07	0.48	-41.20	69.13	116	
6	35	8	38.94	14.24	9.81	25.88	-4.07	117	
6	35	13	-17.42	-46.52	13.06	-34.21	-45.75	118	
6	35	18	27.72	37.75	-2.71	41.84	24.11	119	
6	35	23	-16.67	-3.65	1.05	8.76	0.87	120	
6	35	28	3.11	2.38	2.76	1.83	-0.80	121	
6	35	33	5.46	4.70	5.44	0.29	-2.22	122	
6	35	38	3.31	3.48	2.95	-1.04	-0.25	123	
6	35	43	2.97	3.06	3.63	2.60	0.62	124	
6	39	3	12.11	5.35	10.80	-7.09	6.27	125	
6	39	8	21.53	19.42	8.83	-37.94	-53.95	126	
6	39	13	11.20	30.00	-1.38	60.41	53.59	127	
6	39	18	3.28	4.10	0.10	-0.39	0.12	128	
6	39	23	-9.50	2.11	-2.17	11.89	5.06	129	
6	39	28	4.30	2.24	0.40	-1.05	3.30	130	
6	39	33	3.81	-0.20	1.49	1.77	1.18	131	
6	39	38	4.89	2.78	2.98	-1.64	0.13	132	
6	39	43	3.92	3.14	2.39	-0.31	0.11	133	
6	43	3	28.85	46.50	34.16	-36.38	-103.65	134	
6	43	8	-22.36	0.88	16.62	42.23	-26.57	135	
6	43	13	5.57	48.98	41.13	0.33	-88.94	136	
6	43	18	-1.92	36.52	38.65	0.38	-89.98	137	
6	43	23	-10.53	34.86	31.77	0.31	-83.01	138	
6	43	28	2.44	47.54	35.71	-8.82	-106.03	139	
6	43	33	9.86	42.54	46.89	8.89	-87.80	140	
6	43	38	1.42	38.63	43.14	6.16	-80.86	141	
6	43	43	-0.25	42.89	44.02	-4.42	-84.36	142	
