143
diam	c	r	EConv0	EConv1	EConv2	OConv0	OConv1
6	3	3	4.56	4.76	6.40	0.04	2.47	44	
6	3	8	3.60	4.97	2.71	-3.63	4.82	45	
6	3	13	1.42	-0.29	-0.55	2.04	-0.02	46	
6	3	18	9.20	28.49	9.14	-62.53	-91.74	47	
6	3	23	-24.05	-22.87	-62.13	103.96	34.55	48	
6	3	28	-23.69	-22.22	-15.98	20.13	-2.81	49	
6	3	33	2.27	3.04	0.98	0.91	-0.49	50	
6	3	38	3.74	5.52	5.63	4.94	3.95	51	
6	3	43	-107.33	-89.18	-36.43	7.61	-47.41	52	
6	7	3	2.23	3.56	3.35	0.94	-1.25	53	
6	7	8	5.63	41.56	4.63	-17.39	-26.81	54	
6	7	13	-4.57	-25.36	8.77	-47.14	-102.84	55	
6	7	18	7.23	29.85	1.88	63.96	97.20	56	
6	7	23	-0.87	11.39	4.51	0.97	4.06	57	
6	7	28	-21.53	-7.12	-11.20	20.22	1.60	58	
6	7	33	3.39	0.36	4.22	-0.12	1.66	59	
6	7	38	21.18	33.18	-0.06	-67.99	-66.78	60	
6	7	43	33.13	60.99	-1.16	64.30	60.34	61	
6	11	3	4.10	3.80	4.64	1.44	2.60	62	
6	11	8	-30.42	-85.26	-16.49	-80.90	51.85	63	
6	11	13	5.82	65.66	5.58	46.05	83.97	64	
6	11	18	4.00	1.07	1.04	-1.03	-3.37	65	
6	11	23	3.57	3.07	3.88	-1.02	-1.48	66	
6	11	28	-21.91	1.87	-4.81	23.81	12.73	67	
6	11	33	21.14	58.80	-1.52	-42.59	-51.09	68	
6	11	38	-20.05	-25.76	-7.28	65.63	73.55	69	
6	11	43	1.19	1.61	2.96	0.55	-0.72	70	
6	15	3	2.27	3.96	4.11	-0.84	-0.39	71	
6	15	8	3.37	4.68	4.04	0.19	0.54	72	
6	15	13	3.69	4.34	5.51	1.67	3.74	73	
6	15	18	4.30	5.96	4.26	-2.89	4.23	74	
6	15	23	0.65	4.71	3.31	1.05	-1.09	75	
6	15	28	2.85	60.62	14.20	-5.62	-29.56	76	
6	15	33	-32.80	-79.39	13.36	45.83	50.80	77	
6	15	38	5.37	7.01	3.58	1.56	1.55	78	
6	15	43	4.10	6.40	5.13	-0.34	-0.14	79	
6	19	3	12.91	38.83	3.06	-15.89	-19.50	80	
6	19	8	-19.90	-11.40	54.06	38.43	-83.26	81	
6	19	13	7.01	6.85	4.05	-1.14	0.20	82	
6	19	18	4.32	1.50	2.65	-1.09	-1.98	83	
6	19	23	23.57	52.39	-3.19	-31.40	-25.80	84	
6	19	28	-39.10	-90.51	6.68	47.26	32.44	85	
6	19	33	11.53	25.69	4.07	9.05	6.72	86	
6	19	38	2.76	4.00	1.99	0.81	0.31	87	
6	19	43	2.46	4.10	4.57	0.43	0.62	88	
6	23	3	-21.55	-16.99	-21.47	-135.75	-56.52	89	
6	23	8	14.37	24.63	-20.24	118.10	67.05	90	
6	23	13	2.96	4.05	4.86	-2.05	-5.53	91	
6	23	18	17.37	30.35	4.01	-7.59	-9.84	92	
6	23	23	-44.53	-112.69	19.45	5.16	11.50	93	
6	23	28	-6.55	7.26	-0.30	32.34	-6.04	94	
6	23	33	2.67	4.25	5.20	-0.34	2.45	95	
6	23	38	2.60	4.92	3.18	0.42	-0.61	96	
6	23	43	5.14	4.64	4.15	0.75	0.49	97	
6	27	3	-80.63	-30.87	-42.42	-71.07	40.62	98	
6	27	8	18.30	12.33	18.11	13.33	5.32	99	
6	27	13	3.83	6.06	1.21	0.59	2.73	100	
6	27	18	-33.83	-84.10	11.05	-37.99	-36.28	101	
6	27	23	15.08	36.63	-2.11	21.89	19.15	102	
6	27	28	-10.44	-7.04	-9.71	22.10	2.17	103	
6	27	33	2.11	3.01	3.90	-0.87	0.20	104	
6	27	38	2.29	2.47	3.19	-0.95	-0.11	105	
6	27	43	4.99	3.53	3.44	1.01	-0.26	106	
6	31	3	13.45	-7.11	47.04	-39.07	40.96	107	
6	31	8	-22.16	6.53	-73.95	37.09	-40.33	108	
6	31	13	8.42	13.18	12.05	-67.39	-74.97	109	
6	31	18	31.49	55.70	-4.01	51.68	43.71	110	
6	31	23	2.63	4.42	1.66	-0.48	-0.15	111	
6	31	28	-8.96	-13.86	-14.18	24.88	3.61	112	
6	31	33	3.86	3.44	2.75	-0.17	1.01	113	
6	31	38	3.92	2.87	4.00	1.50	1.08	114	
6	31	43	3.95	3.35	0.51	-0.86	-0.26	115	
6	35	3	1.34	3.48	3.55	-0.37	-0.78	116	
6	35	8	44.96	59.08	41.51	-80.50	0.57	117	
6	35	13	11.53	-4.24	0.42	95.75	76.26	118	
6	35	18	2.42	4.92	3.36	0.86	1.09	119	
6	35	23	5.64	4.58	5.07	-0.52	-1.05	120	
6	35	28	-0.31	1.42	-4.26	24.62	5.47	121	
6	35	33	4.09	4.32	3.22	-1.03	-1.59	122	
6	35	38	3.94	4.13	2.09	0.10	-2.46	123	
6	35	43	5.15	3.29	5.31	0.69	-0.52	124	
6	39	3	2.67	4.51	2.17	-3.75	3.13	125	
6	39	8	-60.19	-82.52	11.50	-76.57	-50.87	126	
6	39	13	33.88	25.59	-0.38	22.53	7.48	127	
6	39	18	2.82	3.06	2.05	-1.93	2.30	128	
6	39	23	4.45	2.12	3.68	-2.64	1.27	129	
6	39	28	2.51	12.26	6.18	20.88	4.60	130	
6	39	33	4.72	4.68	5.10	1.22	-0.91	131	
6	39	38	3.86	3.89	5.69	-1.40	1.27	132	
6	39	43	5.36	4.33	3.06	-0.20	0.36	133	
6	43	3	11.42	5.96	6.69	-6.33	1.20	134	
6	43	8	-25.20	31.02	-9.39	56.92	100.92	135	
6	43	13	2.11	3.91	3.64	0.11	0.24	136	
6	43	18	3.74	2.24	3.48	-0.94	1.79	137	
6	43	23	2.76	4.20	6.37	0.83	0.10	138	
6	43	28	3.07	10.66	14.45	19.11	-3.22	139	
6	43	33	5.51	5.05	4.64	0.65	2.25	140	
6	43	38	3.54	4.58	2.38	-0.65	-0.37	141	
6	43	43	4.75	3.98	4.63	-0.73	0.76	142	
