143
diam	c	r	EConv0	EConv1	EConv2	OConv0	OConv1
6	3	3	9.34	2.06	7.37	3.91	-1.96	44	
6	3	8	-63.47	-6.27	-28.71	-69.56	-19.69	45	
6	3	13	-8.64	-72.64	6.57	16.09	5.91	46	
6	3	18	20.55	37.31	1.57	41.26	37.85	47	
6	3	23	4.91	3.09	2.82	0.40	-4.07	48	
6	3	28	4.79	3.90	4.60	3.25	-0.30	49	
6	3	33	3.95	2.02	0.37	1.02	0.06	50	
6	3	38	-0.17	18.02	15.97	0.08	0.97	51	
6	3	43	2.04	4.25	3.34	-0.39	-2.11	52	
6	7	3	7.68	4.41	3.03	-0.41	-5.83	53	
6	7	8	-33.13	-43.98	-1.09	-38.32	87.19	54	
6	7	13	12.68	35.08	-7.14	37.55	55.17	55	
6	7	18	3.43	8.61	2.15	-1.20	1.35	56	
6	7	23	2.48	3.74	3.56	-2.45	0.09	57	
6	7	28	3.46	3.70	2.90	3.01	-3.18	58	
6	7	33	8.98	18.11	3.75	-8.54	-12.07	59	
6	7	38	-30.96	-9.60	-29.84	-60.94	-92.98	60	
6	7	43	41.15	-10.36	27.01	50.56	-17.79	61	
6	11	3	3.98	7.89	3.99	-1.45	-2.39	62	
6	11	8	7.36	51.39	12.45	-19.39	-33.18	63	
6	11	13	-9.35	-4.50	48.61	26.01	-65.79	64	
6	11	18	1.56	1.30	-2.34	-2.78	2.89	65	
6	11	23	5.81	0.54	1.82	1.74	2.01	66	
6	11	28	4.36	5.82	1.77	0.85	-1.55	67	
6	11	33	8.32	22.26	-0.90	-72.93	-77.33	68	
6	11	38	-29.16	-61.86	9.70	33.04	38.42	69	
6	11	43	33.08	26.95	-3.00	39.54	14.76	70	
6	15	3	8.07	7.12	4.74	-2.57	6.33	71	
6	15	8	-20.91	-23.90	-6.27	-83.52	-61.94	72	
6	15	13	-30.11	-41.41	-50.39	96.43	22.56	73	
6	15	18	5.88	2.75	3.37	-1.79	2.39	74	
6	15	23	6.07	6.70	5.90	-2.14	-0.24	75	
6	15	28	21.77	42.00	-3.59	-59.67	-53.93	76	
6	15	33	-28.55	-76.29	13.01	23.56	33.84	77	
6	15	38	12.21	49.99	-1.03	43.48	68.17	78	
6	15	43	1.60	6.68	0.75	5.15	4.52	79	
6	19	3	24.70	8.40	7.24	-8.73	0.31	80	
6	19	8	-85.11	-43.51	3.96	18.14	12.25	81	
6	19	13	5.95	41.01	-3.21	23.31	47.42	82	
6	19	18	0.89	1.08	3.34	1.91	-1.13	83	
6	19	23	16.38	41.97	-5.00	-35.27	-37.24	84	
6	19	28	-28.11	-81.19	9.13	-20.30	-17.78	85	
6	19	33	19.19	42.68	-1.96	56.24	53.73	86	
6	19	38	-15.51	-15.53	-11.04	7.00	-14.17	87	
6	19	43	4.72	2.93	4.90	3.28	1.22	88	
6	23	3	19.25	4.09	11.66	-4.39	-1.77	89	
6	23	8	-104.69	-9.47	-38.21	29.84	-1.40	90	
6	23	13	8.54	3.84	6.82	-3.79	-1.68	91	
6	23	18	12.32	33.58	1.07	-18.36	-22.02	92	
6	23	23	-27.23	-64.95	12.13	-52.13	-50.45	93	
6	23	28	18.66	34.29	4.81	57.36	70.08	94	
6	23	33	6.21	7.68	2.54	3.88	7.41	95	
6	23	38	1.43	10.74	7.21	-1.05	10.94	96	
6	23	43	5.14	5.58	1.77	1.97	-1.49	97	
6	27	3	0.59	5.22	4.24	7.32	-0.28	98	
6	27	8	-96.49	-3.27	-45.59	-57.21	11.36	99	
6	27	13	37.13	21.41	18.25	3.41	-15.18	100	
6	27	18	-6.82	-24.72	2.61	-63.92	-69.54	101	
6	27	23	3.79	8.78	2.09	73.56	70.55	102	
6	27	28	7.57	12.78	1.27	2.24	5.45	103	
6	27	33	4.36	4.15	3.07	-0.31	-0.10	104	
6	27	38	-5.32	1.17	12.53	6.56	-20.43	105	
6	27	43	2.77	2.89	3.26	1.90	2.54	106	
6	31	3	1.22	4.41	2.54	-0.36	-0.01	107	
6	31	8	-74.11	-11.86	-10.45	-91.46	4.76	108	
6	31	13	31.61	17.29	6.47	-44.49	-74.50	109	
6	31	18	-5.09	-26.35	10.93	67.99	70.29	110	
6	31	23	5.08	17.18	-4.20	14.10	13.22	111	
6	31	28	2.67	2.70	3.81	2.94	-0.77	112	
6	31	33	1.68	1.20	3.98	3.85	1.02	113	
6	31	38	-11.00	4.09	-6.61	5.26	22.60	114	
6	31	43	5.30	4.59	4.52	0.03	-1.36	115	
6	35	3	6.43	7.11	2.53	-1.65	-3.19	116	
6	35	8	-56.00	-22.01	-10.67	-92.26	-24.82	117	
6	35	13	-7.68	-43.58	7.35	63.97	51.70	118	
6	35	18	11.14	28.98	0.42	23.78	21.43	119	
6	35	23	5.40	4.09	6.19	0.69	-0.69	120	
6	35	28	3.01	2.22	4.43	2.21	0.17	121	
6	35	33	7.72	6.11	3.77	1.00	1.78	122	
6	35	38	-4.61	-9.13	0.29	14.58	-14.77	123	
6	35	43	2.85	5.04	2.68	-1.95	1.77	124	
6	39	3	30.57	36.56	-8.39	-49.31	-27.87	125	
6	39	8	-42.05	-67.90	11.76	16.03	39.23	126	
6	39	13	25.78	40.16	5.31	38.72	30.38	127	
6	39	18	4.85	7.37	3.52	-0.69	0.53	128	
6	39	23	2.43	2.99	3.12	-0.17	-0.19	129	
6	39	28	2.42	3.38	1.77	2.22	-0.15	130	
6	39	33	2.43	2.31	1.88	0.22	1.60	131	
6	39	38	0.19	14.44	13.95	5.10	4.40	132	
6	39	43	5.78	2.63	4.68	-1.70	0.36	133	
6	43	3	12.85	-23.79	16.43	-66.17	30.60	134	
6	43	8	16.26	36.59	3.59	44.43	61.87	135	
6	43	13	5.23	8.07	4.43	3.61	4.47	136	
6	43	18	2.37	1.77	3.76	-2.34	0.32	137	
6	43	23	3.14	3.17	3.67	3.51	0.87	138	
6	43	28	2.85	3.40	2.85	-0.54	2.96	139	
6	43	33	3.83	2.10	3.19	-0.69	1.37	140	
6	43	38	-6.86	-3.21	-8.91	15.55	7.28	141	
6	43	43	1.90	4.42	2.68	-0.29	-1.48	142	
