143
diam	c	r	EConv0	EConv1	EConv2	OConv0	OConv1
6	3	3	4.91	4.26	4.97	0.32	0.16	44	
6	3	8	5.12	4.76	3.52	-1.63	-0.58	45	
6	3	13	4.42	3.84	4.83	3.15	1.33	46	
6	3	18	2.88	3.93	3.66	0.60	0.85	47	
6	3	23	3.07	4.11	2.87	-5.28	1.99	48	
6	3	28	3.96	4.06	3.42	1.54	-0.99	49	
6	3	33	2.07	2.93	2.78	1.92	-1.02	50	
6	3	38	3.27	3.42	4.08	-0.89	1.69	51	
6	3	43	2.09	2.66	4.53	-0.15	2.20	52	
6	7	3	2.64	2.15	1.70	-0.35	-0.72	53	
6	7	8	3.50	3.09	4.22	-0.03	-0.52	54	
6	7	13	3.89	4.79	3.32	-0.35	-1.47	55	
6	7	18	3.88	3.56	3.01	-0.77	-2.26	56	
6	7	23	2.80	1.88	5.23	-2.41	-0.69	57	
6	7	28	2.77	3.40	3.19	-0.19	2.11	58	
6	7	33	2.10	3.84	2.50	-0.01	-0.44	59	
6	7	38	4.15	3.46	3.72	-0.43	-1.30	60	
6	7	43	4.50	4.43	3.21	-1.47	0.38	61	
6	11	3	3.61	3.64	4.92	-0.40	0.80	62	
6	11	8	3.30	3.71	4.20	0.23	-0.28	63	
6	11	13	3.53	5.79	3.93	-1.72	-2.20	64	
6	11	18	3.91	3.11	6.17	0.87	-1.99	65	
6	11	23	1.73	1.49	3.73	4.31	-0.69	66	
6	11	28	3.92	5.17	3.60	-1.02	1.32	67	
6	11	33	3.22	4.12	3.85	-2.42	0.82	68	
6	11	38	4.16	2.77	4.30	2.54	-0.27	69	
6	11	43	4.91	4.26	5.33	-0.72	-0.29	70	
6	15	3	3.25	3.60	4.24	2.60	-0.95	71	
6	15	8	2.96	1.74	2.15	-0.79	1.34	72	
6	15	13	4.99	5.52	1.19	-24.20	-20.57	73	
6	15	18	12.62	-1.78	3.28	25.03	-3.31	74	
6	15	23	4.25	4.34	3.75	3.97	0.95	75	
6	15	28	5.00	3.04	5.10	-2.27	-1.28	76	
6	15	33	6.90	5.64	4.82	-1.05	0.69	77	
6	15	38	3.06	3.29	1.74	1.96	-1.49	78	
6	15	43	0.56	5.33	1.16	-1.89	-7.66	79	
6	19	3	4.24	5.02	3.53	1.70	-1.65	80	
6	19	8	9.50	9.73	1.16	-7.34	-6.59	81	
6	19	13	-7.41	-16.63	5.62	3.71	4.95	82	
6	19	18	8.76	9.16	0.88	9.26	7.22	83	
6	19	23	2.79	4.56	3.41	1.58	0.05	84	
6	19	28	2.50	2.67	2.59	-0.46	-0.92	85	
6	19	33	4.66	6.26	6.84	-1.36	-5.56	86	
6	19	38	7.20	-0.94	1.69	-12.71	-16.97	87	
6	19	43	9.17	-11.48	-0.71	5.23	6.25	88	
6	23	3	5.34	14.18	17.17	-0.80	-14.00	89	
6	23	8	-1.46	-14.11	1.88	-13.71	-16.10	90	
6	23	13	8.02	15.73	0.86	21.14	9.37	91	
6	23	18	3.51	2.58	2.57	3.22	-2.01	92	
6	23	23	3.96	3.90	4.26	1.03	-0.68	93	
6	23	28	5.48	12.41	4.26	-6.60	-11.30	94	
6	23	33	-2.73	-12.23	-2.71	-0.38	-5.76	95	
6	23	38	7.95	7.26	3.56	8.34	19.68	96	
6	23	43	4.99	7.75	3.90	1.88	4.92	97	
6	27	3	4.48	-16.73	-8.58	8.52	9.75	98	
6	27	8	7.58	12.55	-7.74	-8.43	14.69	99	
6	27	13	10.15	4.92	8.27	9.31	4.12	100	
6	27	18	3.99	5.28	5.23	0.53	-2.04	101	
6	27	23	3.36	8.46	2.52	-7.46	-13.71	102	
6	27	28	0.68	-11.62	2.23	2.73	11.30	103	
6	27	33	6.11	14.33	2.41	1.58	10.81	104	
6	27	38	7.41	3.75	4.80	0.79	-1.07	105	
6	27	43	3.04	2.58	2.52	-0.64	1.34	106	
6	31	3	3.49	10.67	7.23	2.89	5.26	107	
6	31	8	10.23	0.15	11.96	-14.79	9.84	108	
6	31	13	7.01	1.70	4.56	20.42	-10.81	109	
6	31	18	-7.12	6.18	2.30	-3.74	-28.35	110	
6	31	23	1.77	-5.01	2.48	8.33	10.91	111	
6	31	28	4.14	6.88	3.05	4.03	2.68	112	
6	31	33	1.81	1.63	3.84	-1.06	1.67	113	
6	31	38	3.01	3.62	3.01	-0.12	0.44	114	
6	31	43	3.91	4.46	4.13	-1.15	0.74	115	
6	35	3	2.95	3.64	3.10	0.10	-0.03	116	
6	35	8	3.55	4.09	4.93	-1.22	-2.47	117	
6	35	13	-13.41	1.86	-12.12	-11.11	-11.16	118	
6	35	18	-1.57	-1.93	4.85	11.22	23.33	119	
6	35	23	7.20	7.47	6.06	2.34	0.70	120	
6	35	28	3.38	4.35	3.01	1.58	1.16	121	
6	35	33	3.27	3.63	3.48	-0.00	-1.53	122	
6	35	38	3.58	3.74	3.82	-0.71	-1.95	123	
6	35	43	4.47	3.93	5.76	0.82	-0.46	124	
6	39	3	3.91	1.39	3.45	0.54	0.65	125	
6	39	8	12.04	16.43	2.32	-11.35	-5.56	126	
6	39	13	-4.92	-9.88	9.66	19.83	14.20	127	
6	39	18	3.74	6.76	1.33	2.87	4.19	128	
6	39	23	4.93	5.75	5.39	0.01	1.06	129	
6	39	28	5.27	4.37	4.15	1.35	0.30	130	
6	39	33	3.83	3.80	3.97	0.30	1.19	131	
6	39	38	3.25	3.39	3.31	-0.62	1.87	132	
6	39	43	3.67	4.74	2.67	0.33	0.91	133	
6	43	3	2.10	1.06	-0.66	0.20	-2.47	134	
6	43	8	6.20	-12.13	6.24	-21.39	11.05	135	
6	43	13	10.75	16.95	0.04	13.28	6.72	136	
6	43	18	3.57	4.53	4.79	0.16	-2.50	137	
6	43	23	2.02	2.62	3.18	1.81	-0.02	138	
6	43	28	4.30	3.59	3.54	-0.85	-0.31	139	
6	43	33	3.34	3.72	3.38	0.60	-0.79	140	
6	43	38	5.62	9.73	4.78	-3.74	-6.01	141	
6	43	43	5.63	2.65	11.63	1.96	-5.73	142	
