143
diam	c	r	EConv0	EConv1	EConv2	OConv0	OConv1
6	3	3	5.28	4.12	3.99	2.40	0.10	44	
6	3	8	3.33	3.89	4.02	2.15	-0.03	45	
6	3	13	3.43	4.44	4.67	-1.54	0.72	46	
6	3	18	2.78	3.43	2.49	-0.59	1.00	47	
6	3	23	4.22	4.97	6.54	1.32	-1.57	48	
6	3	28	4.40	4.61	4.64	-0.04	1.51	49	
6	3	33	3.90	3.34	4.25	-1.52	2.32	50	
6	3	38	3.50	3.91	2.84	0.92	2.37	51	
6	3	43	3.72	3.71	2.37	-0.05	1.63	52	
6	7	3	3.99	3.33	4.13	2.95	-0.77	53	
6	7	8	3.68	4.77	4.29	0.24	0.51	54	
6	7	13	4.47	4.71	3.59	-0.51	0.11	55	
6	7	18	5.21	4.85	4.53	0.60	-0.47	56	
6	7	23	2.91	2.13	1.63	1.76	2.01	57	
6	7	28	4.59	4.20	3.03	1.37	-0.72	58	
6	7	33	4.76	4.53	5.98	-0.08	1.06	59	
6	7	38	3.36	2.13	3.39	-0.53	1.63	60	
6	7	43	6.31	4.79	5.28	-0.70	1.83	61	
6	11	3	3.73	4.82	2.23	1.76	2.17	62	
6	11	8	2.97	2.83	3.47	-0.12	-0.61	63	
6	11	13	8.63	12.52	4.22	-2.91	-3.22	64	
6	11	18	-12.16	18.29	-4.07	-33.62	-88.35	65	
6	11	23	24.10	-0.69	19.27	21.68	-8.01	66	
6	11	28	3.25	5.26	5.31	-1.55	-2.60	67	
6	11	33	4.24	3.89	5.80	3.86	-1.12	68	
6	11	38	16.26	46.38	6.49	-25.46	-40.33	69	
6	11	43	-0.98	-20.84	34.94	45.99	-59.64	70	
6	15	3	3.16	3.92	3.35	-0.30	0.52	71	
6	15	8	1.49	5.63	4.65	-0.80	-0.83	72	
6	15	13	8.02	22.93	-5.72	-69.34	-66.58	73	
6	15	18	-32.99	-45.41	6.99	35.09	29.74	74	
6	15	23	18.30	17.54	1.65	9.52	4.92	75	
6	15	28	4.06	8.21	5.31	0.28	0.93	76	
6	15	33	16.87	49.87	5.75	-36.27	-52.73	77	
6	15	38	-12.93	-57.68	-13.53	-20.63	-20.08	78	
6	15	43	20.14	26.74	-10.00	74.33	46.72	79	
6	19	3	4.94	4.29	3.91	-2.58	-0.75	80	
6	19	8	10.12	19.35	-31.71	-66.64	-50.68	81	
6	19	13	-15.00	-44.02	11.04	1.48	-2.32	82	
6	19	18	16.08	35.68	-3.16	59.83	54.85	83	
6	19	23	4.47	2.83	6.72	0.27	-0.16	84	
6	19	28	14.93	43.50	4.36	-40.76	-48.18	85	
6	19	33	-22.68	-75.53	9.82	9.25	23.54	86	
6	19	38	10.86	41.23	23.83	16.68	60.62	87	
6	19	43	4.33	11.26	3.07	3.33	0.65	88	
6	23	3	3.23	3.72	3.60	-2.89	-1.37	89	
6	23	8	37.87	4.99	34.60	-75.58	35.27	90	
6	23	13	-4.00	0.78	-31.01	18.75	-9.43	91	
6	23	18	18.77	-9.53	44.11	60.45	-59.32	92	
6	23	23	21.56	51.65	4.12	-40.97	-45.80	93	
6	23	28	-21.17	-73.45	5.31	12.46	4.83	94	
6	23	33	20.18	42.63	3.29	22.52	25.62	95	
6	23	38	3.51	0.75	2.72	1.85	-1.30	96	
6	23	43	1.96	3.06	2.88	-0.63	1.98	97	
6	27	3	3.63	3.36	5.29	-0.92	0.71	98	
6	27	8	11.54	0.87	17.52	-10.52	7.51	99	
6	27	13	31.49	43.53	41.32	-20.64	70.66	100	
6	27	18	-22.00	27.15	-31.03	59.03	-22.03	101	
6	27	23	-30.29	-75.01	11.45	-14.81	-12.49	102	
6	27	28	24.28	45.82	0.16	36.89	39.08	103	
6	27	33	4.44	2.83	3.80	-0.33	-0.91	104	
6	27	38	4.81	3.54	3.12	2.12	-0.59	105	
6	27	43	3.00	3.97	4.17	-0.08	-0.24	106	
6	31	3	2.08	2.63	1.77	-0.11	1.75	107	
6	31	8	3.34	3.61	3.71	1.52	1.73	108	
6	31	13	35.97	33.28	-0.07	-48.51	-21.04	109	
6	31	18	-11.18	-24.52	3.10	4.78	6.50	110	
6	31	23	18.73	43.31	-4.11	58.70	59.09	111	
6	31	28	4.00	1.62	5.42	-1.46	-3.94	112	
6	31	33	4.99	4.50	5.79	2.53	-1.45	113	
6	31	38	3.70	3.81	3.69	-0.08	-0.18	114	
6	31	43	3.85	2.90	2.63	-0.09	0.30	115	
6	35	3	3.20	3.73	4.34	-0.15	1.51	116	
6	35	8	4.34	5.47	3.59	-0.78	1.31	117	
6	35	13	-11.53	-17.88	12.94	-76.89	-47.86	118	
6	35	18	4.30	5.48	-0.61	66.72	71.68	119	
6	35	23	4.52	4.90	5.40	-0.31	-0.85	120	
6	35	28	2.38	3.53	1.98	-2.87	1.62	121	
6	35	33	4.66	5.03	2.42	2.84	-0.41	122	
6	35	38	3.84	3.00	4.44	2.82	0.56	123	
6	35	43	2.91	3.89	4.89	0.82	1.34	124	
6	39	3	3.87	2.48	3.48	1.79	1.11	125	
6	39	8	24.51	1.76	0.19	-26.83	2.01	126	
6	39	13	-18.83	-20.83	4.32	36.99	75.62	127	
6	39	18	9.16	13.55	-3.89	5.57	10.49	128	
6	39	23	3.32	4.64	3.48	0.92	-0.16	129	
6	39	28	2.81	3.09	4.62	-0.97	2.04	130	
6	39	33	2.93	2.13	3.08	-0.85	1.97	131	
6	39	38	4.84	6.96	4.72	2.56	-2.20	132	
6	39	43	14.36	22.54	4.57	-12.08	-8.52	133	
6	43	3	4.82	4.68	3.56	1.33	-0.18	134	
6	43	8	4.81	0.27	5.71	-4.06	1.44	135	
6	43	13	3.36	12.85	5.55	5.28	7.94	136	
6	43	18	3.40	2.36	2.79	-0.79	-1.40	137	
6	43	23	-0.18	10.03	2.05	-5.58	-10.39	138	
6	43	28	5.58	5.40	3.63	0.51	-2.43	139	
6	43	33	3.41	2.58	4.27	1.35	-1.31	140	
6	43	38	14.98	35.12	7.35	-16.42	-19.23	141	
6	43	43	-10.57	-45.10	1.29	-15.62	-49.30	142	
