143
diam	c	r	EConv0	EConv1	EConv2	OConv0	OConv1
6	3	3	2.62	3.54	2.76	1.40	1.21	44	
6	3	8	3.00	6.26	0.86	3.46	-3.23	45	
6	3	13	1.68	-0.95	1.73	-0.43	1.21	46	
6	3	18	3.86	4.16	3.85	0.47	-2.18	47	
6	3	23	4.50	1.89	3.74	-0.79	6.51	48	
6	3	28	1.90	3.27	1.86	-2.34	1.08	49	
6	3	33	4.11	2.13	5.35	0.29	0.77	50	
6	3	38	4.12	6.85	3.43	-2.06	-4.32	51	
6	3	43	2.60	4.96	12.69	4.35	-9.48	52	
6	7	3	3.56	4.02	2.97	-0.37	-0.19	53	
6	7	8	3.82	2.72	5.16	3.21	0.99	54	
6	7	13	2.59	-2.03	1.37	0.55	4.43	55	
6	7	18	5.17	4.66	-2.23	-2.39	12.99	56	
6	7	23	5.37	1.57	2.53	-0.09	-4.52	57	
6	7	28	4.79	3.17	3.57	-0.52	1.38	58	
6	7	33	3.97	5.98	2.95	6.84	-4.13	59	
6	7	38	15.47	32.74	-2.70	-47.29	-43.26	60	
6	7	43	7.54	-23.61	18.54	67.68	-19.40	61	
6	11	3	4.79	3.04	2.43	-2.16	0.26	62	
6	11	8	-0.34	11.87	4.67	5.00	-9.72	63	
6	11	13	3.97	42.75	12.85	-20.32	-45.43	64	
6	11	18	-3.08	8.40	35.59	5.93	-68.53	65	
6	11	23	4.62	2.69	7.10	3.10	-4.36	66	
6	11	28	1.89	3.40	3.76	-0.25	-3.82	67	
6	11	33	16.40	29.96	-1.27	-29.55	-21.10	68	
6	11	38	-22.35	-40.29	5.63	-39.13	-48.22	69	
6	11	43	25.66	21.87	-8.19	74.82	20.51	70	
6	15	3	4.60	2.51	4.81	-0.68	1.38	71	
6	15	8	4.77	23.44	-17.35	-49.50	-28.77	72	
6	15	13	-7.96	-31.59	-5.27	-36.10	-65.77	73	
6	15	18	-17.15	-12.62	-27.78	26.24	-43.72	74	
6	15	23	27.46	-1.52	15.56	35.12	-11.92	75	
6	15	28	6.15	24.04	3.42	-12.53	-13.81	76	
6	15	33	-7.93	-19.86	5.90	-65.50	-64.44	77	
6	15	38	-7.09	-17.94	6.72	63.05	67.50	78	
6	15	43	9.85	18.75	-5.17	16.62	5.14	79	
6	19	3	-1.51	1.22	3.09	5.10	-1.69	80	
6	19	8	2.90	0.74	-13.14	-115.35	-8.67	81	
6	19	13	-2.86	-0.08	0.06	-3.89	0.21	82	
6	19	18	-22.58	-26.33	3.86	32.96	15.82	83	
6	19	23	41.40	37.12	-2.63	22.66	2.71	84	
6	19	28	1.83	2.04	-1.16	-65.96	-71.04	85	
6	19	33	-20.31	-43.05	6.12	50.93	36.28	86	
6	19	38	6.82	24.56	-5.34	28.54	21.84	87	
6	19	43	13.91	20.07	-3.54	-23.72	-7.31	88	
6	23	3	-0.81	2.76	0.68	4.14	-3.19	89	
6	23	8	8.09	-22.60	32.98	-64.59	44.15	90	
6	23	13	4.31	10.31	-34.74	-42.59	63.98	91	
6	23	18	-11.40	7.02	10.68	94.76	29.49	92	
6	23	23	9.19	16.18	7.96	-67.14	-76.37	93	
6	23	28	-13.12	-56.02	4.66	23.28	32.22	94	
6	23	33	14.65	35.55	2.11	47.88	50.52	95	
6	23	38	1.59	7.08	2.41	-1.42	4.93	96	
6	23	43	26.34	12.99	5.39	-61.55	-18.92	97	
6	27	3	2.67	2.80	2.58	1.90	0.68	98	
6	27	8	-2.67	0.22	4.93	2.10	1.49	99	
6	27	13	20.66	30.51	27.64	-112.38	-16.91	100	
6	27	18	22.78	26.83	-15.41	30.30	-47.09	101	
6	27	23	-19.86	-63.39	-0.57	17.90	28.86	102	
6	27	28	17.24	33.08	1.39	49.85	54.47	103	
6	27	33	5.75	6.53	0.42	1.24	3.02	104	
6	27	38	9.36	3.04	1.84	-1.67	0.90	105	
6	27	43	-15.72	-16.15	6.81	-49.95	-19.99	106	
6	31	3	1.86	3.41	2.28	-1.71	1.19	107	
6	31	8	14.79	15.81	-0.30	-5.52	-3.53	108	
6	31	13	-25.46	-30.32	4.43	-73.95	-39.18	109	
6	31	18	-8.84	-32.97	1.76	27.30	29.68	110	
6	31	23	19.66	37.82	3.43	54.82	51.29	111	
6	31	28	6.50	12.18	4.21	1.34	1.31	112	
6	31	33	6.29	3.28	5.19	1.87	1.28	113	
6	31	38	16.63	14.35	3.65	-6.03	-4.59	114	
6	31	43	-42.70	-33.03	6.16	19.42	2.63	115	
6	35	3	2.90	3.33	2.49	-1.49	2.11	116	
6	35	8	41.59	16.56	6.18	-43.50	-5.74	117	
6	35	13	-27.25	-46.10	-3.42	7.09	35.66	118	
6	35	18	7.31	21.84	-8.13	56.22	77.14	119	
6	35	23	0.45	4.83	1.68	-0.63	1.71	120	
6	35	28	4.42	1.36	4.48	1.36	3.06	121	
6	35	33	3.32	4.38	0.94	-1.70	-1.00	122	
6	35	38	31.11	22.25	0.33	-48.82	-17.07	123	
6	35	43	-2.06	-0.35	2.93	70.94	20.90	124	
6	39	3	4.94	4.39	5.07	-5.47	-0.46	125	
6	39	8	25.10	-4.42	20.01	-20.62	9.10	126	
6	39	13	-10.09	22.83	-2.10	27.13	60.02	127	
6	39	18	4.35	9.32	2.58	-3.43	-6.39	128	
6	39	23	5.94	5.13	7.60	5.60	4.00	129	
6	39	28	2.22	2.25	-0.45	2.25	-1.16	130	
6	39	33	-0.69	-0.55	4.56	2.32	-0.87	131	
6	39	38	3.47	0.88	6.89	-63.99	-22.24	132	
6	39	43	45.06	37.12	-0.26	33.03	5.70	133	
6	43	3	3.19	2.43	2.86	-1.16	0.05	134	
6	43	8	3.32	3.84	4.45	4.64	0.17	135	
6	43	13	2.38	5.82	5.59	-1.76	4.32	136	
6	43	18	2.02	3.78	1.84	-6.07	3.84	137	
6	43	23	4.04	3.18	2.05	4.07	0.63	138	
6	43	28	4.65	2.71	5.52	0.85	0.23	139	
6	43	33	7.91	8.56	-0.64	-2.36	-0.61	140	
6	43	38	-47.06	-36.50	3.94	-18.67	-13.61	141	
6	43	43	52.36	33.46	-2.48	-52.76	-0.25	142	
