143
diam	c	r	EConv0	EConv1	EConv2	OConv0	OConv1
6	3	3	3.25	2.84	2.47	-0.36	-2.05	44	
6	3	8	3.45	2.61	3.28	-2.11	1.42	45	
6	3	13	3.57	4.09	2.91	0.48	0.33	46	
6	3	18	2.44	3.13	2.09	0.30	-0.38	47	
6	3	23	3.88	1.58	3.02	2.38	-1.52	48	
6	3	28	4.46	4.21	2.90	1.44	-0.47	49	
6	3	33	10.34	4.42	5.71	-12.60	-0.94	50	
6	3	38	7.70	4.23	1.91	4.50	1.31	51	
6	3	43	-16.52	8.25	12.82	-0.77	-40.91	52	
6	7	3	2.42	2.01	2.20	-0.89	-0.08	53	
6	7	8	2.85	2.34	2.67	0.48	-0.21	54	
6	7	13	2.14	2.45	2.50	-0.78	0.71	55	
6	7	18	4.04	3.06	2.54	-1.06	2.55	56	
6	7	23	4.26	2.61	2.15	1.11	-1.72	57	
6	7	28	4.81	2.58	4.28	1.38	-1.66	58	
6	7	33	14.57	6.57	5.67	-15.49	1.00	59	
6	7	38	25.57	38.33	-4.52	-43.06	-46.90	60	
6	7	43	1.25	-5.78	-13.03	55.88	47.12	61	
6	11	3	0.86	2.11	2.80	1.45	1.34	62	
6	11	8	3.25	4.35	3.79	-0.47	1.40	63	
6	11	13	1.72	2.51	2.68	0.50	0.68	64	
6	11	18	5.74	4.05	3.60	-2.32	-0.07	65	
6	11	23	2.99	2.70	2.95	1.83	-0.11	66	
6	11	28	2.75	3.69	1.64	0.94	1.68	67	
6	11	33	25.00	31.74	3.56	-30.34	-15.43	68	
6	11	38	-21.77	-55.43	12.66	36.72	34.68	69	
6	11	43	4.03	6.10	2.85	0.37	0.98	70	
6	15	3	1.89	2.24	3.11	1.92	0.69	71	
6	15	8	2.56	2.23	2.13	-1.84	-0.46	72	
6	15	13	2.73	4.19	3.04	-0.31	-0.86	73	
6	15	18	3.60	3.07	4.98	-1.04	-0.50	74	
6	15	23	2.57	4.59	2.03	-0.46	0.33	75	
6	15	28	9.48	13.79	3.34	-4.39	-4.45	76	
6	15	33	-22.36	-67.93	12.87	-25.83	-13.72	77	
6	15	38	20.75	26.24	4.27	15.55	11.92	78	
6	15	43	3.89	3.17	2.40	0.87	0.42	79	
6	19	3	2.92	4.60	3.57	-0.28	-1.21	80	
6	19	8	6.96	21.93	-0.82	-8.97	-10.51	81	
6	19	13	7.76	-0.21	11.00	3.38	-6.41	82	
6	19	18	2.36	3.36	3.09	1.42	-2.01	83	
6	19	23	4.54	5.92	5.18	-1.04	0.77	84	
6	19	28	-10.45	-19.36	9.62	-44.36	-48.09	85	
6	19	33	25.51	41.58	-3.69	14.26	29.57	86	
6	19	38	11.02	3.69	4.44	6.11	1.14	87	
6	19	43	5.14	8.11	4.51	-0.13	-2.51	88	
6	23	3	2.85	2.83	2.41	0.06	2.05	89	
6	23	8	21.80	14.50	-6.24	-89.06	-22.24	90	
6	23	13	32.91	13.66	3.24	19.63	7.75	91	
6	23	18	3.13	6.40	2.51	0.85	-1.31	92	
6	23	23	-10.08	-18.32	-17.14	-56.23	-72.19	93	
6	23	28	-40.25	-2.71	-54.34	43.57	-8.55	94	
6	23	33	14.09	7.03	10.34	-15.14	1.11	95	
6	23	38	9.75	2.26	4.06	4.33	-1.43	96	
6	23	43	7.20	19.21	1.38	-58.85	-61.22	97	
6	27	3	3.24	2.25	5.06	0.32	1.00	98	
6	27	8	-60.33	-30.25	-5.00	-76.36	-15.35	99	
6	27	13	6.00	8.30	2.90	-5.15	1.03	100	
6	27	18	1.18	12.31	2.06	-53.47	-61.18	101	
6	27	23	6.00	13.26	4.75	52.69	62.41	102	
6	27	28	-17.02	-14.46	20.80	-41.88	56.66	103	
6	27	33	11.45	3.90	8.11	-10.59	0.98	104	
6	27	38	27.45	48.39	-0.36	-49.63	-61.64	105	
6	27	43	-5.31	-21.52	0.82	61.89	60.30	106	
6	31	3	-1.08	0.23	2.07	4.35	1.10	107	
6	31	8	-103.73	-36.14	-14.66	-16.98	-7.55	108	
6	31	13	-0.44	3.67	1.38	-53.11	-76.38	109	
6	31	18	6.92	4.08	-0.68	51.28	67.59	110	
6	31	23	1.81	4.21	2.60	-0.14	0.34	111	
6	31	28	4.16	3.99	3.50	-1.28	-0.95	112	
6	31	33	21.06	47.56	1.59	-53.18	-50.52	113	
6	31	38	-3.37	-44.50	15.39	46.60	56.50	114	
6	31	43	8.97	13.45	4.06	4.13	2.80	115	
6	35	3	-0.62	3.33	2.40	4.58	0.02	116	
6	35	8	-61.40	-8.79	-33.96	-42.59	-15.45	117	
6	35	13	0.97	5.77	3.79	69.60	71.90	118	
6	35	18	5.58	5.21	2.05	-0.30	-1.20	119	
6	35	23	3.12	3.09	3.14	-0.58	-0.18	120	
6	35	28	22.70	48.23	-3.41	-39.10	-37.83	121	
6	35	33	-19.92	-71.08	5.55	25.83	42.30	122	
6	35	38	18.94	20.39	2.59	13.67	5.91	123	
6	35	43	3.02	2.21	3.73	0.40	1.16	124	
6	39	3	1.68	3.00	1.13	-0.37	-0.80	125	
6	39	8	-51.46	-24.31	-3.62	-5.67	78.86	126	
6	39	13	6.63	12.48	0.94	3.51	2.25	127	
6	39	18	3.64	4.02	2.72	-1.95	-0.10	128	
6	39	23	18.73	35.09	0.73	-15.78	-16.56	129	
6	39	28	-33.69	-85.73	15.10	11.80	13.01	130	
6	39	33	20.67	32.72	5.59	2.72	12.87	131	
6	39	38	10.76	5.59	3.82	8.42	-0.20	132	
6	39	43	2.19	3.01	2.33	-0.55	-1.06	133	
6	43	3	2.84	2.68	2.48	1.81	-0.63	134	
6	43	8	3.81	3.07	4.85	-0.16	-1.29	135	
6	43	13	3.75	2.84	3.72	-1.08	1.05	136	
6	43	18	10.23	20.27	3.20	-7.49	-7.96	137	
6	43	23	-27.51	-82.15	8.23	-17.71	-19.03	138	
6	43	28	18.70	41.87	-1.22	19.54	26.21	139	
6	43	33	8.92	3.52	2.54	-10.32	0.16	140	
6	43	38	11.74	4.33	3.18	6.98	-2.20	141	
6	43	43	2.83	3.26	3.14	0.67	-1.44	142	
