143
diam	c	r	EConv0	EConv1	EConv2	OConv0	OConv1
6	3	3	6.35	4.10	5.02	-3.72	1.25	44	
6	3	8	5.00	6.90	1.91	-5.19	-3.31	45	
6	3	13	11.98	12.20	1.43	-23.63	-27.35	46	
6	3	18	-18.25	-25.83	-2.41	7.97	-2.66	47	
6	3	23	18.72	9.48	1.56	15.59	-1.01	48	
6	3	28	2.80	3.50	5.11	5.87	-3.87	49	
6	3	33	1.94	6.35	3.91	-2.37	-5.84	50	
6	3	38	3.71	1.63	9.33	-4.99	4.82	51	
6	3	43	4.42	7.16	1.10	10.06	5.38	52	
6	7	3	4.51	3.56	4.76	-1.54	-2.43	53	
6	7	8	12.67	9.56	0.30	-20.94	-2.01	54	
6	7	13	-9.70	-8.25	5.84	-17.78	-32.40	55	
6	7	18	5.83	7.21	6.55	38.35	31.21	56	
6	7	23	2.31	6.09	2.39	-2.61	-3.22	57	
6	7	28	10.18	16.49	2.66	-5.03	-6.22	58	
6	7	33	-10.27	4.05	4.54	-10.57	-46.10	59	
6	7	38	9.29	-0.99	8.08	14.90	-5.55	60	
6	7	43	2.73	3.21	4.30	4.90	0.36	61	
6	11	3	0.83	1.94	3.34	1.20	-1.97	62	
6	11	8	23.49	6.26	10.17	-28.40	6.42	63	
6	11	13	-34.69	-13.18	-12.50	2.40	-7.16	64	
6	11	18	28.79	11.61	15.20	33.33	8.38	65	
6	11	23	6.75	10.70	1.21	-12.36	-0.59	66	
6	11	28	11.02	8.59	0.57	-35.89	-40.62	67	
6	11	33	-26.08	-26.57	-9.66	12.03	-6.35	68	
6	11	38	17.78	9.08	2.85	16.84	8.19	69	
6	11	43	1.83	2.83	2.51	7.60	0.25	70	
6	15	3	1.96	2.59	2.14	2.17	5.22	71	
6	15	8	11.19	0.02	13.52	-6.70	2.15	72	
6	15	13	-30.39	6.13	-23.40	-34.47	28.37	73	
6	15	18	27.12	13.98	10.93	38.33	-20.40	74	
6	15	23	5.77	4.51	8.17	-25.57	-24.96	75	
6	15	28	-8.73	-25.31	-1.00	-8.04	15.44	76	
6	15	33	0.45	11.75	3.56	26.11	53.76	77	
6	15	38	9.99	7.33	5.31	6.45	1.80	78	
6	15	43	2.85	5.38	3.32	1.72	-0.10	79	
6	19	3	5.02	5.41	5.52	2.16	-1.76	80	
6	19	8	-3.66	3.01	-1.47	3.20	0.07	81	
6	19	13	-9.33	6.30	5.59	-70.87	6.52	82	
6	19	18	17.30	13.05	-1.02	14.86	-35.87	83	
6	19	23	-8.73	-28.21	5.32	17.10	-1.86	84	
6	19	28	10.16	16.59	8.13	14.39	35.25	85	
6	19	33	1.83	7.64	0.67	6.76	-7.52	86	
6	19	38	6.09	3.88	5.57	3.19	-0.18	87	
6	19	43	3.10	3.47	3.05	-0.15	0.12	88	
6	23	3	1.34	2.31	2.45	2.42	-3.01	89	
6	23	8	8.36	9.14	5.27	-6.07	0.41	90	
6	23	13	-4.23	-5.57	4.52	-56.52	-7.25	91	
6	23	18	1.47	-18.64	-4.08	15.69	19.63	92	
6	23	23	9.10	14.31	1.28	47.60	37.47	93	
6	23	28	6.02	6.71	6.87	-4.13	4.09	94	
6	23	33	-9.94	9.45	-1.67	-9.23	-16.76	95	
6	23	38	11.48	3.98	11.27	9.62	-1.23	96	
6	23	43	3.22	3.73	3.43	-0.74	0.87	97	
6	27	3	3.17	4.55	1.86	0.84	2.15	98	
6	27	8	11.12	4.71	3.70	-16.27	-9.67	99	
6	27	13	-7.26	-18.51	9.87	-20.15	12.01	100	
6	27	18	12.26	19.18	7.14	31.37	36.35	101	
6	27	23	7.24	13.70	1.41	4.32	-1.54	102	
6	27	28	11.52	10.01	2.91	-5.37	-6.32	103	
6	27	33	-13.35	7.11	2.05	-37.74	-47.28	104	
6	27	38	24.49	-4.68	21.06	48.95	-21.59	105	
6	27	43	3.37	5.67	2.15	-3.49	-0.24	106	
6	31	3	6.26	6.98	6.80	-2.80	1.64	107	
6	31	8	9.09	7.97	4.41	-20.99	-2.37	108	
6	31	13	-2.06	1.63	7.08	16.71	21.30	109	
6	31	18	4.84	8.40	1.79	3.17	0.19	110	
6	31	23	4.19	2.45	4.08	0.32	0.42	111	
6	31	28	27.43	9.97	3.20	-27.03	-3.97	112	
6	31	33	-23.04	-30.20	-2.41	-3.41	2.53	113	
6	31	38	25.70	16.42	-1.32	56.38	12.86	114	
6	31	43	4.14	2.91	7.06	-2.56	1.04	115	
6	35	3	6.32	3.89	3.29	-3.91	1.94	116	
6	35	8	4.41	-2.02	8.07	-12.81	7.47	117	
6	35	13	6.03	7.41	1.35	13.97	9.33	118	
6	35	18	1.50	1.74	1.27	1.15	6.21	119	
6	35	23	4.93	5.19	4.46	0.82	1.58	120	
6	35	28	16.78	1.56	14.64	-13.06	7.22	121	
6	35	33	-20.69	1.36	-2.75	22.92	60.11	122	
6	35	38	11.35	15.97	-0.61	11.59	14.25	123	
6	35	43	5.43	4.10	2.90	2.41	1.65	124	
6	39	3	5.63	7.14	8.13	-4.32	-15.86	125	
6	39	8	-0.40	7.53	7.19	-1.11	-16.71	126	
6	39	13	4.31	7.06	10.59	10.38	-8.76	127	
6	39	18	5.30	6.92	7.16	-3.20	-4.02	128	
6	39	23	2.58	3.47	5.09	1.24	-4.28	129	
6	39	28	2.67	6.70	2.36	-5.99	-2.30	130	
6	39	33	-0.20	10.09	7.86	10.43	6.85	131	
6	39	38	3.36	5.32	5.37	-0.34	-4.87	132	
6	39	43	5.64	7.21	4.27	-4.57	-7.34	133	
6	43	3	3.65	-3.89	4.43	9.96	-20.30	134	
6	43	8	-3.63	0.39	-7.75	-15.16	-20.50	135	
6	43	13	-1.65	-1.36	-3.48	17.55	-43.11	136	
6	43	18	8.14	1.82	10.66	5.10	-25.38	137	
6	43	23	0.91	3.15	1.09	-0.93	-19.02	138	
6	43	28	3.80	-0.16	5.54	-4.90	-15.57	139	
6	43	33	3.99	6.24	2.45	8.69	-18.20	140	
6	43	38	1.36	5.10	6.81	-1.01	-19.37	141	
6	43	43	2.22	1.63	5.84	-3.57	-11.25	142	
