143
diam	c	r	EConv0	EConv1	EConv2	OConv0	OConv1
6	3	3	4.59	4.50	5.52	-1.19	-0.67	44	
6	3	8	1.10	-15.42	64.33	-56.54	82.57	45	
6	3	13	17.82	72.34	2.06	39.23	58.36	46	
6	3	18	4.40	2.87	4.86	0.20	0.66	47	
6	3	23	4.84	5.13	4.13	0.56	0.28	48	
6	3	28	4.27	4.27	4.27	-0.00	-0.00	49	
6	3	33	4.11	5.19	4.80	-0.71	-2.37	50	
6	3	38	5.30	5.24	3.87	-0.43	-1.24	51	
6	3	43	29.39	8.62	12.48	-58.40	1.97	52	
6	7	3	5.63	4.28	4.52	-1.62	1.43	53	
6	7	8	4.26	4.07	2.75	2.24	0.24	54	
6	7	13	3.17	3.40	2.82	1.16	1.04	55	
6	7	18	0.92	5.14	1.85	-3.26	-10.06	56	
6	7	23	5.44	5.16	4.23	-0.43	0.30	57	
6	7	28	3.48	3.60	4.18	0.27	-0.84	58	
6	7	33	12.74	33.66	3.40	-11.61	-8.79	59	
6	7	38	9.96	-0.15	15.30	4.91	-4.17	60	
6	7	43	26.79	11.41	2.97	-62.71	-2.31	61	
6	11	3	4.38	4.00	3.31	-2.01	-0.81	62	
6	11	8	3.45	5.01	3.33	0.50	0.66	63	
6	11	13	5.50	6.65	7.17	-2.67	-5.19	64	
6	11	18	2.66	5.73	4.44	8.03	10.41	65	
6	11	23	3.67	3.68	4.85	-0.35	0.29	66	
6	11	28	8.39	19.26	3.51	-2.03	-3.30	67	
6	11	33	-40.71	-55.88	4.96	-59.64	-86.82	68	
6	11	38	28.61	17.44	-0.51	22.65	6.70	69	
6	11	43	24.92	11.71	5.39	-72.36	-9.05	70	
6	15	3	4.14	4.34	4.87	-0.23	0.18	71	
6	15	8	9.55	12.15	3.99	-6.63	-4.31	72	
6	15	13	4.41	-6.37	4.69	6.35	1.22	73	
6	15	18	5.41	5.18	4.09	1.28	-2.36	74	
6	15	23	2.44	4.01	3.23	-0.10	0.69	75	
6	15	28	-12.80	-27.10	-2.42	-87.43	-75.01	76	
6	15	33	7.74	28.09	10.85	46.33	123.32	77	
6	15	38	7.57	6.89	3.77	2.54	0.83	78	
6	15	43	23.31	6.32	10.36	-75.40	3.28	79	
6	19	3	4.40	3.99	4.51	-0.16	0.15	80	
6	19	8	-7.91	13.71	-15.29	-56.80	-40.00	81	
6	19	13	15.71	6.91	17.89	6.90	-3.08	82	
6	19	18	2.57	3.63	4.90	1.87	0.82	83	
6	19	23	19.66	40.41	-1.90	-72.62	-72.61	84	
6	19	28	8.92	13.38	7.79	82.58	74.27	85	
6	19	33	2.77	3.09	3.72	-2.37	-3.06	86	
6	19	38	5.33	4.10	5.64	1.81	0.40	87	
6	19	43	33.48	14.22	6.63	-84.44	-4.82	88	
6	23	3	3.40	3.95	4.06	-0.21	-0.45	89	
6	23	8	22.82	-3.77	40.02	-41.73	41.49	90	
6	23	13	38.26	-1.27	11.54	68.72	-13.68	91	
6	23	18	30.12	60.36	-3.37	-47.49	-45.08	92	
6	23	23	-18.42	-52.30	11.09	67.77	64.60	93	
6	23	28	19.52	30.19	2.75	-10.21	-8.26	94	
6	23	33	-28.88	-62.06	-15.74	33.25	-66.57	95	
6	23	38	7.50	6.03	8.76	4.31	-1.80	96	
6	23	43	15.43	-5.36	13.84	-75.10	8.08	97	
6	27	3	1.82	31.42	35.86	2.24	-48.06	98	
6	27	8	3.69	32.47	35.56	1.07	-34.08	99	
6	27	13	17.52	76.64	16.94	13.21	-47.08	100	
6	27	18	-54.11	-77.11	26.41	22.00	-31.39	101	
6	27	23	15.48	58.03	33.01	7.97	-23.59	102	
6	27	28	41.52	16.39	43.81	-41.58	-14.89	103	
6	27	33	43.17	79.50	17.25	53.76	27.37	104	
6	27	38	13.93	29.13	32.81	9.61	-23.83	105	
6	27	43	13.87	30.02	35.82	-35.53	-11.40	106	
6	31	3	-6.52	-21.21	-29.56	-2.10	2.03	107	
6	31	8	11.56	-17.39	-26.47	-5.23	-7.91	108	
6	31	13	-6.73	-70.79	-21.04	4.04	-0.88	109	
6	31	18	15.50	15.49	-23.02	25.06	29.04	110	
6	31	23	-0.25	-22.67	-25.40	-1.33	-2.35	111	
6	31	28	5.71	-24.80	-22.56	-3.43	-9.48	112	
6	31	33	-8.19	-30.76	-32.31	-15.69	-10.61	113	
6	31	38	-3.81	-24.47	-35.97	6.51	-7.79	114	
6	31	43	16.26	-33.01	-18.48	-21.02	-6.78	115	
6	35	3	2.78	32.68	37.45	1.46	33.98	116	
6	35	8	20.21	56.48	29.57	-84.86	-11.01	117	
6	35	13	40.51	71.44	21.85	57.16	64.39	118	
6	35	18	2.61	29.12	30.67	-0.29	24.55	119	
6	35	23	5.41	33.60	33.34	0.59	34.86	120	
6	35	28	6.89	37.62	35.07	-5.22	32.55	121	
6	35	33	-13.96	18.23	31.03	12.41	38.34	122	
6	35	38	4.60	28.80	34.25	-4.40	30.03	123	
6	35	43	5.68	32.82	34.33	2.29	32.97	124	
6	39	3	12.95	16.19	2.41	-6.82	-4.40	125	
6	39	8	-72.27	-85.85	12.05	44.62	14.47	126	
6	39	13	4.03	5.09	5.89	0.14	0.60	127	
6	39	18	1.99	4.87	4.13	-1.07	0.97	128	
6	39	23	4.98	4.06	3.10	-2.65	0.52	129	
6	39	28	5.15	-0.99	4.59	-5.51	1.63	130	
6	39	33	7.59	10.75	3.79	5.76	4.33	131	
6	39	38	3.78	4.60	3.38	-0.01	-0.69	132	
6	39	43	3.88	5.34	3.89	-2.46	-5.16	133	
6	43	3	31.78	1.54	19.75	-24.28	6.49	134	
6	43	8	24.70	50.66	-13.77	51.25	41.88	135	
6	43	13	4.79	6.52	2.77	0.22	0.32	136	
6	43	18	3.96	3.25	5.18	0.57	-0.09	137	
6	43	23	3.97	4.06	4.80	-0.18	-0.88	138	
6	43	28	2.92	5.27	4.34	-1.77	1.64	139	
6	43	33	6.37	32.53	2.98	-16.54	-22.91	140	
6	43	38	7.47	3.69	-6.76	-6.22	-30.28	141	
6	43	43	13.96	-5.95	10.87	21.18	0.81	142	
