143
diam	c	r	EConv0	EConv1	EConv2	OConv0	OConv1
6	3	3	10.78	9.30	5.38	-4.32	0.24	44	
6	3	8	-26.84	-26.68	-0.69	-22.17	-15.06	45	
6	3	13	9.09	-7.29	14.70	48.85	57.12	46	
6	3	18	11.57	29.65	7.98	12.82	29.17	47	
6	3	23	7.23	3.10	5.10	0.78	-1.48	48	
6	3	28	7.03	4.60	4.54	-0.64	-0.47	49	
6	3	33	12.48	20.04	1.11	-13.08	-9.42	50	
6	3	38	-35.54	-44.42	11.38	12.71	7.32	51	
6	3	43	15.42	24.04	3.05	13.55	12.56	52	
6	7	3	15.39	5.48	8.10	-5.51	-1.57	53	
6	7	8	-37.71	-20.36	8.50	29.78	15.08	54	
6	7	13	19.20	28.67	-3.43	20.09	20.39	55	
6	7	18	5.00	2.10	2.77	1.10	2.36	56	
6	7	23	4.94	6.88	5.48	1.48	0.52	57	
6	7	28	3.23	8.06	4.11	-2.16	-2.36	58	
6	7	33	-3.45	-7.18	4.02	-52.22	-32.00	59	
6	7	38	12.04	21.76	-1.70	50.62	31.17	60	
6	7	43	4.78	4.28	4.11	1.02	1.48	61	
6	11	3	10.70	7.60	4.61	-2.78	0.01	62	
6	11	8	-65.14	-16.80	-9.44	64.75	5.26	63	
6	11	13	4.57	1.98	4.11	-3.07	-2.15	64	
6	11	18	5.37	2.97	2.11	-0.72	1.13	65	
6	11	23	1.99	5.17	3.18	-0.77	-0.39	66	
6	11	28	11.05	26.67	-1.67	-36.57	-33.61	67	
6	11	33	-18.13	-28.09	10.92	36.47	20.18	68	
6	11	38	7.38	12.12	2.49	3.04	4.33	69	
6	11	43	3.89	2.44	3.03	-0.85	-0.43	70	
6	15	3	19.89	10.23	6.29	-11.36	-0.92	71	
6	15	8	-45.38	5.38	-11.25	64.32	-13.03	72	
6	15	13	5.02	4.28	8.62	3.98	1.55	73	
6	15	18	3.27	4.36	4.77	1.79	-4.67	74	
6	15	23	14.90	22.81	-1.63	-25.88	-16.17	75	
6	15	28	-14.47	-40.42	8.84	-18.62	-11.23	76	
6	15	33	23.69	30.02	1.01	33.28	22.98	77	
6	15	38	5.55	4.21	5.75	-0.00	0.70	78	
6	15	43	4.66	3.93	3.96	-0.12	0.89	79	
6	19	3	19.67	4.84	11.16	-11.75	2.75	80	
6	19	8	-22.44	5.07	-35.56	3.81	5.22	81	
6	19	13	36.78	0.93	23.44	34.27	-11.76	82	
6	19	18	11.14	23.26	3.94	-9.73	-5.80	83	
6	19	23	-9.25	-27.01	13.53	-30.75	-30.43	84	
6	19	28	4.75	15.09	1.84	32.88	47.12	85	
6	19	33	5.89	4.55	3.16	0.10	7.07	86	
6	19	38	4.05	4.83	3.95	1.38	-1.30	87	
6	19	43	4.29	4.34	4.41	0.11	-1.30	88	
6	23	3	4.25	4.65	5.54	0.66	0.53	89	
6	23	8	-3.76	6.11	-5.58	-75.86	40.28	90	
6	23	13	44.87	14.45	12.26	53.64	0.57	91	
6	23	18	10.14	10.68	-2.10	-62.41	-37.84	92	
6	23	23	-2.75	-9.59	1.73	60.47	30.77	93	
6	23	28	6.72	8.14	4.48	-1.19	-0.99	94	
6	23	33	4.09	2.46	3.09	-0.53	-2.36	95	
6	23	38	4.07	3.83	4.92	0.98	0.18	96	
6	23	43	4.34	4.57	3.93	-0.23	-0.19	97	
6	27	3	5.57	4.80	4.33	0.04	-0.89	98	
6	27	8	33.69	6.86	33.06	-29.97	17.02	99	
6	27	13	41.63	32.21	9.59	28.51	-34.17	100	
6	27	18	-28.95	-44.28	12.18	-1.31	3.44	101	
6	27	23	12.78	24.15	-2.01	20.24	20.36	102	
6	27	28	2.94	12.96	14.15	4.78	-13.08	103	
6	27	33	4.93	5.21	4.95	-0.68	-1.26	104	
6	27	38	4.30	4.21	4.41	3.22	0.16	105	
6	27	43	3.99	4.22	3.96	-0.28	-1.55	106	
6	31	3	4.57	4.88	4.38	-1.36	-0.56	107	
6	31	8	28.52	25.77	6.70	-27.68	-16.74	108	
6	31	13	-0.64	-18.01	-2.32	10.77	-7.56	109	
6	31	18	7.08	17.93	-0.09	42.06	38.58	110	
6	31	23	3.83	4.97	5.60	-0.88	0.40	111	
6	31	28	-75.19	-30.81	-18.50	19.04	-55.62	112	
6	31	33	4.97	5.43	4.69	0.55	2.26	113	
6	31	38	4.59	5.25	3.68	2.89	1.52	114	
6	31	43	3.41	4.27	3.40	-2.10	0.32	115	
6	35	3	2.66	3.84	4.52	-0.62	-0.05	116	
6	35	8	-5.75	-2.01	-3.91	-63.12	-36.22	117	
6	35	13	3.47	-2.24	5.59	56.21	39.88	118	
6	35	18	10.29	13.56	5.01	4.95	6.07	119	
6	35	23	8.40	8.19	4.86	-1.18	-0.62	120	
6	35	28	-100.20	-30.56	-30.49	33.57	12.06	121	
6	35	33	2.74	1.30	3.30	-0.55	0.18	122	
6	35	38	4.70	4.70	3.49	0.22	0.71	123	
6	35	43	3.50	3.12	5.52	-1.47	0.06	124	
6	39	3	2.46	3.38	3.61	-0.96	-0.57	125	
6	39	8	-49.92	-34.72	-9.19	-33.26	27.26	126	
6	39	13	14.31	26.19	1.82	18.91	12.86	127	
6	39	18	4.36	3.09	3.21	-0.36	-1.32	128	
6	39	23	3.03	2.85	5.35	0.07	-0.26	129	
6	39	28	-43.50	3.15	-12.87	5.69	54.82	130	
6	39	33	4.04	6.81	3.64	-0.57	-1.61	131	
6	39	38	5.16	3.77	5.17	-1.46	-0.78	132	
6	39	43	4.61	4.38	3.09	-1.65	1.03	133	
6	43	3	0.94	4.45	4.79	0.42	-5.66	134	
6	43	8	-14.54	8.19	9.20	-2.08	23.28	135	
6	43	13	2.04	6.18	3.26	-4.24	-2.88	136	
6	43	18	4.99	6.72	6.19	-0.45	-6.75	137	
6	43	23	4.32	4.91	5.67	-1.40	-4.67	138	
6	43	28	4.28	7.73	8.76	-0.93	-1.63	139	
6	43	33	6.34	5.13	8.45	-2.44	-1.58	140	
6	43	38	7.21	8.32	7.55	-0.14	-1.88	141	
6	43	43	6.90	4.66	7.44	-0.94	0.24	142	
