143
diam	c	r	EConv0	EConv1	EConv2	OConv0	OConv1
6	3	3	3.49	5.01	4.02	-0.58	0.55	44	
6	3	8	5.86	5.75	4.00	-1.45	-5.19	45	
6	3	13	2.58	23.38	1.16	-17.74	-35.79	46	
6	3	18	15.49	12.26	-0.38	-21.64	-28.79	47	
6	3	23	-18.41	-34.21	-1.44	54.74	-20.26	48	
6	3	28	1.37	2.79	1.50	-0.76	-2.22	49	
6	3	33	4.31	2.86	4.09	0.85	-0.91	50	
6	3	38	4.71	4.63	3.16	0.16	-1.77	51	
6	3	43	3.30	3.84	4.18	-0.42	0.07	52	
6	7	3	1.79	3.80	2.73	-2.55	-4.54	53	
6	7	8	15.02	11.81	2.40	-11.58	-2.16	54	
6	7	13	-32.25	-25.98	2.34	-14.49	-27.08	55	
6	7	18	10.16	5.02	1.24	-49.06	-25.95	56	
6	7	23	18.29	14.77	1.87	78.47	20.63	57	
6	7	28	1.11	-0.57	2.96	3.04	-0.85	58	
6	7	33	4.31	4.00	3.01	1.64	-0.66	59	
6	7	38	1.66	3.10	3.14	-0.74	-1.67	60	
6	7	43	1.46	5.38	1.41	-3.81	-2.38	61	
6	11	3	-0.25	1.67	2.26	-2.48	0.32	62	
6	11	8	32.07	11.62	4.30	-36.96	-7.69	63	
6	11	13	-9.15	1.49	-9.86	6.03	-13.54	64	
6	11	18	-10.28	-25.27	10.03	-4.38	-9.85	65	
6	11	23	22.78	18.84	-1.87	38.40	16.45	66	
6	11	28	4.12	7.09	5.53	2.02	2.56	67	
6	11	33	4.69	2.73	3.19	0.14	0.49	68	
6	11	38	6.37	10.27	3.13	-3.01	-3.56	69	
6	11	43	-11.19	-4.31	12.19	-0.51	-31.69	70	
6	15	3	0.07	1.92	2.61	-1.64	0.54	71	
6	15	8	17.04	0.20	14.99	-20.36	7.14	72	
6	15	13	-16.18	-2.75	-18.92	-26.01	34.70	73	
6	15	18	-28.83	-13.38	5.20	44.85	18.50	74	
6	15	23	6.47	11.24	1.38	7.33	4.94	75	
6	15	28	3.53	3.80	5.67	-0.51	1.45	76	
6	15	33	4.29	-0.08	-2.14	-0.95	-3.84	77	
6	15	38	17.26	20.88	-2.69	-37.45	-28.37	78	
6	15	43	-1.96	-18.53	2.90	55.65	4.19	79	
6	19	3	1.54	2.68	3.16	0.03	1.04	80	
6	19	8	6.30	2.53	5.36	-4.71	1.27	81	
6	19	13	22.82	15.37	19.39	-38.34	26.96	82	
6	19	18	-28.37	-8.20	-7.86	62.61	7.30	83	
6	19	23	-0.30	3.27	2.49	4.93	-6.84	84	
6	19	28	5.49	-1.23	3.30	2.55	6.22	85	
6	19	33	12.15	27.50	5.13	-21.85	-25.63	86	
6	19	38	-15.62	-42.82	10.33	-11.64	-11.28	87	
6	19	43	13.77	23.07	-8.31	34.82	21.17	88	
6	23	3	2.42	3.53	2.74	-0.74	2.47	89	
6	23	8	6.99	5.51	3.73	-2.15	2.72	90	
6	23	13	22.47	5.16	8.30	-25.86	4.01	91	
6	23	18	-17.92	-4.47	-1.24	67.58	15.19	92	
6	23	23	0.91	5.56	0.59	-8.58	-2.77	93	
6	23	28	9.26	25.41	1.65	-20.75	-59.28	94	
6	23	33	-11.74	-54.26	-1.76	-0.66	-17.68	95	
6	23	38	5.40	20.74	-3.83	36.99	42.92	96	
6	23	43	3.38	5.98	4.39	-0.23	1.36	97	
6	27	3	2.66	3.42	2.82	-1.78	-0.42	98	
6	27	8	7.20	4.93	2.83	-5.23	-3.66	99	
6	27	13	31.92	19.64	6.29	-42.76	-5.54	100	
6	27	18	12.54	12.15	0.98	61.42	16.62	101	
6	27	23	16.30	25.78	0.81	-33.99	-9.94	102	
6	27	28	-18.13	-39.85	-3.01	3.37	14.81	103	
6	27	33	9.86	20.26	0.81	37.24	42.85	104	
6	27	38	2.59	6.18	2.33	1.56	5.25	105	
6	27	43	5.41	5.67	4.23	-2.47	2.36	106	
6	31	3	2.74	3.60	2.89	-3.08	-0.29	107	
6	31	8	5.73	3.04	7.08	-1.41	1.32	108	
6	31	13	3.45	-0.68	4.07	-48.48	-24.06	109	
6	31	18	24.83	36.87	3.40	5.99	-23.13	110	
6	31	23	-15.91	-45.59	1.86	-14.70	-18.21	111	
6	31	28	12.45	23.80	11.18	27.59	46.60	112	
6	31	33	1.44	5.64	-3.71	2.70	-0.13	113	
6	31	38	3.64	1.21	4.90	-1.50	0.51	114	
6	31	43	4.33	1.41	3.88	-0.91	-0.06	115	
6	35	3	3.13	2.28	4.05	-2.89	1.07	116	
6	35	8	4.70	2.83	1.29	-1.53	2.24	117	
6	35	13	-15.73	-0.01	-8.11	-52.25	-7.43	118	
6	35	18	-9.15	-31.35	-1.33	-0.08	-27.73	119	
6	35	23	13.53	26.17	9.88	29.93	40.21	120	
6	35	28	9.29	6.60	4.61	4.99	1.16	121	
6	35	33	3.42	4.56	3.35	-1.46	0.77	122	
6	35	38	4.31	5.13	3.99	1.59	-1.14	123	
6	35	43	3.07	4.58	2.86	1.19	-1.44	124	
6	39	3	3.81	3.65	2.54	-1.05	0.94	125	
6	39	8	1.47	3.45	4.72	2.55	-1.25	126	
6	39	13	-23.86	-5.32	-6.78	-68.94	-0.95	127	
6	39	18	1.99	1.83	4.35	36.80	44.87	128	
6	39	23	8.87	1.63	2.88	7.19	2.11	129	
6	39	28	4.55	5.69	4.39	1.65	-4.33	130	
6	39	33	2.96	3.25	5.18	0.11	-0.78	131	
6	39	38	1.57	0.58	0.88	-1.15	0.66	132	
6	39	43	3.53	2.99	3.13	1.13	-0.15	133	
6	43	3	5.40	2.55	6.55	0.73	-0.50	134	
6	43	8	1.33	2.20	0.17	1.36	2.94	135	
6	43	13	-20.64	-21.01	9.25	-33.86	40.64	136	
6	43	18	11.20	19.20	1.27	13.98	14.54	137	
6	43	23	1.79	7.11	1.53	4.05	0.45	138	
6	43	28	2.90	4.57	4.12	-0.06	3.87	139	
6	43	33	3.72	4.55	4.16	0.72	1.76	140	
6	43	38	5.50	6.20	6.33	0.25	2.95	141	
6	43	43	4.01	4.12	3.41	-2.33	1.90	142	
