143
diam	c	r	EConv0	EConv1	EConv2	OConv0	OConv1
6	3	3	3.72	3.36	3.24	-1.12	-1.20	44	
6	3	8	6.73	4.40	4.03	-3.46	-2.55	45	
6	3	13	-1.43	0.76	0.94	2.70	-1.36	46	
6	3	18	4.90	6.35	5.83	3.54	-4.12	47	
6	3	23	2.50	4.52	4.49	1.21	-3.75	48	
6	3	28	1.23	3.30	2.93	1.21	-3.01	49	
6	3	33	4.76	4.20	4.01	-0.09	-3.38	50	
6	3	38	3.28	3.44	3.59	-1.04	-3.69	51	
6	3	43	3.60	2.76	2.35	2.33	-4.95	52	
6	7	3	4.10	-1.54	0.61	1.98	-13.02	53	
6	7	8	3.60	1.11	-0.28	-5.79	-13.71	54	
6	7	13	1.75	2.43	-0.06	2.38	-11.50	55	
6	7	18	3.93	3.98	4.07	2.77	-15.90	56	
6	7	23	3.29	3.09	2.04	1.90	-14.45	57	
6	7	28	0.50	2.07	3.16	2.16	-17.21	58	
6	7	33	3.47	2.78	0.62	-3.44	-19.04	59	
6	7	38	8.80	24.47	0.36	-17.62	-44.17	60	
6	7	43	2.45	-8.97	25.67	34.04	-50.18	61	
6	11	3	4.58	5.37	3.80	0.37	12.25	62	
6	11	8	2.38	1.58	2.42	-5.61	13.51	63	
6	11	13	2.40	0.57	4.01	1.94	14.79	64	
6	11	18	-5.11	6.44	9.12	3.97	1.46	65	
6	11	23	6.54	5.83	3.78	0.35	16.92	66	
6	11	28	5.18	0.99	4.01	-0.26	18.58	67	
6	11	33	10.14	18.33	2.26	-13.82	2.02	68	
6	11	38	-17.18	-47.79	2.16	-16.02	2.71	69	
6	11	43	11.32	21.33	-19.73	41.21	52.67	70	
6	15	3	5.12	5.03	4.53	0.43	4.23	71	
6	15	8	8.40	7.34	6.49	-7.95	2.17	72	
6	15	13	16.27	21.97	-2.83	-20.86	-14.76	73	
6	15	18	-28.32	-36.31	0.67	40.76	-24.66	74	
6	15	23	11.49	8.91	1.16	-6.27	-3.02	75	
6	15	28	-12.85	6.99	-2.45	5.54	-65.21	76	
6	15	33	-6.75	-39.43	5.89	-12.06	-12.06	77	
6	15	38	2.60	25.59	2.17	32.96	45.53	78	
6	15	43	4.22	3.71	7.75	-1.09	2.37	79	
6	19	3	4.38	4.05	3.89	-1.06	-2.82	80	
6	19	8	3.99	-0.29	4.16	-4.54	1.05	81	
6	19	13	11.18	9.43	1.50	-60.11	-14.64	82	
6	19	18	10.27	9.44	-6.11	62.88	39.30	83	
6	19	23	21.05	22.82	5.85	-30.22	-15.24	84	
6	19	28	-6.05	-5.08	-6.99	-11.44	6.46	85	
6	19	33	28.63	19.65	25.48	59.02	10.22	86	
6	19	38	3.89	3.19	3.07	1.22	1.46	87	
6	19	43	5.81	3.42	3.86	1.35	3.33	88	
6	23	3	2.47	3.38	2.85	-1.37	0.52	89	
6	23	8	3.98	4.79	0.80	-6.26	-2.95	90	
6	23	13	-6.32	-11.57	-0.49	-61.87	23.29	91	
6	23	18	30.29	37.86	0.76	6.32	-7.72	92	
6	23	23	-17.56	-44.84	2.39	-14.18	-23.13	93	
6	23	28	24.59	16.30	21.70	-8.86	60.98	94	
6	23	33	12.09	7.02	-13.23	52.76	5.85	95	
6	23	38	4.09	4.61	3.19	0.46	-0.46	96	
6	23	43	4.30	3.49	3.28	1.21	-3.15	97	
6	27	3	3.89	3.92	4.04	-1.66	-0.30	98	
6	27	8	3.64	1.73	2.56	-6.93	0.60	99	
6	27	13	6.17	11.69	9.49	-31.83	-6.40	100	
6	27	18	13.63	-22.37	17.02	-20.40	-13.68	101	
6	27	23	11.19	25.49	1.93	36.39	40.02	102	
6	27	28	4.42	1.18	1.92	-3.01	2.80	103	
6	27	33	-1.20	25.52	-6.81	-12.63	-11.84	104	
6	27	38	8.65	2.36	11.37	6.32	-0.99	105	
6	27	43	3.65	4.72	3.71	0.72	2.40	106	
6	31	3	4.18	3.94	3.97	-1.65	0.37	107	
6	31	8	5.45	5.57	4.66	-6.05	-1.39	108	
6	31	13	-2.87	-11.23	9.13	-39.48	-10.33	109	
6	31	18	12.95	10.80	-0.72	38.56	30.72	110	
6	31	23	7.16	6.41	4.58	2.72	2.15	111	
6	31	28	6.19	3.73	4.63	1.34	-0.42	112	
6	31	33	-0.21	-12.83	9.76	-30.91	20.82	113	
6	31	38	12.16	8.82	0.58	10.87	1.88	114	
6	31	43	4.47	4.26	4.51	-1.27	-0.13	115	
6	35	3	5.21	4.74	4.90	-1.17	0.76	116	
6	35	8	18.59	18.53	0.25	-26.64	-9.60	117	
6	35	13	-9.06	-20.60	12.42	42.99	10.19	118	
6	35	18	6.10	9.86	3.07	2.93	0.97	119	
6	35	23	4.51	4.54	2.68	0.28	0.84	120	
6	35	28	5.00	4.09	4.15	-1.07	-0.16	121	
6	35	33	4.18	6.24	7.24	0.54	0.94	122	
6	35	38	4.09	6.57	5.35	0.61	-1.22	123	
6	35	43	3.56	3.80	4.12	-0.58	-0.66	124	
6	39	3	5.16	3.95	3.72	-1.59	-1.82	125	
6	39	8	18.04	-5.13	10.48	-39.38	4.93	126	
6	39	13	17.54	21.31	-5.08	50.39	17.59	127	
6	39	18	4.10	1.92	5.83	-0.78	0.16	128	
6	39	23	4.45	3.33	1.11	1.66	0.36	129	
6	39	28	4.86	5.01	4.91	-0.92	-0.72	130	
6	39	33	4.69	5.02	6.05	0.96	0.56	131	
6	39	38	3.99	4.76	4.17	-0.72	0.21	132	
6	39	43	3.83	4.43	3.79	-0.42	-1.39	133	
6	43	3	3.45	4.80	0.63	-3.12	-5.91	134	
6	43	8	0.88	5.93	12.22	-7.37	-7.34	135	
6	43	13	8.43	8.88	5.60	8.71	1.77	136	
6	43	18	5.35	6.56	3.29	1.96	-1.82	137	
6	43	23	3.57	2.77	4.03	-0.17	-1.87	138	
6	43	28	5.08	3.71	4.63	-0.51	-0.18	139	
6	43	33	4.13	4.49	3.15	0.66	-1.78	140	
6	43	38	3.91	3.68	4.75	-0.45	-1.41	141	
6	43	43	4.52	3.85	4.03	-2.61	2.10	142	
