143
diam	c	r	EConv0	EConv1	EConv2	OConv0	OConv1
6	3	3	3.74	3.00	3.89	-1.39	0.94	44	
6	3	8	5.98	-4.48	0.80	-29.03	2.05	45	
6	3	13	-5.51	-14.60	-11.34	23.41	22.09	46	
6	3	18	9.39	11.57	2.37	7.03	7.99	47	
6	3	23	1.95	0.97	-1.13	1.00	-1.31	48	
6	3	28	3.63	1.99	2.84	1.57	-1.65	49	
6	3	33	2.86	3.79	2.84	-1.63	-0.69	50	
6	3	38	3.71	3.31	2.14	-6.37	-2.47	51	
6	3	43	5.84	15.33	-0.28	-19.95	-25.78	52	
6	7	3	1.83	1.91	2.01	0.22	0.99	53	
6	7	8	1.74	1.84	12.81	-4.60	12.35	54	
6	7	13	2.22	14.07	7.02	8.46	11.26	55	
6	7	18	2.08	4.56	5.28	-2.78	2.56	56	
6	7	23	2.17	4.98	4.41	-1.27	3.62	57	
6	7	28	3.84	5.20	3.34	-1.36	1.02	58	
6	7	33	2.17	3.01	3.66	0.73	-2.12	59	
6	7	38	8.20	12.75	4.83	-9.40	-8.13	60	
6	7	43	-8.80	-20.24	2.71	-11.43	3.73	61	
6	11	3	3.96	2.28	6.13	1.54	-0.59	62	
6	11	8	0.54	2.23	-1.05	0.93	0.23	63	
6	11	13	4.07	14.70	2.52	-9.07	-10.71	64	
6	11	18	3.28	-1.63	4.10	4.28	-5.29	65	
6	11	23	2.18	0.60	3.17	0.88	-0.52	66	
6	11	28	3.12	3.57	1.82	-3.25	0.32	67	
6	11	33	3.06	2.85	1.92	-3.20	-0.00	68	
6	11	38	-3.49	-7.15	3.46	-22.42	-20.07	69	
6	11	43	8.11	4.64	1.63	23.58	20.99	70	
6	15	3	4.30	4.16	1.67	1.45	-0.82	71	
6	15	8	9.20	13.18	4.25	-5.69	-3.86	72	
6	15	13	-10.51	-1.43	-0.39	-28.58	-37.30	73	
6	15	18	16.95	5.94	7.40	14.46	-1.33	74	
6	15	23	3.02	3.03	1.16	0.69	-2.79	75	
6	15	28	4.41	1.98	4.51	0.28	-1.59	76	
6	15	33	7.50	8.13	-0.45	-19.78	-12.81	77	
6	15	38	-8.07	-9.83	1.53	15.58	21.39	78	
6	15	43	9.16	11.09	6.57	1.32	1.17	79	
6	19	3	4.62	4.68	3.52	-1.48	-1.50	80	
6	19	8	19.98	16.17	-5.07	-43.27	-15.82	81	
6	19	13	-12.42	-28.93	4.89	16.83	8.90	82	
6	19	18	14.39	7.51	2.71	8.55	1.90	83	
6	19	23	4.21	4.21	2.49	-2.51	-0.00	84	
6	19	28	8.23	11.37	1.87	-7.75	-9.57	85	
6	19	33	-3.44	-12.12	9.44	0.32	1.99	86	
6	19	38	5.67	9.40	2.74	9.65	4.24	87	
6	19	43	2.67	3.18	-1.92	0.92	3.24	88	
6	23	3	0.23	1.23	1.53	-5.22	-0.98	89	
6	23	8	19.64	-1.85	10.48	-59.61	1.64	90	
6	23	13	12.64	10.99	11.33	56.61	18.11	91	
6	23	18	1.23	4.01	3.80	4.01	0.96	92	
6	23	23	4.62	6.91	2.08	-7.18	-1.88	93	
6	23	28	0.48	-3.26	6.37	-16.20	-16.98	94	
6	23	33	9.80	4.68	0.07	21.41	14.98	95	
6	23	38	2.91	5.06	4.75	3.78	4.95	96	
6	23	43	3.38	0.85	2.45	-2.52	-0.02	97	
6	27	3	5.78	4.05	5.70	-2.08	3.36	98	
6	27	8	11.44	-3.18	14.21	-19.87	16.86	99	
6	27	13	-2.55	6.04	-13.93	30.57	4.91	100	
6	27	18	6.62	5.07	4.81	-4.55	-2.09	101	
6	27	23	4.28	1.56	1.93	-19.93	-19.81	102	
6	27	28	-0.66	-3.18	4.38	20.55	16.93	103	
6	27	33	4.91	6.83	-0.58	4.19	0.99	104	
6	27	38	2.90	4.84	0.71	-1.99	-1.00	105	
6	27	43	6.47	3.81	6.78	-1.45	1.03	106	
6	31	3	4.02	1.80	2.27	-0.56	-1.41	107	
6	31	8	8.20	6.14	7.04	-1.42	0.14	108	
6	31	13	-5.62	10.77	1.97	2.79	3.20	109	
6	31	18	4.70	15.33	-5.19	-18.92	-21.24	110	
6	31	23	-3.21	-16.60	6.95	16.66	7.14	111	
6	31	28	5.41	8.36	2.93	5.35	9.05	112	
6	31	33	3.16	3.06	4.61	2.39	1.08	113	
6	31	38	4.83	5.20	9.98	-2.73	-2.03	114	
6	31	43	3.07	3.29	1.64	3.20	-3.49	115	
6	35	3	5.24	5.24	5.76	2.30	-0.27	116	
6	35	8	3.48	3.93	2.81	-2.21	-2.70	117	
6	35	13	-7.12	5.97	-0.49	-12.57	-15.06	118	
6	35	18	-10.65	-25.03	7.78	-2.53	0.17	119	
6	35	23	3.78	14.20	-3.69	14.79	14.62	120	
6	35	28	2.29	4.40	2.22	-0.62	0.17	121	
6	35	33	13.01	15.08	-1.11	-14.49	-7.39	122	
6	35	38	-12.76	-15.61	8.89	30.05	-31.54	123	
6	35	43	-0.55	2.16	0.40	-4.88	2.50	124	
6	39	3	4.18	3.18	0.63	1.29	1.11	125	
6	39	8	10.99	11.91	1.48	-14.48	-5.74	126	
6	39	13	-9.19	-21.74	6.55	3.95	-6.99	127	
6	39	18	8.48	13.44	1.98	18.58	22.23	128	
6	39	23	2.84	1.83	1.49	1.75	1.36	129	
6	39	28	3.45	2.31	2.34	1.68	0.40	130	
6	39	33	16.98	-2.16	11.76	-21.68	7.18	131	
6	39	38	-5.40	9.80	-12.84	37.30	32.43	132	
6	39	43	2.57	1.69	5.63	0.85	-0.84	133	
6	43	3	4.72	3.04	6.11	-3.17	-1.89	134	
6	43	8	13.41	-1.30	5.76	-23.87	8.00	135	
6	43	13	-3.11	12.63	-8.45	28.25	29.52	136	
6	43	18	4.13	3.33	2.86	-2.65	2.07	137	
6	43	23	3.41	2.84	5.60	1.73	-1.38	138	
6	43	28	3.13	3.54	3.16	0.55	-0.57	139	
6	43	33	3.58	2.00	6.43	0.97	1.10	140	
6	43	38	4.21	10.47	2.89	-0.15	2.72	141	
6	43	43	4.19	4.76	0.94	-0.41	-1.36	142	
