143
diam	c	r	EConv0	EConv1	EConv2	OConv0	OConv1
6	3	3	2.94	2.97	2.53	1.68	1.11	44	
6	3	8	3.28	3.36	2.64	0.11	-0.03	45	
6	3	13	3.10	2.80	2.08	-0.59	-2.30	46	
6	3	18	2.55	0.47	2.24	-0.63	-0.42	47	
6	3	23	3.49	5.30	3.27	2.67	-1.18	48	
6	3	28	1.88	1.25	3.91	0.53	0.25	49	
6	3	33	2.97	3.08	0.87	-0.52	1.94	50	
6	3	38	2.65	0.78	0.70	2.33	-1.20	51	
6	3	43	4.00	3.23	5.08	0.36	2.01	52	
6	7	3	3.19	4.21	3.24	0.41	0.48	53	
6	7	8	2.81	2.49	2.53	-0.38	0.06	54	
6	7	13	-0.46	0.33	2.67	1.05	1.18	55	
6	7	18	-0.56	10.62	1.33	-5.88	-2.59	56	
6	7	23	2.78	-0.17	4.52	1.63	-0.71	57	
6	7	28	3.17	2.76	1.43	-0.59	0.37	58	
6	7	33	3.07	3.52	2.60	1.11	-2.37	59	
6	7	38	4.97	24.07	7.80	-3.53	-16.24	60	
6	7	43	5.46	1.40	12.15	2.56	-4.52	61	
6	11	3	3.07	1.47	0.89	-1.67	-0.28	62	
6	11	8	3.57	6.42	2.83	-1.75	-3.08	63	
6	11	13	4.12	9.16	-2.19	-2.61	-2.77	64	
6	11	18	-36.97	-21.92	-8.88	-17.42	-46.60	65	
6	11	23	8.94	4.50	5.00	4.70	4.45	66	
6	11	28	2.69	1.40	4.87	3.18	-1.34	67	
6	11	33	5.69	8.99	2.57	-5.27	-3.45	68	
6	11	38	-1.95	-1.02	-4.75	-56.29	-48.43	69	
6	11	43	39.21	4.60	9.58	34.97	-1.09	70	
6	15	3	4.78	4.55	3.85	-3.56	-0.03	71	
6	15	8	5.71	11.33	0.84	-10.21	-3.13	72	
6	15	13	2.83	9.21	3.85	-37.25	-65.64	73	
6	15	18	-11.01	-22.33	3.67	47.14	38.10	74	
6	15	23	4.96	-0.49	0.39	5.47	-1.87	75	
6	15	28	5.72	9.75	4.84	-2.49	-0.40	76	
6	15	33	8.23	17.98	7.26	-40.82	-51.03	77	
6	15	38	-7.40	-29.73	5.95	21.98	52.86	78	
6	15	43	18.86	16.93	3.10	17.06	3.75	79	
6	19	3	1.94	0.87	2.66	-3.12	-0.65	80	
6	19	8	33.44	5.77	6.39	-47.18	-0.47	81	
6	19	13	-0.52	-6.37	3.21	-2.39	-0.26	82	
6	19	18	24.52	16.43	19.25	61.14	-8.62	83	
6	19	23	1.57	5.65	-0.83	4.57	-1.36	84	
6	19	28	16.93	15.51	-14.33	-50.76	-19.21	85	
6	19	33	-8.60	-40.40	1.46	24.77	49.89	86	
6	19	38	15.82	25.23	4.79	16.96	19.69	87	
6	19	43	1.55	4.36	2.18	5.34	3.93	88	
6	23	3	3.77	2.83	3.26	1.19	1.49	89	
6	23	8	14.23	-1.66	14.90	-12.81	8.73	90	
6	23	13	-10.00	-20.55	-14.22	-9.31	71.18	91	
6	23	18	-7.87	8.71	-28.89	45.79	18.56	92	
6	23	23	-1.58	8.49	-1.01	-21.41	-32.66	93	
6	23	28	4.74	-30.90	24.11	-2.06	9.77	94	
6	23	33	13.75	23.18	-1.32	11.41	8.82	95	
6	23	38	2.94	0.91	4.20	-1.27	-6.88	96	
6	23	43	1.93	2.25	2.52	0.74	-0.08	97	
6	27	3	3.67	3.02	3.02	1.27	1.77	98	
6	27	8	2.11	5.08	1.05	-0.79	-0.86	99	
6	27	13	10.41	22.61	12.13	-2.18	-1.82	100	
6	27	18	-5.78	0.69	1.37	-23.19	-26.74	101	
6	27	23	-2.15	-22.16	5.01	23.65	22.99	102	
6	27	28	8.13	21.83	-1.20	11.07	14.08	103	
6	27	33	4.44	7.45	5.97	-1.73	-5.16	104	
6	27	38	0.66	3.59	4.04	-2.06	0.72	105	
6	27	43	3.15	2.98	2.77	1.17	0.19	106	
6	31	3	4.10	6.23	4.68	0.72	-2.70	107	
6	31	8	4.50	8.18	1.21	-8.24	-6.30	108	
6	31	13	-0.22	-7.43	-1.30	-23.66	-37.33	109	
6	31	18	-1.85	-3.84	6.38	21.61	30.58	110	
6	31	23	5.98	21.04	2.96	4.43	11.92	111	
6	31	28	2.88	1.43	1.76	-3.88	-2.37	112	
6	31	33	7.98	11.75	-12.62	-41.20	-17.96	113	
6	31	38	20.06	-1.97	11.54	20.59	-2.09	114	
6	31	43	3.39	3.82	3.40	0.58	0.31	115	
6	35	3	4.86	0.07	2.68	-2.78	2.46	116	
6	35	8	20.95	14.98	1.52	-38.84	-17.65	117	
6	35	13	2.98	-11.03	4.71	37.42	28.58	118	
6	35	18	3.96	10.04	2.00	4.54	2.17	119	
6	35	23	1.50	-0.74	1.18	-4.81	-3.31	120	
6	35	28	6.08	3.02	3.46	-1.09	0.85	121	
6	35	33	8.97	-8.09	19.19	-23.23	25.15	122	
6	35	38	13.66	12.01	-1.41	10.53	4.86	123	
6	35	43	2.73	1.78	1.90	1.21	1.77	124	
6	39	3	4.32	3.45	1.70	2.47	-0.62	125	
6	39	8	-5.90	-15.61	5.39	-21.29	21.40	126	
6	39	13	10.54	16.61	-1.53	6.83	7.36	127	
6	39	18	1.29	5.08	4.39	-2.33	1.45	128	
6	39	23	0.61	1.52	3.87	0.11	1.31	129	
6	39	28	2.91	3.73	3.00	-1.56	-0.50	130	
6	39	33	2.74	0.59	-0.52	1.10	-0.98	131	
6	39	38	2.57	5.04	4.28	-2.07	0.40	132	
6	39	43	2.70	3.92	4.09	1.15	-1.09	133	
6	43	3	1.83	1.62	2.22	-1.06	-1.08	134	
6	43	8	3.01	3.33	4.77	-0.46	1.06	135	
6	43	13	5.20	2.66	3.68	-1.54	-0.51	136	
6	43	18	3.61	1.35	4.17	1.73	-0.28	137	
6	43	23	3.14	3.51	3.02	1.37	0.00	138	
6	43	28	3.35	3.21	2.72	-2.28	0.13	139	
6	43	33	4.00	1.42	2.41	0.36	-2.55	140	
6	43	38	3.59	0.62	2.86	0.27	-1.17	141	
6	43	43	2.68	2.80	1.20	0.12	-1.56	142	
