143
diam	c	r	EConv0	EConv1	EConv2	OConv0	OConv1
6	3	3	2.87	1.73	5.10	-1.24	-0.09	44	
6	3	8	3.25	3.23	3.52	0.03	-0.14	45	
6	3	13	14.90	34.43	-2.49	-38.80	-37.35	46	
6	3	18	-22.56	-54.82	5.34	16.36	24.41	47	
6	3	23	13.26	32.81	-0.41	23.04	20.46	48	
6	3	28	3.09	1.31	2.81	-0.09	-1.15	49	
6	3	33	1.74	0.72	0.23	0.45	-0.20	50	
6	3	38	3.26	3.32	3.41	-2.01	2.16	51	
6	3	43	-0.83	3.89	-1.77	2.08	-3.95	52	
6	7	3	3.30	3.60	2.67	-1.21	-0.87	53	
6	7	8	15.82	37.86	-2.15	-31.43	-32.81	54	
6	7	13	-29.50	-61.68	4.58	-1.23	-8.85	55	
6	7	18	10.96	34.18	-0.73	21.31	24.37	56	
6	7	23	2.21	4.38	3.86	3.42	1.70	57	
6	7	28	4.30	5.09	5.17	0.18	2.04	58	
6	7	33	1.54	4.01	2.94	-1.50	-0.55	59	
6	7	38	3.56	4.21	3.31	-1.48	-1.25	60	
6	7	43	-18.87	16.60	12.59	-4.41	-38.03	61	
6	11	3	18.43	13.60	-1.21	-17.28	-6.00	62	
6	11	8	-18.14	-68.98	7.20	-6.81	-9.86	63	
6	11	13	5.07	26.12	-7.13	45.48	47.91	64	
6	11	18	1.24	3.06	2.00	-1.39	4.11	65	
6	11	23	2.22	1.87	-0.23	-1.94	-1.19	66	
6	11	28	5.39	2.75	4.80	4.07	-4.07	67	
6	11	33	1.74	2.97	4.82	-2.30	-2.93	68	
6	11	38	12.17	31.65	0.03	-43.24	-54.19	69	
6	11	43	-44.42	-34.65	-9.39	36.47	-11.46	70	
6	15	3	11.69	-1.39	14.72	-11.69	6.72	71	
6	15	8	2.85	37.35	0.79	20.98	41.47	72	
6	15	13	-0.12	1.90	0.95	3.11	1.88	73	
6	15	18	2.03	2.61	2.93	0.10	0.97	74	
6	15	23	2.58	3.24	2.58	-0.72	2.01	75	
6	15	28	5.71	6.11	-0.34	-5.50	-2.50	76	
6	15	33	6.46	23.07	3.75	-25.33	-60.19	77	
6	15	38	-10.07	-35.37	0.49	-9.53	-4.41	78	
6	15	43	8.95	21.56	-0.29	53.94	49.41	79	
6	19	3	4.21	5.08	2.92	-1.76	-2.49	80	
6	19	8	-12.19	23.31	5.62	-14.02	-42.65	81	
6	19	13	2.45	1.66	3.30	1.34	-0.94	82	
6	19	18	3.27	3.57	3.87	2.78	-1.25	83	
6	19	23	2.88	4.74	4.53	-2.80	-1.31	84	
6	19	28	17.43	32.13	9.57	-50.59	-48.33	85	
6	19	33	-7.78	-34.67	0.77	4.99	5.33	86	
6	19	38	16.50	30.66	13.50	37.38	51.50	87	
6	19	43	3.45	7.90	2.06	6.10	4.34	88	
6	23	3	13.03	22.29	1.65	-16.35	-12.67	89	
6	23	8	-40.80	-40.87	-3.65	-2.32	-14.27	90	
6	23	13	7.93	5.64	0.95	6.41	1.19	91	
6	23	18	0.99	2.28	0.02	1.51	-2.27	92	
6	23	23	12.69	29.67	4.49	-44.22	-55.92	93	
6	23	28	-15.71	-46.41	-1.26	6.24	5.03	94	
6	23	33	13.95	40.60	7.01	36.15	49.28	95	
6	23	38	2.35	5.73	0.84	0.26	3.07	96	
6	23	43	3.20	4.43	3.96	3.72	1.21	97	
6	27	3	-13.27	-14.87	-21.82	-71.20	-31.64	98	
6	27	8	-7.27	-8.80	-0.02	63.87	43.37	99	
6	27	13	4.28	5.03	2.83	-0.86	-1.10	100	
6	27	18	8.49	18.31	-3.82	-44.20	-55.71	101	
6	27	23	-14.64	-48.17	-1.84	9.77	15.00	102	
6	27	28	6.56	34.04	2.97	32.10	47.07	103	
6	27	33	2.06	3.35	3.74	1.32	1.73	104	
6	27	38	2.37	12.54	0.05	-9.11	-8.05	105	
6	27	43	3.37	1.59	6.90	3.99	-1.90	106	
6	31	3	-28.77	-55.05	-5.18	-33.94	27.49	107	
6	31	8	30.82	24.76	8.00	36.90	5.64	108	
6	31	13	10.62	28.49	1.76	-43.13	-49.73	109	
6	31	18	-16.33	-42.46	2.12	4.24	6.36	110	
6	31	23	16.55	35.31	0.34	37.77	34.77	111	
6	31	28	5.63	5.41	4.67	3.16	2.39	112	
6	31	33	2.14	1.96	2.40	2.34	0.42	113	
6	31	38	27.92	-2.95	12.30	-35.59	7.93	114	
6	31	43	22.83	2.95	-4.72	28.51	1.71	115	
6	35	3	10.94	18.21	10.70	-1.71	11.40	116	
6	35	8	28.60	34.70	-0.22	-1.46	-30.06	117	
6	35	13	-19.73	-49.22	4.86	2.43	5.17	118	
6	35	18	10.32	35.60	4.11	33.11	51.15	119	
6	35	23	1.84	3.98	1.13	-1.12	2.40	120	
6	35	28	0.18	-0.38	2.01	3.20	-4.63	121	
6	35	33	2.79	3.10	0.73	1.29	1.05	122	
6	35	38	2.43	3.54	5.11	-1.16	1.84	123	
6	35	43	1.92	3.51	2.75	0.98	1.24	124	
6	39	3	7.18	4.02	1.63	-5.21	-0.43	125	
6	39	8	-26.11	-38.18	0.17	-16.95	-16.81	126	
6	39	13	14.99	32.71	5.84	35.78	42.87	127	
6	39	18	1.91	4.87	2.67	3.28	1.69	128	
6	39	23	1.88	1.80	2.66	-1.90	2.15	129	
6	39	28	-3.92	1.95	-3.50	3.01	0.84	130	
6	39	33	3.26	1.02	3.66	-3.31	-3.13	131	
6	39	38	4.23	2.33	3.15	-0.75	-1.49	132	
6	39	43	1.89	2.89	0.98	0.95	-0.14	133	
6	43	3	6.07	0.89	5.48	-4.07	3.13	134	
6	43	8	-11.26	29.17	8.30	16.99	64.16	135	
6	43	13	3.28	4.19	1.30	2.01	1.60	136	
6	43	18	-5.61	-1.71	-2.20	-0.88	-3.17	137	
6	43	23	1.92	2.34	2.47	-1.50	1.15	138	
6	43	28	2.44	1.99	2.31	-2.97	6.27	139	
6	43	33	0.79	3.89	-0.56	1.81	-4.94	140	
6	43	38	-0.48	1.64	2.86	0.93	-3.72	141	
6	43	43	0.84	0.94	1.37	-1.23	-1.88	142	
