143
diam	c	r	EConv0	EConv1	EConv2	OConv0	OConv1
6	3	3	25.89	21.38	5.34	-25.77	-2.54	44	
6	3	8	-12.90	-35.11	14.33	-10.33	28.48	45	
6	3	13	11.83	43.03	-9.78	51.85	-1.68	46	
6	3	18	-16.96	-20.87	0.01	-41.75	-30.81	47	
6	3	23	-3.37	-3.80	-2.33	35.22	25.42	48	
6	3	28	4.52	5.49	1.61	-3.88	2.00	49	
6	3	33	1.84	-0.17	6.84	-3.23	9.03	50	
6	3	38	6.04	8.92	3.85	3.76	-5.78	51	
6	3	43	4.26	2.85	3.50	1.26	0.46	52	
6	7	3	31.92	12.69	7.26	-49.88	-10.05	53	
6	7	8	6.99	14.45	7.85	33.95	-34.60	54	
6	7	13	1.78	-12.29	3.39	-11.96	-29.62	55	
6	7	18	0.98	-19.15	-0.73	19.41	35.21	56	
6	7	23	12.19	15.85	4.59	6.45	10.79	57	
6	7	28	3.84	1.03	3.47	-2.02	-0.71	58	
6	7	33	6.77	13.87	2.65	-4.30	-4.98	59	
6	7	38	-5.61	7.97	-3.17	-18.99	-31.63	60	
6	7	43	21.57	4.87	13.84	7.50	-7.57	61	
6	11	3	29.87	-1.77	17.30	-39.25	17.62	62	
6	11	8	-8.33	-24.86	-31.03	3.63	29.13	63	
6	11	13	5.24	0.95	-6.76	47.06	47.95	64	
6	11	18	3.02	47.26	18.25	-1.06	-38.39	65	
6	11	23	6.83	-0.54	20.44	6.18	-12.73	66	
6	11	28	13.12	21.44	-2.02	-12.78	-5.90	67	
6	11	33	1.43	-10.42	18.27	-8.64	-38.02	68	
6	11	38	1.30	-6.62	-4.48	-23.92	10.63	69	
6	11	43	22.75	1.81	11.24	31.61	-2.13	70	
6	15	3	10.27	3.76	9.63	-4.11	3.11	71	
6	15	8	3.80	20.53	18.33	4.24	38.24	72	
6	15	13	9.37	32.83	8.52	-36.38	-37.98	73	
6	15	18	-11.38	-19.13	-23.04	-29.76	-17.58	74	
6	15	23	3.78	0.49	-6.26	68.77	-50.02	75	
6	15	28	18.99	6.22	18.74	-41.20	-32.04	76	
6	15	33	2.73	-4.54	-8.27	41.91	40.45	77	
6	15	38	-5.63	10.25	1.04	-38.61	-0.22	78	
6	15	43	17.34	12.48	0.85	28.12	8.29	79	
6	19	3	6.36	3.85	3.82	1.29	2.33	80	
6	19	8	15.19	15.06	-0.41	-18.46	-9.89	81	
6	19	13	-19.32	-32.69	2.77	-0.53	22.50	82	
6	19	18	24.82	7.39	17.65	-18.12	71.68	83	
6	19	23	-13.25	9.21	-20.90	-7.05	-18.16	84	
6	19	28	-15.32	-40.86	19.50	40.98	0.27	85	
6	19	33	18.27	31.87	4.69	6.60	10.26	86	
6	19	38	-32.19	-20.96	4.61	-19.02	-15.70	87	
6	19	43	22.11	14.39	6.65	5.24	2.26	88	
6	23	3	5.51	2.48	5.35	3.23	3.80	89	
6	23	8	10.09	10.77	3.02	-42.93	-12.45	90	
6	23	13	2.36	13.93	3.97	33.89	4.30	91	
6	23	18	8.67	13.87	20.67	-29.68	-62.33	92	
6	23	23	-4.01	-15.83	-3.91	-26.11	23.45	93	
6	23	28	3.07	36.07	-14.42	51.04	-42.54	94	
6	23	33	14.18	10.98	20.32	-16.58	-76.53	95	
6	23	38	-16.59	-19.86	4.54	46.89	22.87	96	
6	23	43	1.60	3.01	0.81	-3.66	-1.40	97	
6	27	3	7.21	4.82	4.20	7.35	0.44	98	
6	27	8	-10.38	4.84	-6.51	-64.60	-35.38	99	
6	27	13	22.03	4.03	12.04	-1.04	-50.07	100	
6	27	18	-13.97	-34.15	-9.92	19.79	32.13	101	
6	27	23	16.55	13.50	13.86	-11.24	57.40	102	
6	27	28	-15.73	-10.44	-28.05	-30.45	41.93	103	
6	27	33	-8.05	-39.62	-12.79	25.42	35.99	104	
6	27	38	16.79	25.79	-2.40	37.32	18.07	105	
6	27	43	-0.99	1.35	3.87	-2.82	-1.49	106	
6	31	3	10.42	7.26	6.76	-0.84	-4.30	107	
6	31	8	-28.59	-11.99	-7.42	-71.77	-14.87	108	
6	31	13	5.91	-15.00	1.18	53.80	59.50	109	
6	31	18	0.86	26.57	1.30	12.49	24.00	110	
6	31	23	6.77	6.87	10.89	-1.82	-10.52	111	
6	31	28	-3.19	4.26	24.03	-14.83	31.81	112	
6	31	33	5.58	30.08	6.99	17.46	31.01	113	
6	31	38	4.63	7.08	2.50	-5.07	0.10	114	
6	31	43	6.96	5.05	4.28	-0.82	0.94	115	
6	35	3	6.75	2.73	3.55	5.60	-2.51	116	
6	35	8	-40.29	-20.71	-11.37	-54.38	15.64	117	
6	35	13	36.92	27.03	13.73	47.75	-2.98	118	
6	35	18	-2.48	-1.52	4.43	-8.88	-5.50	119	
6	35	23	1.92	2.09	0.82	-1.18	-1.64	120	
6	35	28	1.66	5.33	4.87	4.16	-3.15	121	
6	35	33	6.11	4.81	6.88	-2.82	-1.97	122	
6	35	38	2.69	3.10	4.87	-2.76	-5.03	123	
6	35	43	6.40	3.77	4.30	-1.52	-1.33	124	
6	39	3	6.17	4.65	3.31	3.79	-3.64	125	
6	39	8	-11.12	-6.60	11.44	-27.38	44.08	126	
6	39	13	20.47	15.35	0.70	19.67	6.54	127	
6	39	18	0.07	3.45	3.79	-0.85	-4.00	128	
6	39	23	4.24	2.27	1.87	-3.12	0.42	129	
6	39	28	2.26	-0.03	1.59	2.05	2.83	130	
6	39	33	4.38	3.18	0.91	0.71	-1.52	131	
6	39	38	-1.57	-0.53	1.62	1.75	-1.55	132	
6	39	43	4.55	3.84	4.37	-0.03	-1.54	133	
6	43	3	3.87	4.22	0.82	-1.77	2.86	134	
6	43	8	1.52	2.13	9.44	1.52	5.87	135	
6	43	13	3.85	2.91	-0.41	-1.73	4.76	136	
6	43	18	1.04	1.13	-0.06	-1.28	7.77	137	
6	43	23	4.56	1.67	6.81	1.71	1.56	138	
6	43	28	4.43	7.35	3.23	1.28	4.27	139	
6	43	33	3.77	3.24	5.49	0.20	4.21	140	
6	43	38	-1.11	2.76	1.16	1.60	4.80	141	
6	43	43	2.31	3.76	2.22	-1.86	-1.97	142	
