143
diam	c	r	EConv0	EConv1	EConv2	OConv0	OConv1
6	3	3	4.03	3.23	3.87	3.03	2.06	44	
6	3	8	12.27	21.39	-6.70	-78.23	-63.04	45	
6	3	13	-5.97	-3.25	-7.27	52.55	-95.51	46	
6	3	18	4.76	-2.64	32.82	23.32	-28.73	47	
6	3	23	3.74	1.82	5.05	-2.41	-0.75	48	
6	3	28	3.79	5.00	5.29	-0.43	0.88	49	
6	3	33	0.68	3.52	0.37	3.34	1.86	50	
6	3	38	1.53	2.20	6.16	-0.18	2.98	51	
6	3	43	1.27	6.79	4.46	-5.34	1.63	52	
6	7	3	4.86	4.57	5.58	-0.52	-3.72	53	
6	7	8	-17.23	-33.52	-15.28	-86.52	28.96	54	
6	7	13	-4.96	-18.98	-35.27	6.20	30.50	55	
6	7	18	-2.18	-18.92	-13.81	91.35	-19.64	56	
6	7	23	1.47	4.03	2.28	-1.81	-0.21	57	
6	7	28	5.34	3.09	5.77	-3.89	4.12	58	
6	7	33	6.91	15.53	2.13	-5.02	-3.30	59	
6	7	38	-2.62	22.07	3.57	-10.98	-44.78	60	
6	7	43	7.35	3.77	23.18	11.83	-18.41	61	
6	11	3	-0.48	2.62	2.11	2.76	2.96	62	
6	11	8	-4.62	-2.73	31.30	-17.40	45.23	63	
6	11	13	-1.66	19.47	19.18	-0.52	81.62	64	
6	11	18	-6.40	26.05	-15.12	28.19	57.82	65	
6	11	23	3.57	3.16	3.51	-3.27	-0.55	66	
6	11	28	4.36	11.16	-2.18	-2.22	-10.23	67	
6	11	33	0.11	-9.44	1.73	-32.57	-40.77	68	
6	11	38	-2.87	-39.55	-27.65	-14.14	15.45	69	
6	11	43	3.55	-3.81	5.66	55.51	-20.31	70	
6	15	3	3.85	3.92	2.42	1.13	-0.81	71	
6	15	8	1.53	4.89	1.73	3.96	-6.11	72	
6	15	13	5.82	3.12	8.77	5.22	-0.89	73	
6	15	18	5.97	17.71	23.05	-0.46	-17.79	74	
6	15	23	-1.27	2.44	6.13	-2.74	0.72	75	
6	15	28	2.56	3.43	3.42	-34.40	-27.15	76	
6	15	33	2.61	-7.95	4.16	20.02	36.18	77	
6	15	38	27.21	35.33	12.65	-19.55	23.66	78	
6	15	43	-14.52	-9.15	-4.73	59.16	11.48	79	
6	19	3	4.57	2.67	4.04	-1.23	0.52	80	
6	19	8	1.28	2.95	-0.51	0.82	0.39	81	
6	19	13	14.55	26.05	-6.82	-26.40	-34.91	82	
6	19	18	-14.38	-20.57	-21.07	-2.59	-74.24	83	
6	19	23	27.22	22.87	19.05	7.68	-75.73	84	
6	19	28	-18.32	-43.17	17.15	48.41	-5.12	85	
6	19	33	14.62	37.89	12.31	-1.76	6.61	86	
6	19	38	-1.58	-3.50	11.95	-53.81	-46.95	87	
6	19	43	12.41	16.07	-5.70	46.28	19.28	88	
6	23	3	4.28	3.89	4.91	2.57	-0.31	89	
6	23	8	16.94	20.09	3.70	-16.62	-5.51	90	
6	23	13	-15.80	-42.76	7.06	-16.47	-9.57	91	
6	23	18	21.75	33.26	-6.47	-34.40	63.44	92	
6	23	23	-8.82	-20.23	-16.26	-6.53	-19.36	93	
6	23	28	13.90	34.26	-9.90	62.65	-54.68	94	
6	23	33	11.32	-12.41	12.55	-20.70	-83.15	95	
6	23	38	-14.63	-34.50	2.66	41.47	28.35	96	
6	23	43	9.56	14.36	2.09	1.32	8.83	97	
6	27	3	6.63	4.31	1.15	0.76	4.36	98	
6	27	8	10.22	7.27	-0.86	-56.09	-28.47	99	
6	27	13	16.26	22.71	7.67	49.92	42.26	100	
6	27	18	7.17	-2.26	9.76	-77.66	-25.02	101	
6	27	23	5.83	-14.54	-12.66	4.79	71.22	102	
6	27	28	-6.86	-25.36	-29.25	0.14	54.01	103	
6	27	33	-4.44	-12.90	-9.89	38.32	66.17	104	
6	27	38	17.12	31.88	2.15	22.56	24.19	105	
6	27	43	7.06	3.21	4.61	-2.35	-1.81	106	
6	31	3	7.17	4.35	5.19	0.38	-3.26	107	
6	31	8	-40.37	-17.41	-8.79	-44.55	-13.46	108	
6	31	13	30.45	25.70	0.19	-1.97	-16.25	109	
6	31	18	-27.33	-39.53	16.06	10.23	13.40	110	
6	31	23	12.47	23.31	21.62	5.18	25.46	111	
6	31	28	4.99	22.89	21.28	1.45	43.64	112	
6	31	33	2.37	19.74	6.73	8.68	18.96	113	
6	31	38	1.29	1.61	1.60	-1.42	1.64	114	
6	31	43	3.44	2.58	3.51	-0.61	3.56	115	
6	35	3	0.58	6.47	3.69	-2.30	-0.23	116	
6	35	8	-29.74	-15.61	-1.50	-29.19	43.37	117	
6	35	13	9.55	0.96	-0.71	-40.81	-20.19	118	
6	35	18	7.19	15.15	-7.96	43.89	23.41	119	
6	35	23	-4.10	1.64	-1.13	-1.50	2.34	120	
6	35	28	3.36	0.17	0.03	-1.04	-5.18	121	
6	35	33	3.35	4.75	4.87	1.51	-1.51	122	
6	35	38	3.06	4.81	4.07	-1.05	-0.73	123	
6	35	43	4.66	4.81	5.49	-1.96	-2.05	124	
6	39	3	3.85	-0.32	3.23	-1.35	13.18	125	
6	39	8	16.35	19.05	9.28	-9.41	10.63	126	
6	39	13	-17.04	-25.97	16.07	12.74	16.60	127	
6	39	18	7.67	11.46	7.53	4.77	10.65	128	
6	39	23	-1.71	-0.71	1.60	1.56	8.51	129	
6	39	28	3.70	2.79	1.93	-5.09	9.38	130	
6	39	33	4.16	-1.58	0.35	0.73	12.13	131	
6	39	38	4.01	4.11	2.45	-2.30	5.37	132	
6	39	43	1.75	1.19	3.97	-1.40	2.36	133	
6	43	3	3.70	23.52	23.16	8.91	-98.96	134	
6	43	8	7.98	10.50	21.99	-28.58	-90.67	135	
6	43	13	1.99	34.73	21.26	48.06	-67.31	136	
6	43	18	1.07	30.36	28.70	2.76	-82.39	137	
6	43	23	-3.15	22.36	20.74	-3.88	-87.05	138	
6	43	28	7.61	25.30	28.03	-0.48	-83.21	139	
6	43	33	12.29	24.77	28.73	7.70	-74.99	140	
6	43	38	10.07	27.55	27.62	-2.01	-68.26	141	
6	43	43	-5.50	20.30	18.33	0.24	-75.33	142	
