143
diam	c	r	EConv0	EConv1	EConv2	OConv0	OConv1
6	3	3	0.83	3.05	5.12	-0.43	-2.63	44	
6	3	8	-37.66	-18.33	-17.03	-112.44	18.02	45	
6	3	13	-3.79	-46.61	4.99	9.73	17.25	46	
6	3	18	24.27	46.60	-4.54	59.85	55.97	47	
6	3	23	0.82	5.24	4.15	4.05	-3.63	48	
6	3	28	-2.19	4.25	6.79	1.77	-2.79	49	
6	3	33	12.38	31.79	2.77	-30.13	-27.58	50	
6	3	38	-26.24	-23.88	-1.35	31.86	-32.23	51	
6	3	43	-3.88	12.81	14.18	18.18	5.34	52	
6	7	3	2.41	2.12	1.72	2.10	-1.00	53	
6	7	8	-1.48	-19.61	28.09	-57.98	46.46	54	
6	7	13	5.18	31.02	-2.02	37.67	62.25	55	
6	7	18	7.42	6.51	8.07	1.38	-0.39	56	
6	7	23	-1.49	24.53	5.55	-7.11	-19.20	57	
6	7	28	7.59	15.23	23.00	1.61	-14.00	58	
6	7	33	-14.71	-31.86	10.39	-38.38	-6.35	59	
6	7	38	-2.99	24.59	-6.22	19.01	44.61	60	
6	7	43	-2.82	-2.81	1.80	20.60	-0.87	61	
6	11	3	2.42	3.70	3.36	0.44	-0.41	62	
6	11	8	2.52	7.05	10.73	-1.20	8.41	63	
6	11	13	-0.35	4.52	5.75	-4.22	4.90	64	
6	11	18	6.61	27.73	-3.91	-22.13	-25.50	65	
6	11	23	-12.71	-42.47	-8.45	-23.62	-37.87	66	
6	11	28	4.26	-10.63	-31.26	22.61	-35.59	67	
6	11	33	-0.51	-6.68	7.59	43.62	25.32	68	
6	11	38	-3.77	3.52	-0.96	-4.78	-3.63	69	
6	11	43	4.72	-0.96	5.58	29.86	-2.22	70	
6	15	3	5.67	3.77	4.40	0.19	2.23	71	
6	15	8	5.12	1.91	4.78	-0.20	-2.43	72	
6	15	13	13.01	19.48	0.04	-6.92	-9.13	73	
6	15	18	-9.26	-42.94	4.64	-27.32	1.43	74	
6	15	23	6.12	19.37	10.90	36.40	57.38	75	
6	15	28	-27.88	7.23	-1.11	-46.92	14.96	76	
6	15	33	19.19	18.60	-0.02	24.54	7.92	77	
6	15	38	-16.82	-1.88	3.43	-25.39	-24.27	78	
6	15	43	7.22	9.22	0.08	31.09	2.72	79	
6	19	3	7.79	5.45	4.92	0.03	-0.63	80	
6	19	8	7.42	11.48	0.07	-3.74	-3.66	81	
6	19	13	-3.04	-16.57	11.14	-15.99	-19.94	82	
6	19	18	6.14	17.47	4.28	15.32	21.56	83	
6	19	23	12.66	18.22	-1.74	-10.33	-12.81	84	
6	19	28	-11.96	-12.40	13.02	9.34	21.82	85	
6	19	33	17.98	36.03	3.04	-29.97	-39.33	86	
6	19	38	-4.18	-18.54	4.97	37.50	24.50	87	
6	19	43	1.10	3.34	3.94	19.69	-0.39	88	
6	23	3	5.06	4.53	4.87	-1.53	-1.98	89	
6	23	8	10.37	15.30	0.69	-39.68	-26.72	90	
6	23	13	4.07	3.67	2.45	39.98	19.48	91	
6	23	18	3.13	6.42	2.03	0.92	-0.37	92	
6	23	23	-0.38	-0.85	4.02	-23.44	-13.33	93	
6	23	28	11.81	30.40	1.12	-15.13	-51.75	94	
6	23	33	-27.18	-60.78	8.51	11.93	-15.53	95	
6	23	38	15.77	24.86	0.77	10.12	14.96	96	
6	23	43	0.91	3.56	2.38	17.14	1.56	97	
6	27	3	5.96	14.42	-0.39	-4.44	-3.63	98	
6	27	8	-20.90	-31.74	11.35	8.19	7.63	99	
6	27	13	12.29	15.49	2.52	6.72	11.09	100	
6	27	18	9.53	17.10	-1.01	-27.32	-24.55	101	
6	27	23	26.22	9.29	-4.05	-23.69	0.64	102	
6	27	28	-11.04	-44.82	4.54	-4.67	6.51	103	
6	27	33	13.98	30.44	-8.75	51.16	42.82	104	
6	27	38	6.26	4.18	2.91	-3.43	0.85	105	
6	27	43	1.69	1.34	4.15	19.25	-1.00	106	
6	31	3	15.11	9.43	1.68	-34.53	-4.83	107	
6	31	8	17.50	25.50	8.27	31.87	19.08	108	
6	31	13	12.93	22.92	7.34	-17.98	-28.34	109	
6	31	18	-14.82	-30.71	10.94	8.34	-4.84	110	
6	31	23	20.05	-0.46	24.33	-25.48	26.69	111	
6	31	28	-4.83	23.76	-4.47	26.44	58.54	112	
6	31	33	7.41	9.99	7.15	3.03	8.59	113	
6	31	38	5.33	2.50	3.87	-3.74	5.65	114	
6	31	43	2.65	3.09	3.21	22.44	1.22	115	
6	35	3	-1.21	2.58	-12.35	-59.61	-13.63	116	
6	35	8	18.73	12.48	2.21	-0.70	-53.60	117	
6	35	13	-4.20	-40.10	1.97	6.81	-11.39	118	
6	35	18	11.73	18.60	-0.77	28.90	24.35	119	
6	35	23	3.80	2.18	3.66	0.90	-0.41	120	
6	35	28	5.20	3.91	3.81	1.82	0.82	121	
6	35	33	6.31	4.95	4.10	1.99	-2.34	122	
6	35	38	7.35	4.16	2.19	-3.10	-1.76	123	
6	35	43	5.32	3.57	2.92	20.41	-0.92	124	
6	39	3	14.96	-5.38	21.24	-44.40	17.42	125	
6	39	8	-2.98	-18.23	-6.68	10.99	50.85	126	
6	39	13	8.94	29.75	1.57	23.49	42.20	127	
6	39	18	6.23	10.08	6.11	1.21	0.84	128	
6	39	23	3.86	3.82	2.85	0.72	1.17	129	
6	39	28	4.61	3.63	3.53	0.67	1.07	130	
6	39	33	3.74	4.06	3.72	-0.01	0.30	131	
6	39	38	8.10	5.58	5.63	-1.70	-1.32	132	
6	39	43	4.83	4.69	6.27	21.39	-4.10	133	
6	43	3	3.76	0.51	9.19	-3.68	3.68	134	
6	43	8	7.24	15.46	6.94	2.09	6.39	135	
6	43	13	3.50	-2.73	5.35	-1.70	-0.94	136	
6	43	18	3.81	3.58	2.24	-2.38	2.11	137	
6	43	23	4.47	4.39	4.38	1.81	-1.01	138	
6	43	28	4.13	4.65	4.77	0.61	-0.80	139	
6	43	33	3.32	3.80	3.60	-0.93	0.26	140	
6	43	38	5.99	4.55	4.14	-3.50	-1.77	141	
6	43	43	4.03	2.63	3.43	24.58	3.88	142	
