143
diam	c	r	EConv0	EConv1	EConv2	OConv0	OConv1
6	3	3	-14.19	36.28	23.29	8.39	-73.31	44	
6	3	8	4.01	-0.35	26.63	8.73	-10.16	45	
6	3	13	1.00	5.31	2.15	-0.36	-0.19	46	
6	3	18	1.80	0.64	2.86	-1.49	-1.84	47	
6	3	23	4.74	2.79	3.04	1.02	3.04	48	
6	3	28	0.84	3.31	0.73	-0.22	-1.06	49	
6	3	33	2.07	5.01	6.25	0.82	-2.17	50	
6	3	38	-15.32	3.17	-3.26	-15.37	-10.56	51	
6	3	43	7.40	6.46	3.43	0.97	-4.22	52	
6	7	3	-24.28	-33.83	-40.38	-19.38	-20.52	53	
6	7	8	4.61	-13.97	-0.08	81.65	-80.17	54	
6	7	13	6.90	-3.90	7.22	7.33	-2.72	55	
6	7	18	1.95	3.45	5.96	3.35	1.49	56	
6	7	23	4.88	6.26	4.00	-1.72	-1.94	57	
6	7	28	5.02	5.64	5.98	-1.99	-3.26	58	
6	7	33	6.30	25.77	2.46	-10.45	-18.24	59	
6	7	38	-23.86	-0.62	5.51	-24.38	-44.80	60	
6	7	43	12.55	-0.87	15.44	9.33	-3.80	61	
6	11	3	4.00	12.62	22.57	-18.25	104.05	62	
6	11	8	-18.28	5.66	-28.47	30.91	92.12	63	
6	11	13	19.07	18.32	2.88	7.36	-1.50	64	
6	11	18	0.10	18.97	11.68	5.09	-25.42	65	
6	11	23	8.95	1.22	14.37	1.62	-3.52	66	
6	11	28	11.38	27.75	5.37	-17.64	-26.84	67	
6	11	33	-7.23	-40.18	-4.12	-20.34	-17.23	68	
6	11	38	-12.07	7.99	-31.07	-46.56	15.97	69	
6	11	43	33.60	6.60	10.65	41.33	2.38	70	
6	15	3	3.59	4.93	5.50	5.13	-2.63	71	
6	15	8	4.20	13.88	10.33	-0.75	-0.07	72	
6	15	13	6.87	19.20	-3.37	-31.40	-29.29	73	
6	15	18	-11.10	-31.29	-37.04	-26.55	-38.58	74	
6	15	23	29.69	13.84	18.35	46.25	-62.18	75	
6	15	28	-19.04	-47.75	5.93	-1.06	-4.01	76	
6	15	33	7.66	21.08	9.16	17.22	37.01	77	
6	15	38	-32.04	-15.60	5.91	-75.14	-12.58	78	
6	15	43	37.87	17.88	4.90	28.80	8.34	79	
6	19	3	6.05	1.73	3.25	-0.90	2.42	80	
6	19	8	9.55	14.54	0.88	-6.24	-5.88	81	
6	19	13	-12.45	-31.78	10.40	-14.00	14.40	82	
6	19	18	41.80	41.95	39.18	-23.59	58.80	83	
6	19	23	-33.06	-8.73	-26.71	14.04	-21.63	84	
6	19	28	24.65	36.53	24.99	41.55	33.34	85	
6	19	33	6.05	20.66	-1.14	-31.31	-23.63	86	
6	19	38	-34.62	-28.96	6.85	11.71	29.64	87	
6	19	43	12.01	8.41	3.61	7.23	-4.44	88	
6	23	3	1.18	2.55	2.68	1.46	-1.72	89	
6	23	8	-3.65	3.04	0.94	-33.02	-21.29	90	
6	23	13	17.84	20.89	3.70	20.29	15.54	91	
6	23	18	10.23	-1.67	7.13	-45.63	-42.84	92	
6	23	23	8.09	-1.33	-17.65	-16.15	76.27	93	
6	23	28	13.26	2.85	-22.87	17.18	-81.53	94	
6	23	33	-4.80	-51.66	14.60	17.09	-13.62	95	
6	23	38	-6.07	15.78	-10.19	4.78	19.97	96	
6	23	43	5.41	3.16	3.69	5.50	0.94	97	
6	27	3	11.31	14.28	-1.43	-12.17	-8.72	98	
6	27	8	-31.70	-40.71	14.62	28.97	-10.43	99	
6	27	13	15.44	33.29	0.54	-49.78	-41.85	100	
6	27	18	-10.50	-34.68	5.22	50.39	28.31	101	
6	27	23	21.07	10.51	26.35	-13.58	15.73	102	
6	27	28	-18.14	-1.22	2.77	-7.05	82.40	103	
6	27	33	2.28	35.91	-7.87	34.62	34.07	104	
6	27	38	-16.96	-1.45	-2.72	-21.80	0.99	105	
6	27	43	7.06	4.58	2.77	1.54	2.72	106	
6	31	3	49.63	27.26	3.42	-58.09	-4.82	107	
6	31	8	33.73	28.08	9.66	83.46	-7.81	108	
6	31	13	-49.63	-62.46	3.38	-12.26	-23.26	109	
6	31	18	23.08	31.98	0.39	24.63	22.20	110	
6	31	23	7.28	9.72	6.88	3.65	-3.67	111	
6	31	28	1.74	5.87	9.28	-3.79	3.10	112	
6	31	33	0.22	-1.79	5.58	1.95	7.89	113	
6	31	38	-18.33	-4.03	-4.38	-23.04	-0.57	114	
6	31	43	8.28	6.42	7.05	2.70	-1.45	115	
6	35	3	48.27	1.65	16.31	-75.75	4.82	116	
6	35	8	36.38	-4.73	-6.96	33.42	-9.58	117	
6	35	13	-0.92	12.08	-10.35	61.06	58.68	118	
6	35	18	4.89	3.17	2.32	-0.31	-3.11	119	
6	35	23	2.24	1.87	3.17	-0.69	-1.11	120	
6	35	28	4.01	1.98	2.41	3.33	-0.38	121	
6	35	33	2.44	3.92	-1.66	-0.60	-2.74	122	
6	35	38	-10.05	0.23	-1.13	-25.20	2.12	123	
6	35	43	6.78	2.21	3.51	2.72	0.26	124	
6	39	3	18.85	-1.53	23.51	-18.83	5.24	125	
6	39	8	-2.74	19.54	-0.79	26.48	56.29	126	
6	39	13	6.47	21.56	7.20	2.44	8.78	127	
6	39	18	3.24	2.69	4.47	0.41	-0.63	128	
6	39	23	2.43	3.20	3.07	0.35	0.85	129	
6	39	28	3.55	2.87	3.57	2.83	0.52	130	
6	39	33	2.94	3.24	4.03	-2.29	1.35	131	
6	39	38	-7.92	2.60	-0.69	-30.16	-4.53	132	
6	39	43	7.95	4.80	5.46	2.99	-0.82	133	
6	43	3	0.65	3.10	3.77	-0.84	3.59	134	
6	43	8	6.08	4.89	5.85	-1.21	-5.11	135	
6	43	13	0.96	-0.78	0.10	2.29	-0.69	136	
6	43	18	3.23	3.97	2.66	1.67	1.76	137	
6	43	23	2.12	3.35	2.90	0.05	0.48	138	
6	43	28	3.34	4.23	3.12	2.06	-0.63	139	
6	43	33	2.34	3.12	3.66	-2.50	-1.17	140	
6	43	38	-8.69	-3.98	-0.29	-32.32	4.97	141	
6	43	43	7.86	4.31	2.90	5.65	1.39	142	
