143
diam	c	r	EConv0	EConv1	EConv2	OConv0	OConv1
6	3	3	5.88	11.06	0.66	-3.89	-3.54	44	
6	3	8	-17.75	-31.59	0.60	-70.94	-52.43	45	
6	3	13	6.99	15.58	-1.58	70.63	70.80	46	
6	3	18	3.72	8.61	2.33	-0.68	3.50	47	
6	3	23	7.47	17.45	2.49	-7.73	-16.27	48	
6	3	28	1.57	-12.84	10.02	-1.19	-14.10	49	
6	3	33	6.69	6.82	-1.56	12.60	9.93	50	
6	3	38	8.24	5.14	4.56	-6.79	4.09	51	
6	3	43	-5.85	-0.89	-1.34	12.25	-2.32	52	
6	7	3	28.98	20.32	5.06	-31.69	-12.78	53	
6	7	8	-17.20	-15.12	9.13	43.90	63.56	54	
6	7	13	9.72	15.03	4.17	12.93	2.58	55	
6	7	18	6.61	8.11	1.91	-7.93	-1.84	56	
6	7	23	-8.67	-22.32	5.43	-11.56	-12.85	57	
6	7	28	8.18	15.85	0.24	21.65	20.80	58	
6	7	33	8.01	11.78	5.06	-5.48	-6.28	59	
6	7	38	-0.47	-1.84	0.10	-11.54	-35.18	60	
6	7	43	1.91	-4.29	15.13	27.69	-2.70	61	
6	11	3	-4.29	1.53	-5.08	-52.84	-15.23	62	
6	11	8	20.36	25.26	2.61	19.39	19.07	63	
6	11	13	0.63	34.88	4.13	-8.54	-25.11	64	
6	11	18	7.87	-9.32	21.36	-8.86	-28.03	65	
6	11	23	3.54	11.63	1.83	21.53	19.42	66	
6	11	28	13.03	8.49	3.25	-2.29	-0.03	67	
6	11	33	2.93	-10.41	1.87	-17.89	-21.35	68	
6	11	38	28.67	20.94	8.44	0.24	32.05	69	
6	11	43	2.66	0.12	4.86	56.73	-9.36	70	
6	15	3	-10.51	-17.28	-4.07	-51.03	16.51	71	
6	15	8	22.38	31.60	5.34	-24.28	-59.30	72	
6	15	13	-20.13	-74.04	0.66	9.74	-7.14	73	
6	15	18	7.90	18.49	-7.05	17.23	27.05	74	
6	15	23	2.81	3.88	-1.10	1.43	3.22	75	
6	15	28	16.15	11.84	8.19	-23.01	-20.93	76	
6	15	33	1.25	-6.77	5.11	34.88	16.53	77	
6	15	38	14.00	14.67	-0.51	-45.20	-32.30	78	
6	15	43	15.84	13.89	3.96	51.52	8.71	79	
6	19	3	4.68	3.63	15.97	-2.92	9.68	80	
6	19	8	-27.41	-34.82	-4.93	-24.46	54.13	81	
6	19	13	8.94	32.28	-4.32	26.63	44.73	82	
6	19	18	4.90	3.29	0.49	-13.19	3.96	83	
6	19	23	16.83	22.78	5.20	-7.79	-5.10	84	
6	19	28	-18.39	-29.29	11.59	13.04	-8.04	85	
6	19	33	16.95	38.48	-5.92	-7.94	-4.28	86	
6	19	38	-43.17	-47.31	14.44	9.13	-29.57	87	
6	19	43	8.28	10.60	3.52	23.40	9.37	88	
6	23	3	4.70	4.72	4.05	-2.68	2.56	89	
6	23	8	6.79	24.74	11.56	0.30	1.37	90	
6	23	13	-5.22	28.60	-1.41	-30.30	-90.06	91	
6	23	18	0.59	11.15	9.25	3.61	-115.65	92	
6	23	23	2.83	-11.79	22.58	-39.04	-88.23	93	
6	23	28	28.22	64.12	24.53	35.71	-31.84	94	
6	23	33	-2.86	-21.99	7.02	-57.20	-86.75	95	
6	23	38	13.94	12.41	-5.66	81.15	55.41	96	
6	23	43	3.20	2.77	1.67	15.61	-5.65	97	
6	27	3	0.07	1.30	2.23	4.00	2.94	98	
6	27	8	1.21	3.50	-18.45	-76.38	-52.74	99	
6	27	13	8.91	-54.03	-16.75	3.33	54.59	100	
6	27	18	-5.97	6.25	-12.74	-12.54	5.05	101	
6	27	23	-3.27	-3.01	-5.26	0.18	5.58	102	
6	27	28	7.15	-16.95	-13.84	-1.25	-28.23	103	
6	27	33	-17.07	-34.30	4.33	60.49	61.22	104	
6	27	38	23.19	27.34	4.12	9.53	9.08	105	
6	27	43	2.03	2.45	2.51	12.93	1.07	106	
6	31	3	12.10	6.40	8.30	6.34	4.62	107	
6	31	8	-46.30	-25.33	21.56	3.31	23.84	108	
6	31	13	13.72	43.05	16.48	13.41	21.84	109	
6	31	18	-32.40	-24.75	24.23	-70.28	20.28	110	
6	31	23	-0.25	-32.19	-46.46	-5.37	54.73	111	
6	31	28	-18.55	-42.13	-17.78	37.06	71.10	112	
6	31	33	17.53	40.09	-0.52	27.92	36.85	113	
6	31	38	10.37	3.53	3.69	-3.52	1.42	114	
6	31	43	1.56	1.31	-0.56	14.23	-0.28	115	
6	35	3	15.37	4.93	-2.65	-6.07	-1.53	116	
6	35	8	-61.91	-23.30	-33.36	29.46	-28.32	117	
6	35	13	14.25	8.72	-2.40	-58.91	-43.38	118	
6	35	18	7.81	20.10	10.15	48.24	51.93	119	
6	35	23	5.07	22.43	35.23	3.08	27.84	120	
6	35	28	-0.46	31.37	12.12	6.16	22.56	121	
6	35	33	2.12	1.30	5.34	-0.43	0.98	122	
6	35	38	5.75	5.10	4.72	-3.13	-1.54	123	
6	35	43	3.63	5.96	4.89	10.04	4.26	124	
6	39	3	7.19	1.24	6.87	-0.02	-2.98	125	
6	39	8	-27.23	12.87	-0.71	9.19	62.78	126	
6	39	13	-25.27	-24.20	6.93	-9.18	28.48	127	
6	39	18	10.28	12.17	5.89	7.29	5.62	128	
6	39	23	3.22	7.23	3.78	4.90	1.62	129	
6	39	28	1.28	4.54	3.74	0.24	1.39	130	
6	39	33	4.98	5.66	3.76	-0.21	-1.41	131	
6	39	38	7.24	4.55	6.27	-3.61	1.34	132	
6	39	43	5.95	3.46	5.15	12.53	4.15	133	
6	43	3	0.45	1.77	1.54	1.64	-2.05	134	
6	43	8	6.44	5.57	1.05	-16.61	-13.80	135	
6	43	13	4.83	7.52	11.15	9.13	8.64	136	
6	43	18	3.64	4.33	3.52	2.14	0.76	137	
6	43	23	3.70	3.44	2.16	1.00	0.73	138	
6	43	28	2.76	2.81	2.26	-0.16	0.86	139	
6	43	33	3.15	3.16	3.65	0.07	0.10	140	
6	43	38	4.86	3.86	4.88	-5.15	-0.15	141	
6	43	43	18.90	31.94	-0.16	-13.20	-19.29	142	
