143
diam	c	r	EConv0	EConv1	EConv2	OConv0	OConv1
6	3	3	9.15	6.52	7.20	0.87	0.00	44	
6	3	8	25.25	-8.42	43.12	-32.38	27.25	45	
6	3	13	-10.65	38.46	14.74	28.90	115.00	46	
6	3	18	10.10	21.58	3.67	2.40	-2.05	47	
6	3	23	4.39	1.31	6.32	-1.87	2.24	48	
6	3	28	7.25	3.61	3.81	-0.83	0.82	49	
6	3	33	38.42	0.16	33.95	-31.43	13.34	50	
6	3	38	-27.90	-10.54	-26.96	16.19	112.10	51	
6	3	43	22.68	8.80	0.90	11.95	1.32	52	
6	7	3	8.16	6.52	4.64	0.92	-1.91	53	
6	7	8	4.95	3.18	-2.17	2.92	-9.06	54	
6	7	13	2.06	-6.71	-3.50	1.38	-8.69	55	
6	7	18	5.15	9.58	4.85	4.35	6.08	56	
6	7	23	6.35	7.94	13.32	-4.74	1.53	57	
6	7	28	3.30	-1.35	-3.89	2.06	-1.36	58	
6	7	33	3.29	2.03	-1.50	5.91	-4.32	59	
6	7	38	2.08	5.06	8.54	1.05	-5.53	60	
6	7	43	5.00	5.83	4.75	-3.96	-7.22	61	
6	11	3	6.09	4.18	5.18	-2.47	2.59	62	
6	11	8	6.04	6.79	6.67	0.95	0.32	63	
6	11	13	3.88	8.47	3.62	3.95	2.30	64	
6	11	18	-1.58	23.34	-4.89	-67.86	-108.38	65	
6	11	23	-15.14	-24.16	11.71	78.35	-97.05	66	
6	11	28	3.30	8.27	1.04	-11.66	0.39	67	
6	11	33	6.40	3.36	4.83	4.52	-0.01	68	
6	11	38	4.72	-2.22	-3.40	1.09	10.56	69	
6	11	43	-0.18	1.91	-0.24	-0.73	4.55	70	
6	15	3	4.99	4.25	5.44	0.13	-0.89	71	
6	15	8	0.24	1.23	3.34	0.99	0.69	72	
6	15	13	37.27	45.68	-2.04	-71.88	-38.52	73	
6	15	18	-2.71	-65.82	-4.50	1.03	46.84	74	
6	15	23	-38.53	5.78	-56.33	29.07	11.50	75	
6	15	28	33.28	2.25	29.06	13.80	1.07	76	
6	15	33	12.47	32.37	6.39	-2.38	3.72	77	
6	15	38	-6.95	44.43	28.48	-15.11	-105.37	78	
6	15	43	26.12	2.53	42.91	10.64	-15.50	79	
6	19	3	4.46	5.38	3.68	-0.02	0.46	80	
6	19	8	4.84	5.66	4.82	4.91	4.64	81	
6	19	13	-39.20	-51.23	11.15	-60.92	-24.04	82	
6	19	18	28.34	55.88	22.46	35.36	56.82	83	
6	19	23	-19.64	19.52	-12.51	-100.16	57.75	84	
6	19	28	51.54	48.12	31.41	35.12	-45.53	85	
6	19	33	-4.24	-43.02	0.41	-58.34	-90.63	86	
6	19	38	-3.15	-35.90	-55.30	-16.67	29.11	87	
6	19	43	33.64	-9.21	19.90	119.59	-30.30	88	
6	23	3	2.32	4.84	3.55	-4.60	-0.03	89	
6	23	8	28.91	17.93	6.94	-6.92	-4.70	90	
6	23	13	-53.89	-28.85	15.41	76.32	4.03	91	
6	23	18	-2.97	-2.21	-2.19	-7.82	-3.05	92	
6	23	23	43.98	14.30	24.85	-105.18	9.41	93	
6	23	28	6.35	-54.24	-11.16	17.71	-28.05	94	
6	23	33	10.97	24.39	12.08	66.21	94.84	95	
6	23	38	46.63	44.44	46.36	-63.17	58.63	96	
6	23	43	-5.05	-0.30	-15.16	121.63	11.83	97	
6	27	3	3.74	0.45	8.56	2.70	5.20	98	
6	27	8	41.61	39.12	20.66	-31.67	-13.09	99	
6	27	13	-47.00	-0.44	-20.88	99.65	-11.72	100	
6	27	18	15.29	36.31	5.03	-19.96	-12.44	101	
6	27	23	5.90	-31.68	23.90	-79.49	-70.86	102	
6	27	28	-18.57	9.96	5.85	103.83	18.23	103	
6	27	33	13.36	41.44	15.90	-0.67	-17.65	104	
6	27	38	6.42	10.15	23.84	-87.54	-87.73	105	
6	27	43	42.32	27.06	-0.53	85.04	35.87	106	
6	31	3	29.59	20.96	4.30	-8.92	-1.91	107	
6	31	8	-14.16	-49.95	0.68	-11.62	-52.28	108	
6	31	13	-4.31	26.01	-24.11	7.60	13.38	109	
6	31	18	1.11	-41.31	8.30	-40.39	-78.11	110	
6	31	23	16.03	-16.44	5.77	51.93	86.83	111	
6	31	28	-24.00	32.82	-50.89	-4.21	-38.75	112	
6	31	33	1.81	-37.95	-14.43	-28.63	-105.86	113	
6	31	38	-30.85	-68.30	6.24	64.29	40.71	114	
6	31	43	26.61	30.50	-0.57	10.71	-1.03	115	
6	35	3	54.52	30.56	3.86	-51.42	-16.27	116	
6	35	8	-0.79	26.28	12.42	36.48	-22.62	117	
6	35	13	-6.27	-19.87	9.07	-21.76	-40.93	118	
6	35	18	-4.21	-5.12	2.81	74.38	91.04	119	
6	35	23	11.67	29.61	7.85	6.86	4.11	120	
6	35	28	-21.91	-37.86	-9.10	-85.62	82.86	121	
6	35	33	-6.66	-33.54	-22.46	28.36	119.82	122	
6	35	38	18.96	62.17	-9.83	45.40	66.62	123	
6	35	43	3.98	0.68	6.57	-5.18	2.12	124	
6	39	3	54.75	1.54	12.65	-89.78	5.75	125	
6	39	8	-7.50	-45.68	-35.19	15.87	27.99	126	
6	39	13	9.49	9.39	3.58	67.18	96.01	127	
6	39	18	14.98	28.72	9.53	0.38	2.17	128	
6	39	23	2.06	2.02	1.15	1.10	-5.05	129	
6	39	28	3.95	8.51	19.47	0.65	3.18	130	
6	39	33	10.18	26.02	16.21	-2.16	3.97	131	
6	39	38	3.99	-6.36	1.60	-2.90	-6.71	132	
6	39	43	5.01	1.05	1.70	4.40	-0.56	133	
6	43	3	18.83	6.08	28.15	-14.52	8.64	134	
6	43	8	-4.00	44.05	18.90	16.18	71.48	135	
6	43	13	4.37	17.94	7.70	-2.82	-15.53	136	
6	43	18	2.76	4.97	-2.87	-6.11	-0.81	137	
6	43	23	7.14	4.98	7.41	1.01	1.69	138	
6	43	28	3.46	3.01	-0.08	2.61	-2.42	139	
6	43	33	5.31	2.02	4.29	-4.13	-1.39	140	
6	43	38	10.63	13.09	-2.87	-3.39	-1.12	141	
6	43	43	-4.13	-2.52	33.05	23.95	-35.25	142	
