143
diam	c	r	EConv0	EConv1	EConv2	OConv0	OConv1
6	3	3	3.12	4.17	3.51	-0.08	-0.14	44	
6	3	8	0.75	1.65	1.60	-0.88	0.51	45	
6	3	13	13.86	19.52	-2.39	-12.16	-11.41	46	
6	3	18	-24.88	-14.75	-20.34	-12.91	-73.90	47	
6	3	23	15.91	-8.52	30.93	32.10	-29.29	48	
6	3	28	3.30	2.99	-1.21	2.28	0.77	49	
6	3	33	4.75	2.58	1.56	-0.70	-0.40	50	
6	3	38	-6.00	32.36	10.77	-14.19	-50.12	51	
6	3	43	10.63	3.84	18.95	8.63	-9.55	52	
6	7	3	2.67	2.47	2.57	-0.65	-0.59	53	
6	7	8	1.53	0.99	3.92	1.09	0.03	54	
6	7	13	17.50	13.06	0.07	-71.38	-34.93	55	
6	7	18	5.16	-2.41	-18.86	-11.59	25.11	56	
6	7	23	-10.35	-2.92	-7.26	80.69	-33.17	57	
6	7	28	3.30	1.35	3.66	-2.34	-1.74	58	
6	7	33	19.54	37.34	-4.88	-58.16	-49.85	59	
6	7	38	-9.82	-33.11	-15.14	-11.30	-20.34	60	
6	7	43	3.26	-10.47	11.61	71.58	-47.69	61	
6	11	3	2.94	3.24	2.57	-1.27	-0.20	62	
6	11	8	7.46	8.22	1.34	0.40	-3.65	63	
6	11	13	-55.10	-53.11	16.58	2.13	-6.12	64	
6	11	18	32.07	20.99	31.86	-50.98	42.26	65	
6	11	23	-29.73	9.02	-27.40	30.27	-16.23	66	
6	11	28	31.51	32.85	17.18	-1.46	-33.40	67	
6	11	33	-35.68	-72.23	13.02	-16.69	-14.23	68	
6	11	38	33.41	15.41	3.45	-20.52	81.75	69	
6	11	43	-45.92	-5.45	-32.09	49.75	-17.62	70	
6	15	3	2.43	2.77	2.45	-1.27	0.23	71	
6	15	8	40.78	33.12	-6.96	-49.55	-20.47	72	
6	15	13	6.35	4.09	-7.50	85.27	34.41	73	
6	15	18	10.13	-3.33	10.72	-10.88	2.98	74	
6	15	23	-26.87	10.73	-24.09	-45.80	19.13	75	
6	15	28	16.16	-23.37	-3.62	-10.66	-47.09	76	
6	15	33	17.63	47.31	13.99	68.18	38.52	77	
6	15	38	16.18	35.06	16.44	-40.37	-67.48	78	
6	15	43	-48.84	-25.60	-2.93	47.50	11.03	79	
6	19	3	1.66	0.86	3.51	0.26	0.94	80	
6	19	8	3.30	2.39	0.55	-94.14	-25.55	81	
6	19	13	30.11	59.44	12.51	15.71	-41.88	82	
6	19	18	6.66	30.15	22.27	-18.23	-78.23	83	
6	19	23	-21.50	-31.67	16.19	-36.94	-25.95	84	
6	19	28	-0.93	1.12	-3.28	4.59	0.39	85	
6	19	33	11.70	-12.34	-21.72	4.40	-55.10	86	
6	19	38	-9.05	-36.38	-1.36	-1.89	-7.93	87	
6	19	43	7.42	17.96	-9.14	67.22	65.78	88	
6	23	3	-0.41	1.47	2.98	5.42	-0.08	89	
6	23	8	-42.42	-14.08	-8.73	-91.73	-18.59	90	
6	23	13	-2.19	-26.86	-9.66	-9.72	-19.81	91	
6	23	18	-3.93	-38.81	-12.46	9.70	17.91	92	
6	23	23	7.55	-1.90	4.35	43.40	89.04	93	
6	23	28	-8.25	-11.50	-25.74	-34.81	69.93	94	
6	23	33	-3.84	-32.58	-20.39	12.40	59.77	95	
6	23	38	2.77	25.27	3.30	48.94	78.77	96	
6	23	43	7.86	9.06	1.84	3.37	2.61	97	
6	27	3	-0.75	1.97	2.31	6.21	1.23	98	
6	27	8	-57.41	-26.33	-4.04	-59.16	-6.59	99	
6	27	13	23.43	19.80	22.28	33.50	90.93	100	
6	27	18	2.49	43.13	18.00	17.67	53.68	101	
6	27	23	3.32	9.16	1.75	0.90	-0.72	102	
6	27	28	1.44	6.06	13.84	-1.86	11.56	103	
6	27	33	2.96	22.39	13.61	0.97	16.19	104	
6	27	38	3.04	3.64	1.31	7.20	0.68	105	
6	27	43	3.43	3.37	1.97	-0.31	-0.69	106	
6	31	3	-0.62	3.36	0.59	3.94	-1.52	107	
6	31	8	-61.52	-7.90	-23.39	-46.48	0.44	108	
6	31	13	33.56	-9.52	16.88	33.19	-16.49	109	
6	31	18	2.63	7.61	5.73	0.72	-3.17	110	
6	31	23	3.03	5.80	2.62	-0.90	-0.29	111	
6	31	28	4.47	0.84	3.69	1.16	-3.21	112	
6	31	33	2.30	5.06	1.95	-4.58	-0.74	113	
6	31	38	2.98	3.91	1.93	3.44	-0.12	114	
6	31	43	3.36	2.58	2.27	-1.05	-0.47	115	
6	35	3	3.37	4.15	2.31	-0.25	-1.13	116	
6	35	8	-21.67	-16.49	9.93	-44.82	70.75	117	
6	35	13	27.64	22.75	-4.10	28.71	5.55	118	
6	35	18	-2.56	0.12	0.23	-2.08	-2.14	119	
6	35	23	3.62	2.89	5.73	1.15	-2.37	120	
6	35	28	1.16	3.22	0.91	0.78	-0.44	121	
6	35	33	1.36	0.49	4.69	-1.74	1.39	122	
6	35	38	4.17	3.73	2.41	1.45	2.77	123	
6	35	43	3.43	2.47	1.74	-3.51	-1.84	124	
6	39	3	4.31	3.30	3.14	-2.75	-0.86	125	
6	39	8	5.50	2.07	9.73	-0.70	3.29	126	
6	39	13	3.89	5.45	4.07	0.61	5.34	127	
6	39	18	2.57	1.18	1.60	-4.07	8.52	128	
6	39	23	3.34	1.35	0.29	4.52	4.13	129	
6	39	28	3.12	0.85	2.02	-2.16	3.53	130	
6	39	33	2.81	2.02	0.92	2.79	3.34	131	
6	39	38	4.03	2.30	1.97	-0.26	1.17	132	
6	39	43	4.94	3.35	5.24	-4.84	1.84	133	
6	43	3	2.46	1.80	3.53	1.18	1.17	134	
6	43	8	2.69	4.31	2.93	0.56	1.40	135	
6	43	13	3.27	3.81	3.33	0.00	0.76	136	
6	43	18	4.37	3.27	4.04	0.48	0.21	137	
6	43	23	2.82	3.21	2.61	0.79	0.42	138	
6	43	28	3.80	3.21	3.65	0.92	0.74	139	
6	43	33	2.98	3.80	3.22	0.22	0.62	140	
6	43	38	3.25	3.01	3.09	-0.07	-0.71	141	
6	43	43	2.58	1.98	3.80	1.22	-0.11	142	
