143
diam	c	r	EConv0	EConv1	EConv2	OConv0	OConv1
6	3	3	1.70	2.86	2.59	-1.78	-0.09	44	
6	3	8	3.04	2.45	3.58	2.95	-0.24	45	
6	3	13	2.40	1.40	2.15	0.19	1.81	46	
6	3	18	4.03	4.43	3.98	-0.75	0.30	47	
6	3	23	11.36	36.59	-6.52	-39.47	-49.29	48	
6	3	28	-28.10	-66.91	3.06	-1.30	0.77	49	
6	3	33	11.88	32.81	0.39	41.29	39.07	50	
6	3	38	1.83	5.66	9.74	4.83	-4.04	51	
6	3	43	-10.37	-8.58	-6.23	5.78	-4.04	52	
6	7	3	2.22	2.75	3.49	-1.31	-0.30	53	
6	7	8	1.12	1.92	1.18	2.53	-0.79	54	
6	7	13	3.12	5.75	3.49	-3.22	-2.13	55	
6	7	18	9.02	33.49	2.42	-33.09	-48.15	56	
6	7	23	-21.53	-60.95	8.21	-13.06	-10.64	57	
6	7	28	6.23	29.96	-7.44	45.87	50.15	58	
6	7	33	11.24	34.09	4.52	-13.84	-16.09	59	
6	7	38	-11.03	-13.77	-20.55	-39.47	-89.11	60	
6	7	43	22.67	-18.01	38.80	61.57	-35.01	61	
6	11	3	2.83	1.67	2.25	2.58	0.90	62	
6	11	8	5.83	9.54	2.80	-1.81	-3.13	63	
6	11	13	15.75	39.65	9.13	-41.69	-60.10	64	
6	11	18	-26.92	-73.60	-2.95	-5.19	-19.39	65	
6	11	23	10.68	27.46	1.80	43.50	52.90	66	
6	11	28	9.81	20.19	1.57	-5.28	-5.79	67	
6	11	33	-6.17	-20.58	4.56	-53.96	-53.04	68	
6	11	38	14.79	-18.31	-13.25	0.14	48.46	69	
6	11	43	24.83	10.86	5.78	112.48	-0.81	70	
6	15	3	10.16	13.88	0.30	-8.58	-7.62	71	
6	15	8	1.74	10.79	-1.69	-40.93	-89.06	72	
6	15	13	-15.75	-63.89	0.37	-3.35	-4.40	73	
6	15	18	17.60	39.72	-0.72	50.37	67.09	74	
6	15	23	6.40	9.76	-1.65	4.62	5.00	75	
6	15	28	5.82	3.69	-1.66	-62.00	-55.07	76	
6	15	33	-6.21	-26.73	3.98	48.19	56.23	77	
6	15	38	42.02	58.34	17.20	-51.59	-11.95	78	
6	15	43	27.16	10.95	-8.57	97.41	13.45	79	
6	19	3	33.08	26.65	-13.76	-78.01	-26.78	80	
6	19	8	-15.18	-47.24	-2.06	19.82	24.47	81	
6	19	13	11.97	50.85	-3.22	38.34	50.38	82	
6	19	18	-4.77	10.33	-4.04	-33.16	-84.09	83	
6	19	23	37.30	21.17	27.38	-0.42	-80.84	84	
6	19	28	-26.43	-42.52	16.12	34.90	20.10	85	
6	19	33	11.56	58.21	6.29	-14.98	-33.00	86	
6	19	38	-30.00	-59.19	11.29	-10.50	-30.49	87	
6	19	43	21.33	29.32	7.10	29.05	3.36	88	
6	23	3	10.22	-28.22	23.98	-54.65	32.79	89	
6	23	8	17.31	47.31	-0.76	31.41	50.90	90	
6	23	13	1.71	-13.48	4.94	-55.01	-59.54	91	
6	23	18	3.82	-14.70	-9.82	-4.34	16.23	92	
6	23	23	0.86	-7.10	-7.45	-3.42	-2.73	93	
6	23	28	7.91	11.13	-23.79	20.51	-32.69	94	
6	23	33	-11.40	-49.28	-3.93	-4.75	-18.44	95	
6	23	38	9.88	20.41	3.72	51.43	65.92	96	
6	23	43	-1.12	12.49	-5.32	7.93	18.07	97	
6	27	3	3.66	6.60	5.81	1.61	5.31	98	
6	27	8	19.87	28.45	-4.33	-70.75	-41.96	99	
6	27	13	-8.93	-36.21	9.19	43.75	45.68	100	
6	27	18	13.94	35.88	12.10	-56.43	13.18	101	
6	27	23	3.94	-23.44	-16.68	4.87	48.93	102	
6	27	28	0.49	-24.17	-6.47	13.40	49.89	103	
6	27	33	1.28	26.77	9.59	46.58	71.73	104	
6	27	38	2.37	12.85	0.53	-0.64	5.56	105	
6	27	43	-7.36	-12.43	-3.59	15.29	-5.42	106	
6	31	3	0.79	2.87	0.64	2.11	-1.62	107	
6	31	8	-51.83	-32.39	1.04	-75.59	-26.65	108	
6	31	13	40.28	47.08	-2.65	28.98	22.61	109	
6	31	18	-42.92	-53.64	16.08	3.41	0.21	110	
6	31	23	19.31	30.43	20.25	11.41	30.52	111	
6	31	28	0.98	20.29	10.10	5.05	27.72	112	
6	31	33	-0.04	27.56	2.63	-12.16	-17.04	113	
6	31	38	4.83	-0.93	23.37	12.76	-17.51	114	
6	31	43	1.98	10.95	14.88	5.00	-3.41	115	
6	35	3	13.77	9.39	5.88	-7.43	-2.41	116	
6	35	8	-59.42	-21.61	-14.19	-22.13	-11.62	117	
6	35	13	38.45	16.18	12.09	-56.15	-52.76	118	
6	35	18	17.92	14.94	-5.00	68.27	41.75	119	
6	35	23	4.64	3.04	4.21	0.93	0.04	120	
6	35	28	6.40	6.31	-0.10	-0.38	-3.48	121	
6	35	33	-17.98	-18.46	-12.70	-61.23	-48.16	122	
6	35	38	-12.64	-2.01	-20.84	56.03	-60.37	123	
6	35	43	2.01	2.40	2.30	15.47	5.16	124	
6	39	3	4.39	1.27	6.99	-3.97	2.98	125	
6	39	8	-18.01	-0.95	6.88	-30.91	91.15	126	
6	39	13	-39.86	-39.72	3.74	16.37	18.86	127	
6	39	18	18.63	23.38	1.60	2.24	4.06	128	
6	39	23	6.23	-2.72	15.38	13.78	-9.89	129	
6	39	28	22.21	8.98	4.33	-14.80	-5.36	130	
6	39	33	-36.21	-32.94	-0.02	10.90	5.10	131	
6	39	38	7.80	24.63	-23.92	-46.12	50.91	132	
6	39	43	32.75	-9.08	10.53	59.99	-15.30	133	
6	43	3	2.88	3.69	1.18	-0.80	-1.24	134	
6	43	8	10.83	1.64	7.39	-8.63	0.36	135	
6	43	13	-7.37	18.67	-4.99	26.20	38.11	136	
6	43	18	26.47	33.78	0.10	-56.40	-41.80	137	
6	43	23	43.04	3.02	14.52	64.57	-4.03	138	
6	43	28	11.62	1.97	10.01	-6.59	1.43	139	
6	43	33	-16.14	22.08	-1.85	18.55	65.35	140	
6	43	38	-9.28	-16.53	23.07	-57.92	-28.08	141	
6	43	43	24.45	24.35	8.30	35.59	7.12	142	
