143
diam	c	r	EConv0	EConv1	EConv2	OConv0	OConv1
6	3	3	3.69	3.24	2.90	-0.72	-1.07	44	
6	3	8	3.98	2.90	3.69	0.74	1.11	45	
6	3	13	16.87	-5.70	13.60	-25.40	6.24	46	
6	3	18	16.44	35.89	-1.74	27.65	26.81	47	
6	3	23	3.69	1.45	2.84	0.87	-1.73	48	
6	3	28	4.47	3.06	3.31	0.31	-1.30	49	
6	3	33	2.79	3.71	1.92	-0.99	-0.91	50	
6	3	38	4.39	4.57	0.52	-1.80	1.33	51	
6	3	43	4.49	2.94	5.00	-1.32	-0.56	52	
6	7	3	2.33	1.99	2.63	-0.96	0.40	53	
6	7	8	3.99	4.03	2.79	0.33	0.36	54	
6	7	13	3.04	3.74	5.81	-0.94	3.31	55	
6	7	18	1.87	2.17	2.84	1.19	-1.76	56	
6	7	23	2.63	3.57	3.32	2.54	-2.81	57	
6	7	28	3.06	1.90	3.20	0.99	-1.71	58	
6	7	33	7.72	24.87	3.12	-10.69	-12.35	59	
6	7	38	-11.91	21.33	27.70	2.78	-79.26	60	
6	7	43	4.79	2.70	10.57	-3.27	-1.55	61	
6	11	3	2.99	3.45	2.93	-0.12	-0.09	62	
6	11	8	3.37	2.75	3.95	0.23	0.57	63	
6	11	13	5.57	8.55	2.34	-3.43	1.21	64	
6	11	18	5.10	3.94	13.79	-0.10	-4.74	65	
6	11	23	3.08	4.55	2.09	-2.61	-0.57	66	
6	11	28	10.93	21.66	3.28	-6.88	-11.43	67	
6	11	33	-11.90	-45.53	1.41	-47.47	-56.54	68	
6	11	38	-5.73	-14.65	-41.12	-8.55	13.54	69	
6	11	43	46.06	-6.34	31.98	58.07	-19.33	70	
6	15	3	2.92	2.38	3.45	-0.05	0.38	71	
6	15	8	4.27	4.83	1.82	-0.58	-0.71	72	
6	15	13	-0.10	11.35	-8.23	-67.01	-80.62	73	
6	15	18	-6.49	-8.24	0.88	61.11	-81.00	74	
6	15	23	7.19	3.61	5.91	0.11	2.89	75	
6	15	28	-4.05	-15.33	7.67	-58.29	-54.87	76	
6	15	33	9.69	28.87	7.33	46.33	68.40	77	
6	15	38	33.40	23.15	29.22	-69.52	51.51	78	
6	15	43	36.60	5.22	11.02	102.78	-9.29	79	
6	19	3	3.95	3.83	3.45	0.74	-0.11	80	
6	19	8	26.78	25.16	-0.63	-28.69	-15.42	81	
6	19	13	-4.54	-38.39	-22.56	-31.50	50.97	82	
6	19	18	-10.01	3.21	-15.21	7.65	-5.93	83	
6	19	23	50.52	24.60	29.52	4.50	-82.03	84	
6	19	28	-11.23	-16.00	-2.65	56.90	59.08	85	
6	19	33	4.01	3.93	4.49	2.09	-1.43	86	
6	19	38	50.84	13.01	18.96	-35.87	2.44	87	
6	19	43	38.03	18.96	0.66	90.92	16.47	88	
6	23	3	2.45	2.98	2.82	0.06	-0.66	89	
6	23	8	-13.82	-16.58	7.56	-33.97	-6.97	90	
6	23	13	14.80	14.52	25.38	-1.72	20.25	91	
6	23	18	-17.94	20.78	-35.49	-69.66	56.53	92	
6	23	23	-14.31	-0.99	-12.66	15.44	-8.44	93	
6	23	28	30.60	23.82	53.36	31.83	-31.09	94	
6	23	33	4.10	5.68	5.91	1.60	4.20	95	
6	23	38	35.35	29.02	10.88	-54.00	-23.67	96	
6	23	43	41.53	23.41	0.18	42.12	7.61	97	
6	27	3	2.50	4.18	2.74	-1.23	0.59	98	
6	27	8	-28.34	-17.87	7.70	22.48	3.69	99	
6	27	13	1.33	3.78	1.06	-2.81	-0.56	100	
6	27	18	-9.01	-23.15	29.42	-86.17	-27.85	101	
6	27	23	-3.43	-3.21	-32.26	-15.77	24.89	102	
6	27	28	-3.95	-4.34	-44.05	23.83	-48.86	103	
6	27	33	7.00	-0.79	-6.56	6.07	-101.94	104	
6	27	38	-28.23	-70.35	10.41	15.91	-18.35	105	
6	27	43	11.33	12.60	2.67	5.75	3.15	106	
6	31	3	7.71	2.58	4.70	-3.22	1.75	107	
6	31	8	-2.57	6.42	-13.57	34.00	14.85	108	
6	31	13	24.02	29.51	-3.49	-35.93	-20.69	109	
6	31	18	-6.51	-11.68	8.88	56.78	51.60	110	
6	31	23	17.28	13.25	50.44	-36.60	56.35	111	
6	31	28	-5.00	-18.17	-32.35	-21.93	76.21	112	
6	31	33	-11.92	-40.03	-20.27	20.38	70.88	113	
6	31	38	18.99	44.30	-3.30	42.05	44.79	114	
6	31	43	4.44	3.13	5.08	-0.97	2.46	115	
6	35	3	4.17	3.35	3.08	-0.51	-1.23	116	
6	35	8	5.70	9.61	2.64	1.69	2.63	117	
6	35	13	-33.43	-42.93	10.29	-21.68	-9.25	118	
6	35	18	11.78	18.00	-1.84	10.67	9.45	119	
6	35	23	4.46	1.79	0.33	-0.34	3.54	120	
6	35	28	3.51	12.94	19.66	-1.26	12.42	121	
6	35	33	0.81	21.80	15.18	3.86	17.68	122	
6	35	38	4.19	1.83	4.23	-0.27	1.01	123	
6	35	43	4.96	4.82	4.04	-1.31	-0.56	124	
6	39	3	5.14	3.88	4.03	0.20	-0.25	125	
6	39	8	27.19	17.63	-2.11	-29.26	-14.64	126	
6	39	13	13.30	14.48	3.67	42.03	29.46	127	
6	39	18	3.02	2.45	2.45	2.09	0.73	128	
6	39	23	3.58	2.05	3.57	1.21	1.50	129	
6	39	28	1.54	3.65	2.08	-0.41	2.81	130	
6	39	33	3.86	3.36	2.60	1.18	-0.29	131	
6	39	38	2.73	3.21	2.35	-1.41	-1.95	132	
6	39	43	2.67	2.45	2.64	-0.91	0.35	133	
6	43	3	3.33	2.98	2.95	-0.38	-0.22	134	
6	43	8	3.50	-4.05	15.38	-18.92	12.88	135	
6	43	13	7.41	11.19	0.38	6.56	4.24	136	
6	43	18	1.87	2.78	2.54	0.24	0.78	137	
6	43	23	1.75	3.53	1.80	0.87	-0.13	138	
6	43	28	0.96	2.24	2.73	-1.62	0.07	139	
6	43	33	2.62	2.86	2.45	-0.56	-0.31	140	
6	43	38	2.91	2.57	3.19	-0.06	0.51	141	
6	43	43	5.31	5.20	3.84	-0.31	0.56	142	
