143
diam	c	r	EConv0	EConv1	EConv2	OConv0	OConv1
6	3	3	3.28	3.08	3.22	-0.49	-1.69	44	
6	3	8	12.11	-0.11	13.33	-7.43	3.37	45	
6	3	13	-4.66	2.94	-15.22	-47.26	94.98	46	
6	3	18	15.67	-66.07	-65.05	-9.25	-51.78	47	
6	3	23	-11.36	-5.33	-10.24	69.34	101.80	48	
6	3	28	6.00	6.85	4.29	0.48	0.92	49	
6	3	33	3.37	1.35	3.41	-0.51	2.18	50	
6	3	38	19.06	-9.41	35.87	-32.35	25.54	51	
6	3	43	-33.70	-3.49	-35.53	28.43	112.22	52	
6	7	3	3.76	4.40	4.22	0.76	-0.80	53	
6	7	8	2.58	1.16	1.30	-1.67	1.26	54	
6	7	13	3.84	4.28	7.10	-2.11	4.75	55	
6	7	18	0.82	27.52	30.61	-1.70	29.65	56	
6	7	23	6.49	7.14	3.00	2.36	-0.30	57	
6	7	28	2.88	1.28	2.96	-0.37	-0.22	58	
6	7	33	-7.46	41.73	-8.26	-60.97	-105.96	59	
6	7	38	-7.85	-12.51	29.98	50.29	-101.74	60	
6	7	43	6.89	1.58	4.86	3.49	-2.08	61	
6	11	3	3.81	3.76	4.84	1.91	0.34	62	
6	11	8	3.91	4.09	3.54	0.80	0.21	63	
6	11	13	3.53	3.33	3.37	-2.43	-0.44	64	
6	11	18	3.60	3.76	2.64	-1.61	0.08	65	
6	11	23	3.17	2.74	3.43	0.63	-0.08	66	
6	11	28	44.61	58.49	-9.74	-54.51	-38.48	67	
6	11	33	-43.92	-76.83	22.63	53.74	38.47	68	
6	11	38	-18.56	41.71	-54.19	-74.93	53.42	69	
6	11	43	41.87	-6.86	42.46	45.49	-22.22	70	
6	15	3	3.12	4.88	4.40	2.71	-0.40	71	
6	15	8	3.59	3.16	2.81	-1.73	0.64	72	
6	15	13	4.10	3.32	4.11	-1.76	0.12	73	
6	15	18	4.32	4.06	4.48	-1.96	0.72	74	
6	15	23	1.91	2.53	2.98	2.65	-0.97	75	
6	15	28	-30.53	-29.65	4.39	-111.27	-52.89	76	
6	15	33	35.41	46.71	-12.61	82.47	60.48	77	
6	15	38	46.05	19.91	23.21	-121.70	7.15	78	
6	15	43	57.72	9.57	10.64	110.33	-0.03	79	
6	19	3	3.17	4.92	3.87	1.02	0.04	80	
6	19	8	2.78	3.07	2.34	-1.51	-2.12	81	
6	19	13	9.63	25.35	9.66	-5.49	-11.12	82	
6	19	18	-1.41	40.40	44.26	-1.92	-66.19	83	
6	19	23	42.38	46.58	10.34	-25.18	-25.76	84	
6	19	28	-60.45	-81.71	15.36	51.00	36.66	85	
6	19	33	15.10	31.88	4.51	-5.37	-10.24	86	
6	19	38	-20.05	-45.50	28.28	-84.35	-62.79	87	
6	19	43	42.83	44.30	-2.12	47.69	24.76	88	
6	23	3	3.64	4.23	3.54	-0.78	-0.07	89	
6	23	8	2.47	2.12	4.56	3.60	3.40	90	
6	23	13	-44.77	-64.60	-13.99	-71.12	-66.32	91	
6	23	18	15.57	-31.14	-40.81	-2.07	105.32	92	
6	23	23	6.10	-36.37	-47.87	-32.71	-50.84	93	
6	23	28	30.51	72.75	-5.71	65.04	-63.00	94	
6	23	33	-9.34	-99.97	-23.27	-21.52	-54.27	95	
6	23	38	7.85	33.19	3.66	61.26	102.16	96	
6	23	43	4.02	5.88	1.20	2.11	0.98	97	
6	27	3	2.19	2.24	3.39	-0.85	0.83	98	
6	27	8	43.40	31.37	-0.10	-31.57	-13.98	99	
6	27	13	-32.84	-27.60	15.42	108.11	37.08	100	
6	27	18	24.11	35.23	1.30	-18.63	-13.32	101	
6	27	23	-63.42	-80.63	27.02	23.83	22.89	102	
6	27	28	5.35	55.63	48.00	3.78	103.90	103	
6	27	33	7.22	57.76	22.07	16.31	48.55	104	
6	27	38	3.28	1.28	3.04	1.44	0.74	105	
6	27	43	2.85	3.55	3.71	0.56	-3.21	106	
6	31	3	2.22	3.66	1.72	0.65	0.42	107	
6	31	8	67.90	19.55	12.61	-78.79	-3.49	108	
6	31	13	45.07	20.58	16.25	123.13	11.18	109	
6	31	18	-5.28	-8.32	-1.71	-107.26	-74.87	110	
6	31	23	35.76	48.17	-6.74	91.01	68.09	111	
6	31	28	1.70	2.70	2.08	1.51	1.52	112	
6	31	33	2.75	1.89	2.95	-0.17	0.81	113	
6	31	38	3.57	2.20	2.45	1.80	0.45	114	
6	31	43	2.03	2.12	1.19	-2.96	2.22	115	
6	35	3	3.84	3.26	3.22	-1.56	0.58	116	
6	35	8	46.37	-8.73	31.18	-51.89	16.33	117	
6	35	13	9.85	37.99	-74.89	36.46	-64.64	118	
6	35	18	-37.25	-75.24	-8.77	12.11	25.10	119	
6	35	23	23.67	13.32	6.62	12.93	1.27	120	
6	35	28	3.51	3.13	2.04	0.20	1.77	121	
6	35	33	2.83	4.15	2.39	0.34	1.77	122	
6	35	38	2.44	2.38	1.59	0.28	-0.75	123	
6	35	43	2.84	1.48	2.76	0.16	-0.12	124	
6	39	3	3.39	2.43	2.53	-0.40	-0.18	125	
6	39	8	19.75	17.26	0.19	-11.89	-3.70	126	
6	39	13	-49.94	-95.79	-0.61	-5.95	47.27	127	
6	39	18	16.46	58.12	13.84	28.27	46.27	128	
6	39	23	2.26	2.75	1.70	-0.58	-1.68	129	
6	39	28	3.16	2.31	3.18	0.60	-1.44	130	
6	39	33	2.89	2.93	3.25	-0.22	-1.20	131	
6	39	38	3.24	3.58	3.13	-0.01	0.75	132	
6	39	43	3.44	4.08	3.51	-0.06	-0.11	133	
6	43	3	3.12	3.55	4.12	0.13	-0.74	134	
6	43	8	6.64	1.02	10.47	-4.58	3.46	135	
6	43	13	6.60	27.85	11.06	3.80	16.86	136	
6	43	18	3.25	3.65	2.59	1.11	-1.30	137	
6	43	23	4.29	4.92	2.08	-2.28	0.53	138	
6	43	28	4.03	2.77	5.47	2.08	-0.11	139	
6	43	33	3.01	2.98	4.49	1.30	0.43	140	
6	43	38	4.04	4.39	3.52	-1.15	-0.56	141	
6	43	43	2.78	2.43	3.33	0.74	0.21	142	
