143
diam	c	r	EConv0	EConv1	EConv2	OConv0	OConv1
6	3	3	-14.08	-10.32	-1.94	-112.69	-21.18	44	
6	3	8	37.43	33.30	19.86	111.01	-1.98	45	
6	3	13	-40.81	-58.49	18.15	-50.05	-37.92	46	
6	3	18	27.84	39.48	-5.04	38.83	26.62	47	
6	3	23	3.66	2.33	3.56	1.16	2.46	48	
6	3	28	3.63	4.12	2.21	-2.82	-0.79	49	
6	3	33	5.83	3.77	5.77	-2.05	1.65	50	
6	3	38	5.64	14.18	8.67	-0.74	-2.17	51	
6	3	43	1.60	6.13	8.63	-1.84	-2.03	52	
6	7	3	-47.20	-42.43	12.39	-54.94	11.21	53	
6	7	8	2.22	-17.34	-64.40	16.18	-31.01	54	
6	7	13	-4.38	-6.40	-9.36	82.98	65.87	55	
6	7	18	7.49	4.78	5.04	-1.27	-1.02	56	
6	7	23	3.84	3.39	2.06	2.63	-1.22	57	
6	7	28	1.75	1.82	3.83	-1.12	-0.17	58	
6	7	33	18.14	30.24	-0.98	-22.36	-19.11	59	
6	7	38	-47.18	-39.22	-23.29	-6.82	-97.41	60	
6	7	43	15.37	-1.08	10.15	-5.35	3.23	61	
6	11	3	-70.21	6.01	-22.45	5.87	-20.88	62	
6	11	8	1.56	30.77	54.02	11.96	59.82	63	
6	11	13	10.27	22.99	0.33	4.86	2.20	64	
6	11	18	6.77	8.81	23.90	5.48	-1.13	65	
6	11	23	1.88	2.14	3.34	-1.25	-0.67	66	
6	11	28	5.60	7.57	2.65	-6.67	-2.81	67	
6	11	33	-11.41	-38.02	8.39	-60.32	-45.68	68	
6	11	38	-52.13	-25.17	-8.63	46.67	41.04	69	
6	11	43	12.13	12.84	-2.64	-5.30	0.10	70	
6	15	3	-33.85	-23.31	2.76	-19.54	88.09	71	
6	15	8	11.99	14.92	0.29	7.11	5.75	72	
6	15	13	23.72	33.65	-14.82	-75.89	-45.96	73	
6	15	18	-11.55	-20.25	-45.05	33.65	-91.11	74	
6	15	23	22.83	-4.82	38.41	30.13	-23.44	75	
6	15	28	18.24	34.75	0.98	-64.39	-62.58	76	
6	15	33	29.29	16.77	-6.59	51.98	36.18	77	
6	15	38	-13.04	-12.08	8.13	88.26	30.17	78	
6	15	43	2.75	5.42	9.21	-0.31	2.87	79	
6	19	3	5.39	2.10	-2.39	2.40	-4.38	80	
6	19	8	1.27	4.30	1.93	-0.19	-0.24	81	
6	19	13	-64.87	-63.17	13.60	-50.51	-12.67	82	
6	19	18	29.87	24.71	15.65	-39.11	110.98	83	
6	19	23	7.89	25.21	-40.02	56.17	-74.42	84	
6	19	28	-39.10	-87.41	4.26	39.13	38.37	85	
6	19	33	17.25	26.12	8.21	-80.86	-37.49	86	
6	19	38	40.06	37.45	-5.37	57.58	26.45	87	
6	19	43	2.20	-4.08	-3.93	-14.12	0.84	88	
6	23	3	5.22	4.54	3.77	-1.38	-1.14	89	
6	23	8	23.08	17.99	0.40	-19.23	-5.19	90	
6	23	13	-46.03	-30.05	0.42	76.29	26.41	91	
6	23	18	24.34	35.26	3.76	-30.46	-31.45	92	
6	23	23	-21.88	-21.72	-12.20	-27.17	14.64	93	
6	23	28	52.88	75.95	31.87	40.35	-70.96	94	
6	23	33	-41.62	-63.58	11.98	39.63	26.67	95	
6	23	38	5.81	10.74	2.40	2.70	2.57	96	
6	23	43	2.86	10.79	5.30	-4.47	-8.50	97	
6	27	3	2.72	1.03	2.43	-3.66	-2.88	98	
6	27	8	48.03	29.94	5.52	-62.14	-18.57	99	
6	27	13	48.15	70.63	4.57	52.74	-1.26	100	
6	27	18	-31.85	-85.23	7.07	-20.28	-31.39	101	
6	27	23	46.23	33.49	40.78	-6.37	75.42	102	
6	27	28	-26.73	-40.40	-45.10	7.34	86.55	103	
6	27	33	23.39	44.67	-4.97	32.34	37.20	104	
6	27	38	2.75	3.33	3.60	0.68	0.95	105	
6	27	43	-0.50	-3.29	8.37	-4.83	13.87	106	
6	31	3	6.06	4.49	4.60	-1.79	2.54	107	
6	31	8	15.32	12.47	-2.60	-108.70	-34.53	108	
6	31	13	3.92	-67.14	-3.61	0.73	-29.31	109	
6	31	18	21.79	40.13	0.91	56.10	56.32	110	
6	31	23	4.11	8.26	1.84	2.23	-0.58	111	
6	31	28	2.58	16.02	19.87	-3.06	4.93	112	
6	31	33	5.76	4.89	5.30	-2.13	0.84	113	
6	31	38	3.58	1.66	3.60	4.68	0.80	114	
6	31	43	15.51	29.57	-15.33	-33.30	-27.55	115	
6	35	3	2.50	1.67	3.66	1.44	-0.02	116	
6	35	8	-44.74	-29.49	-1.45	-101.03	-16.41	117	
6	35	13	19.48	37.22	5.10	76.08	67.17	118	
6	35	18	1.01	6.25	1.24	0.31	1.97	119	
6	35	23	1.29	3.21	3.46	2.38	1.80	120	
6	35	28	2.91	0.74	3.48	-0.24	1.26	121	
6	35	33	3.68	2.25	2.61	-0.63	0.40	122	
6	35	38	10.36	11.88	0.10	-3.39	-4.65	123	
6	35	43	-4.81	-12.15	8.28	-80.02	-73.33	124	
6	39	3	3.82	4.19	3.43	0.77	-1.20	125	
6	39	8	-55.61	-35.49	-2.74	-9.22	67.43	126	
6	39	13	8.81	11.54	2.02	5.84	2.69	127	
6	39	18	3.06	3.26	3.78	-0.21	0.03	128	
6	39	23	2.87	2.81	2.59	-0.19	-1.15	129	
6	39	28	3.52	3.35	3.18	-0.58	-1.56	130	
6	39	33	3.87	2.91	3.70	-2.24	0.01	131	
6	39	38	19.99	39.82	-4.15	-73.86	-65.64	132	
6	39	43	-30.54	-66.38	8.83	44.01	46.79	133	
6	43	3	3.04	2.65	3.00	2.00	-1.17	134	
6	43	8	2.56	9.30	7.00	-1.18	7.67	135	
6	43	13	4.09	4.29	0.70	1.38	3.12	136	
6	43	18	2.20	1.55	2.70	0.23	-1.44	137	
6	43	23	5.09	16.79	4.10	2.17	-3.36	138	
6	43	28	4.01	7.40	29.56	6.30	-16.12	139	
6	43	33	20.30	42.01	-6.96	-37.43	-32.68	140	
6	43	38	-36.23	-74.74	13.19	-16.03	-10.97	141	
6	43	43	21.27	54.75	-13.67	45.97	36.30	142	
