143
diam	c	r	EConv0	EConv1	EConv2	OConv0	OConv1
6	3	3	3.56	3.57	4.49	-0.79	0.44	44	
6	3	8	3.59	3.63	2.64	-0.82	1.49	45	
6	3	13	2.55	7.38	-0.51	2.78	-5.19	46	
6	3	18	2.74	1.67	6.83	-3.82	-3.14	47	
6	3	23	3.45	1.89	2.04	-0.13	-0.11	48	
6	3	28	-66.96	-62.79	6.69	-57.11	-30.42	49	
6	3	33	17.11	27.03	0.85	11.15	7.67	50	
6	3	38	2.91	3.74	5.30	1.14	-0.91	51	
6	3	43	4.72	3.57	2.89	-1.21	-0.60	52	
6	7	3	3.90	4.05	4.42	2.13	-1.29	53	
6	7	8	4.02	4.16	2.90	-0.55	0.73	54	
6	7	13	1.58	4.21	3.85	0.22	1.22	55	
6	7	18	2.37	3.95	2.28	-2.05	2.84	56	
6	7	23	23.40	14.83	0.66	-20.27	-14.62	57	
6	7	28	-29.69	-23.74	-6.68	75.89	38.70	58	
6	7	33	5.55	-1.13	0.48	1.94	-10.58	59	
6	7	38	-4.54	25.45	9.53	0.46	-37.72	60	
6	7	43	6.81	4.01	8.45	4.62	-8.62	61	
6	11	3	4.75	4.18	3.97	1.52	2.30	62	
6	11	8	2.87	2.69	3.56	-1.41	-0.49	63	
6	11	13	1.86	2.69	3.74	0.31	3.96	64	
6	11	18	4.14	5.10	0.78	-7.02	-5.12	65	
6	11	23	7.35	-5.03	8.89	-9.95	-3.38	66	
6	11	28	9.91	21.03	-4.83	15.67	20.86	67	
6	11	33	22.43	47.97	-7.64	-34.82	-38.57	68	
6	11	38	-27.45	-44.46	-21.92	-29.79	-75.51	69	
6	11	43	50.59	-0.86	28.60	41.42	-8.31	70	
6	15	3	2.69	2.29	2.08	1.26	0.38	71	
6	15	8	3.33	4.17	4.77	-3.57	1.92	72	
6	15	13	7.22	8.43	3.60	-0.24	-2.81	73	
6	15	18	4.54	-1.24	10.28	-3.47	-1.16	74	
6	15	23	3.83	7.37	6.48	2.20	14.07	75	
6	15	28	17.76	25.22	1.42	-12.39	1.00	76	
6	15	33	-41.97	-94.73	16.85	-19.93	-3.13	77	
6	15	38	33.97	44.23	-15.89	-71.71	101.61	78	
6	15	43	67.82	7.17	45.55	105.34	-24.26	79	
6	19	3	4.09	3.39	4.06	-1.16	-1.66	80	
6	19	8	1.50	5.65	0.26	-2.45	-4.26	81	
6	19	13	11.59	58.73	21.61	-45.17	-100.09	82	
6	19	18	-16.37	2.74	-2.42	24.45	-126.36	83	
6	19	23	15.71	-1.40	47.57	21.64	-20.89	84	
6	19	28	-6.56	-7.67	1.21	-83.85	-71.42	85	
6	19	33	36.22	56.13	2.90	57.90	51.54	86	
6	19	38	61.86	24.06	26.84	-84.52	-5.03	87	
6	19	43	38.19	10.60	-12.34	133.48	25.85	88	
6	23	3	4.63	3.11	3.16	-0.30	1.45	89	
6	23	8	24.84	48.07	-11.35	-77.64	-63.81	90	
6	23	13	10.48	-49.73	10.26	28.07	99.40	91	
6	23	18	12.14	9.49	-41.76	-57.03	92.79	92	
6	23	23	6.44	12.83	-56.80	62.21	-101.09	93	
6	23	28	-23.90	-41.67	35.27	92.54	47.73	94	
6	23	33	-1.13	6.14	-0.27	-4.28	-0.12	95	
6	23	38	-30.33	-25.57	1.19	-99.47	-40.15	96	
6	23	43	38.15	43.81	-9.21	36.51	19.26	97	
6	27	3	1.54	1.19	4.48	2.11	-0.54	98	
6	27	8	-104.03	-72.19	-1.69	-39.72	-13.33	99	
6	27	13	14.59	20.20	0.93	15.98	10.87	100	
6	27	18	37.75	53.78	47.10	-35.64	-3.39	101	
6	27	23	-19.78	-15.28	-7.71	-16.20	15.61	102	
6	27	28	-4.16	19.09	-64.49	68.08	-89.60	103	
6	27	33	17.03	28.85	59.37	21.57	-95.73	104	
6	27	38	-99.86	-83.86	0.97	33.04	12.54	105	
6	27	43	0.48	3.11	4.83	-9.47	-3.08	106	
6	31	3	-1.59	1.02	-0.07	5.71	-0.43	107	
6	31	8	-130.78	-27.22	-32.97	30.66	0.84	108	
6	31	13	-6.78	35.23	-2.72	-51.47	-98.90	109	
6	31	18	-18.76	-109.14	-23.42	-5.07	-3.96	110	
6	31	23	22.70	41.06	19.95	18.86	99.51	111	
6	31	28	0.94	-9.76	-16.31	-38.12	115.03	112	
6	31	33	-9.87	-59.88	-40.28	35.12	88.51	113	
6	31	38	14.28	50.95	-12.55	51.70	62.11	114	
6	31	43	5.35	1.50	7.33	-3.15	0.69	115	
6	35	3	-0.96	3.58	3.61	4.21	0.35	116	
6	35	8	-112.93	0.34	-58.46	-29.68	-4.16	117	
6	35	13	-42.08	-30.43	3.71	28.72	80.46	118	
6	35	18	8.66	43.90	21.70	15.23	29.03	119	
6	35	23	4.74	6.54	8.58	-2.81	7.05	120	
6	35	28	3.28	8.35	11.07	3.32	10.46	121	
6	35	33	3.51	24.51	9.35	4.38	14.00	122	
6	35	38	5.97	3.64	6.42	-0.58	-2.04	123	
6	35	43	3.42	4.14	4.66	1.42	4.39	124	
6	39	3	3.87	5.39	1.95	0.06	1.51	125	
6	39	8	-5.62	-23.92	9.36	-102.85	81.77	126	
6	39	13	6.88	-36.18	-37.90	77.68	13.01	127	
6	39	18	1.71	3.83	1.38	1.98	-3.66	128	
6	39	23	5.28	2.61	6.51	3.06	-1.35	129	
6	39	28	1.95	5.30	4.15	-2.38	-0.78	130	
6	39	33	4.06	3.38	3.86	0.33	-1.75	131	
6	39	38	2.19	5.48	3.80	2.21	-0.98	132	
6	39	43	4.20	5.38	3.78	0.63	-0.76	133	
6	43	3	3.75	1.57	5.63	0.40	-0.50	134	
6	43	8	4.00	1.16	13.56	-3.42	6.59	135	
6	43	13	6.26	18.22	8.87	0.21	12.22	136	
6	43	18	0.30	2.88	2.07	-1.38	-2.96	137	
6	43	23	4.52	3.32	1.51	3.66	-5.90	138	
6	43	28	4.60	2.33	4.02	-1.81	-4.01	139	
6	43	33	5.09	2.64	2.10	-2.17	-4.48	140	
6	43	38	4.15	2.41	0.84	0.19	-3.20	141	
6	43	43	3.78	3.39	3.53	-2.14	-9.13	142	
