143
diam	c	r	EConv0	EConv1	EConv2	OConv0	OConv1
6	3	3	18.79	35.78	5.23	35.16	44.64	44	
6	3	8	2.40	3.50	4.11	1.88	4.61	45	
6	3	13	0.88	6.32	-1.95	-2.94	-3.67	46	
6	3	18	-2.94	32.28	20.76	-4.57	-46.64	47	
6	3	23	1.75	0.99	14.74	5.93	-7.81	48	
6	3	28	0.28	2.34	5.04	-2.58	0.48	49	
6	3	33	3.66	5.45	1.91	0.92	-1.89	50	
6	3	38	2.57	0.14	3.02	1.14	1.63	51	
6	3	43	2.41	0.95	1.34	0.11	5.78	52	
6	7	3	5.96	6.20	3.25	2.81	-2.41	53	
6	7	8	0.40	-0.66	0.90	2.87	0.90	54	
6	7	13	15.40	26.10	-6.08	-41.12	-26.11	55	
6	7	18	-21.50	-30.45	-17.56	-25.00	-48.27	56	
6	7	23	25.19	-8.92	26.67	83.09	-30.02	57	
6	7	28	1.17	4.16	4.75	0.35	2.31	58	
6	7	33	6.47	41.02	4.93	-26.56	-39.01	59	
6	7	38	1.78	28.99	21.38	2.40	-96.61	60	
6	7	43	-8.37	-6.81	36.47	28.12	-73.64	61	
6	11	3	5.51	2.65	4.60	1.10	-0.17	62	
6	11	8	2.31	8.74	0.33	0.97	-7.76	63	
6	11	13	-8.02	-6.80	5.88	-82.94	-50.55	64	
6	11	18	10.92	-32.76	-9.89	13.31	56.84	65	
6	11	23	-21.85	17.57	-27.03	86.88	-41.14	66	
6	11	28	9.92	38.12	6.72	-43.71	-68.82	67	
6	11	33	-14.39	-62.85	-5.64	-21.65	-37.89	68	
6	11	38	7.49	-4.76	-28.44	-19.80	40.48	69	
6	11	43	-38.14	-21.50	-22.98	75.31	-13.00	70	
6	15	3	1.87	2.93	0.53	-2.00	-1.98	71	
6	15	8	25.83	32.43	-4.31	-46.33	-23.15	72	
6	15	13	-38.94	-59.51	9.86	26.85	21.67	73	
6	15	18	35.83	57.11	22.91	22.31	30.37	74	
6	15	23	-36.62	8.58	-25.27	-44.89	0.46	75	
6	15	28	-2.28	-28.78	-1.93	-9.14	-30.11	76	
6	15	33	14.33	43.27	13.73	22.03	-20.28	77	
6	15	38	-0.74	-25.54	6.14	-30.16	-47.04	78	
6	15	43	-27.00	-14.25	-6.13	96.07	30.92	79	
6	19	3	5.22	3.26	8.78	2.15	0.58	80	
6	19	8	0.66	-6.70	2.45	-85.81	-29.77	81	
6	19	13	22.01	28.70	-0.01	69.84	49.25	82	
6	19	18	-1.38	7.31	-10.53	-67.98	-70.46	83	
6	19	23	-4.11	-35.20	-2.52	-14.45	6.59	84	
6	19	28	-0.72	0.95	-2.97	-1.22	3.63	85	
6	19	33	-0.79	-6.86	-4.93	3.77	-6.18	86	
6	19	38	-12.93	-38.12	1.06	38.53	42.82	87	
6	19	43	11.00	35.78	-8.18	51.09	42.08	88	
6	23	3	7.54	7.93	-3.40	-1.06	-9.72	89	
6	23	8	-58.05	-49.45	6.88	1.49	12.19	90	
6	23	13	29.10	54.66	-7.34	-47.26	-45.41	91	
6	23	18	-22.68	-61.55	2.66	6.07	18.03	92	
6	23	23	30.83	30.05	31.16	27.99	78.13	93	
6	23	28	-13.60	-12.76	-18.44	-27.84	94.57	94	
6	23	33	-8.26	-15.17	-14.80	20.96	98.05	95	
6	23	38	7.58	39.53	0.02	32.90	55.65	96	
6	23	43	1.50	6.38	1.80	1.59	1.54	97	
6	27	3	31.13	22.16	2.90	-36.28	0.32	98	
6	27	8	-5.63	24.35	5.81	37.97	-30.07	99	
6	27	13	-28.53	-68.00	10.00	-21.77	-16.55	100	
6	27	18	13.42	28.94	-0.83	47.49	59.29	101	
6	27	23	1.99	4.28	2.15	0.44	1.04	102	
6	27	28	2.41	4.47	10.55	-2.95	6.81	103	
6	27	33	5.70	12.24	8.11	2.15	0.82	104	
6	27	38	0.68	0.35	-1.47	-0.79	2.94	105	
6	27	43	0.60	2.37	1.73	1.19	2.52	106	
6	31	3	36.37	16.39	3.83	-75.22	-5.94	107	
6	31	8	-1.87	-24.90	-11.40	7.40	-3.11	108	
6	31	13	7.48	12.13	-0.19	75.06	58.64	109	
6	31	18	7.06	8.00	3.11	-0.92	1.13	110	
6	31	23	1.93	3.54	3.22	-0.97	2.38	111	
6	31	28	3.19	2.13	2.66	1.92	2.94	112	
6	31	33	3.67	4.43	4.22	-2.01	3.78	113	
6	31	38	2.30	2.44	2.71	-0.49	-1.07	114	
6	31	43	1.91	2.28	2.61	1.39	2.79	115	
6	35	3	26.79	13.79	12.06	-82.37	-23.07	116	
6	35	8	-5.52	-5.71	6.04	72.95	56.63	117	
6	35	13	1.79	16.48	-0.66	5.63	9.90	118	
6	35	18	4.13	3.19	3.74	1.70	-1.27	119	
6	35	23	2.35	3.03	3.31	-0.05	0.67	120	
6	35	28	2.80	3.12	3.02	0.81	-0.71	121	
6	35	33	3.72	2.56	3.90	-0.60	-0.06	122	
6	35	38	0.26	1.73	0.71	-2.11	-1.32	123	
6	35	43	4.88	3.36	4.03	1.74	-0.39	124	
6	39	3	-38.22	-44.45	3.22	-43.05	5.50	125	
6	39	8	14.72	26.15	-1.75	25.80	21.99	126	
6	39	13	4.76	7.06	4.90	2.84	1.89	127	
6	39	18	3.14	2.51	2.09	1.20	-1.22	128	
6	39	23	2.86	2.20	2.85	0.75	-1.08	129	
6	39	28	2.66	2.22	2.62	1.25	-0.35	130	
6	39	33	3.03	2.90	2.59	0.99	-0.27	131	
6	39	38	1.07	2.49	2.92	-3.08	2.51	132	
6	39	43	4.59	3.54	3.89	3.48	-0.36	133	
6	43	3	-12.81	6.34	1.28	8.44	35.17	134	
6	43	8	6.95	7.04	2.69	2.43	6.55	135	
6	43	13	3.99	3.25	4.12	-0.20	2.08	136	
6	43	18	4.77	4.30	4.04	0.75	1.93	137	
6	43	23	4.31	3.81	3.13	0.08	0.28	138	
6	43	28	2.40	2.39	3.42	3.70	0.92	139	
6	43	33	2.95	3.44	1.79	-1.82	-0.13	140	
6	43	38	2.95	1.67	3.41	0.69	-0.26	141	
6	43	43	2.38	3.99	2.29	2.23	-1.24	142	
