143
diam	c	r	EConv0	EConv1	EConv2	OConv0	OConv1
6	3	3	1.50	2.39	3.70	-1.42	-3.88	44	
6	3	8	0.25	0.73	2.37	-0.97	1.43	45	
6	3	13	6.26	14.05	-0.99	-10.15	3.93	46	
6	3	18	4.17	21.53	20.18	-6.28	-34.51	47	
6	3	23	-7.70	6.68	6.16	9.30	25.28	48	
6	3	28	6.68	10.62	8.87	-8.55	1.25	49	
6	3	33	12.06	27.49	18.36	-3.36	-12.58	50	
6	3	38	5.76	10.01	21.84	7.21	-19.20	51	
6	3	43	1.51	1.82	3.47	2.62	0.71	52	
6	7	3	5.21	4.70	5.14	1.59	-1.22	53	
6	7	8	4.33	8.72	0.24	3.87	-1.12	54	
6	7	13	2.16	11.58	-1.94	-66.46	-81.51	55	
6	7	18	-6.54	-26.42	-27.94	-5.28	-65.05	56	
6	7	23	13.66	-8.21	26.52	68.83	-60.90	57	
6	7	28	-1.11	13.82	-1.26	-46.95	-79.40	58	
6	7	33	-1.22	-34.06	-26.86	-6.81	-75.25	59	
6	7	38	-11.16	-12.92	1.24	48.70	-58.19	60	
6	7	43	11.00	5.26	1.20	0.81	3.86	61	
6	11	3	2.72	2.34	1.79	-0.09	3.40	62	
6	11	8	29.25	36.05	-4.70	-52.03	-31.28	63	
6	11	13	-20.18	-61.25	12.97	17.84	35.95	64	
6	11	18	24.20	11.40	11.15	-5.75	104.71	65	
6	11	23	-14.87	13.19	-46.00	6.15	-27.18	66	
6	11	28	-10.32	-54.92	-0.28	37.39	50.87	67	
6	11	33	10.05	28.41	18.58	14.02	83.91	68	
6	11	38	-65.98	-21.78	-15.63	32.36	21.33	69	
6	11	43	11.00	7.20	6.40	-6.44	-2.53	70	
6	15	3	-2.60	2.14	4.65	10.13	-0.14	71	
6	15	8	-24.75	-13.86	-0.25	-90.80	-30.67	72	
6	15	13	33.57	35.27	7.99	49.30	49.72	73	
6	15	18	30.78	25.10	9.49	-8.32	0.08	74	
6	15	23	-78.87	-34.29	-2.47	-12.40	1.78	75	
6	15	28	30.28	43.29	11.55	23.93	30.41	76	
6	15	33	35.70	38.02	-7.40	-61.27	-25.09	77	
6	15	38	-9.71	-15.57	4.73	96.67	32.71	78	
6	15	43	-1.52	-0.44	4.45	-6.56	-2.81	79	
6	19	3	-2.11	1.06	2.04	7.07	2.20	80	
6	19	8	-82.44	-28.31	-11.81	-44.58	-8.70	81	
6	19	13	24.06	9.52	4.53	14.45	2.16	82	
6	19	18	26.69	29.95	-1.17	-75.57	-46.67	83	
6	19	23	-54.46	-27.53	-0.12	67.52	11.56	84	
6	19	28	16.00	19.27	2.49	-7.69	-0.29	85	
6	19	33	-26.37	-48.33	15.55	-65.40	-48.18	86	
6	19	38	38.13	39.09	-3.13	51.32	22.75	87	
6	19	43	0.39	1.96	1.30	3.71	-2.36	88	
6	23	3	3.31	6.52	2.33	6.35	0.40	89	
6	23	8	-62.20	-9.67	-34.98	-69.06	11.31	90	
6	23	13	49.60	22.34	23.27	22.55	-26.27	91	
6	23	18	-26.14	-55.75	12.08	-48.61	-19.65	92	
6	23	23	-40.80	20.17	-24.45	61.75	-0.51	93	
6	23	28	22.73	13.60	14.65	-64.47	-84.77	94	
6	23	33	-14.07	-18.29	-2.38	73.66	52.52	95	
6	23	38	3.82	3.84	-0.69	-0.30	3.23	96	
6	23	43	3.94	4.79	4.51	-0.93	4.62	97	
6	27	3	2.10	1.55	0.88	-3.71	-3.63	98	
6	27	8	-3.04	-19.27	15.21	-57.00	63.22	99	
6	27	13	38.55	29.50	-11.36	-23.66	-40.30	100	
6	27	18	21.17	1.79	10.98	66.31	66.87	101	
6	27	23	-39.01	-8.18	-33.94	-55.23	4.52	102	
6	27	28	-11.51	-57.19	-5.11	47.28	50.87	103	
6	27	33	21.27	35.95	2.05	23.40	21.62	104	
6	27	38	3.87	5.07	4.79	-4.26	-4.11	105	
6	27	43	2.83	3.73	3.79	0.87	-2.82	106	
6	31	3	10.00	15.77	0.35	-6.32	-2.14	107	
6	31	8	18.78	30.78	33.02	-12.13	-56.02	108	
6	31	13	-43.81	-53.95	17.94	-6.24	-9.63	109	
6	31	18	39.33	31.97	4.20	21.21	10.63	110	
6	31	23	-49.42	-20.43	10.18	-10.07	44.71	111	
6	31	28	12.96	42.50	5.41	18.95	29.63	112	
6	31	33	6.96	4.64	5.18	-0.06	-1.35	113	
6	31	38	4.87	2.78	4.03	2.68	1.27	114	
6	31	43	2.71	2.82	1.69	-0.08	1.03	115	
6	35	3	44.89	18.58	7.01	-49.28	-2.42	116	
6	35	8	-5.33	-30.19	-16.16	-2.47	-49.35	117	
6	35	13	9.58	7.28	-5.00	89.01	62.42	118	
6	35	18	10.84	5.01	5.51	-7.52	-7.26	119	
6	35	23	-12.64	3.03	1.60	6.59	33.84	120	
6	35	28	2.86	1.08	4.88	-2.09	-1.08	121	
6	35	33	4.86	2.15	4.21	-0.53	0.60	122	
6	35	38	4.44	3.34	3.71	1.19	0.91	123	
6	35	43	4.06	2.95	3.57	-0.69	0.87	124	
6	39	3	52.16	11.97	17.36	-52.37	4.53	125	
6	39	8	-49.82	-32.99	-11.57	47.55	39.78	126	
6	39	13	21.56	32.79	-1.89	12.33	7.47	127	
6	39	18	7.75	4.25	5.89	-0.08	4.36	128	
6	39	23	-8.92	-2.87	-3.17	3.31	-23.75	129	
6	39	28	4.48	5.94	3.99	0.99	2.78	130	
6	39	33	4.95	5.14	4.22	-0.16	1.35	131	
6	39	38	4.23	5.33	4.77	1.41	-0.66	132	
6	39	43	4.41	5.60	6.16	-1.06	-2.15	133	
6	43	3	19.23	-1.43	19.03	-21.83	1.62	134	
6	43	8	-20.06	18.70	-9.62	24.79	67.53	135	
6	43	13	4.74	2.44	7.86	-6.14	0.13	136	
6	43	18	6.79	4.30	2.92	0.99	-3.19	137	
6	43	23	-6.68	4.55	4.60	0.72	16.54	138	
6	43	28	3.00	0.81	1.40	2.52	-1.13	139	
6	43	33	4.46	3.66	3.50	-1.32	-2.11	140	
6	43	38	4.40	1.21	3.23	0.45	-1.36	141	
6	43	43	2.64	2.09	0.71	2.23	3.21	142	
