143
diam	c	r	EConv0	EConv1	EConv2	OConv0	OConv1
6	3	3	3.03	3.42	2.79	-1.38	-0.84	44	
6	3	8	9.69	13.59	3.43	-9.16	-8.41	45	
6	3	13	-10.99	-32.13	9.20	-17.04	-17.24	46	
6	3	18	14.72	22.09	0.91	16.61	17.37	47	
6	3	23	3.64	5.76	2.85	1.39	0.58	48	
6	3	28	8.26	21.95	0.08	-18.47	-24.09	49	
6	3	33	-4.47	-34.01	-23.63	-4.35	-22.32	50	
6	3	38	17.50	-0.22	15.10	20.22	-10.89	51	
6	3	43	3.11	2.07	2.84	0.59	-0.81	52	
6	7	3	2.94	25.95	-4.90	-17.26	-26.81	53	
6	7	8	-1.96	-28.21	9.33	-24.10	-41.54	54	
6	7	13	10.99	18.91	-0.72	34.37	31.59	55	
6	7	18	4.16	4.30	3.14	1.73	0.13	56	
6	7	23	8.98	16.76	-1.25	-13.34	-10.94	57	
6	7	28	-13.25	-31.44	12.25	9.55	10.73	58	
6	7	33	19.61	27.64	13.41	-6.98	12.37	59	
6	7	38	14.08	3.86	3.18	32.23	3.57	60	
6	7	43	3.48	4.26	4.12	-0.42	0.92	61	
6	11	3	4.43	-18.31	16.65	-34.01	26.99	62	
6	11	8	5.65	26.49	1.14	24.18	42.52	63	
6	11	13	3.24	4.34	5.02	0.80	3.74	64	
6	11	18	4.13	7.59	2.44	-1.57	-1.03	65	
6	11	23	-8.95	-24.78	7.45	-24.80	-12.76	66	
6	11	28	11.87	18.18	0.27	17.18	14.88	67	
6	11	33	21.97	17.50	3.58	-33.43	-10.54	68	
6	11	38	27.84	11.24	6.72	29.46	5.33	69	
6	11	43	4.17	3.53	2.92	0.72	-0.16	70	
6	15	3	0.89	2.64	-1.03	-2.55	-1.17	71	
6	15	8	4.47	7.22	4.09	-3.55	-5.68	72	
6	15	13	1.57	11.76	20.69	4.61	-21.02	73	
6	15	18	12.50	14.17	1.34	-27.44	-22.13	74	
6	15	23	9.05	7.57	1.45	33.21	23.88	75	
6	15	28	4.37	7.11	1.58	-3.77	-2.64	76	
6	15	33	-17.15	-28.19	10.49	-20.91	-19.67	77	
6	15	38	13.41	11.63	3.05	9.26	1.78	78	
6	15	43	3.62	3.81	3.94	0.99	-0.22	79	
6	19	3	4.03	5.87	4.58	-3.79	-0.11	80	
6	19	8	-1.55	-8.29	-1.01	-32.23	-25.91	81	
6	19	13	0.87	-13.78	-41.53	2.52	23.59	82	
6	19	18	-11.87	-28.98	13.66	12.63	0.39	83	
6	19	23	7.74	10.58	1.07	4.51	-0.15	84	
6	19	28	8.75	13.56	3.59	-32.35	-31.20	85	
6	19	33	8.21	7.43	3.06	41.10	32.18	86	
6	19	38	1.88	4.71	2.96	1.99	0.92	87	
6	19	43	3.90	4.04	4.13	-0.86	0.47	88	
6	23	3	12.75	14.00	-6.82	-27.07	-17.34	89	
6	23	8	1.46	-6.91	6.39	34.62	25.82	90	
6	23	13	12.25	14.71	3.46	-37.68	-19.61	91	
6	23	18	-2.39	23.44	-29.40	15.14	-8.29	92	
6	23	23	6.50	8.04	11.49	-16.55	-55.34	93	
6	23	28	-8.34	-30.78	1.67	25.21	25.54	94	
6	23	33	6.70	11.22	2.50	4.96	3.35	95	
6	23	38	2.04	3.34	2.43	1.22	0.22	96	
6	23	43	2.59	2.99	3.77	0.24	-0.61	97	
6	27	3	-14.44	-16.77	5.92	-29.10	-7.23	98	
6	27	8	15.49	25.43	-1.68	3.53	-0.76	99	
6	27	13	-24.04	-34.73	10.56	0.96	6.81	100	
6	27	18	9.16	-9.62	25.51	-23.26	31.72	101	
6	27	23	-2.80	3.66	-2.12	15.63	67.20	102	
6	27	28	10.83	24.79	4.08	4.86	7.06	103	
6	27	33	-15.66	-0.09	11.63	-0.87	-54.35	104	
6	27	38	4.65	2.74	3.23	3.69	-1.67	105	
6	27	43	2.61	2.74	2.72	0.85	-0.55	106	
6	31	3	-36.67	-9.39	0.05	15.26	-5.77	107	
6	31	8	2.67	2.01	3.13	-37.72	-19.83	108	
6	31	13	17.80	19.06	-0.85	30.11	18.51	109	
6	31	18	2.59	2.54	0.08	1.89	-1.42	110	
6	31	23	1.92	0.02	-0.37	-0.48	-3.68	111	
6	31	28	11.87	-1.46	-22.67	-59.74	-25.79	112	
6	31	33	0.87	-2.66	-0.79	60.03	32.79	113	
6	31	38	3.93	3.00	3.15	1.37	1.83	114	
6	31	43	3.76	3.81	2.84	0.62	-0.21	115	
6	35	3	-18.94	-1.60	-29.47	-17.99	12.17	116	
6	35	8	-14.07	-25.04	9.86	30.18	8.85	117	
6	35	13	6.90	5.30	3.69	3.43	2.12	118	
6	35	18	3.88	3.37	2.48	-0.86	-0.71	119	
6	35	23	4.82	6.10	3.77	-2.49	-1.80	120	
6	35	28	2.42	3.32	26.36	-5.82	22.38	121	
6	35	33	7.34	19.83	6.36	3.07	7.80	122	
6	35	38	3.50	2.85	2.60	1.44	-0.64	123	
6	35	43	3.94	2.54	2.05	0.07	2.51	124	
6	39	3	4.39	11.81	35.21	-36.16	-73.59	125	
6	39	8	11.05	48.07	16.76	28.34	-67.45	126	
6	39	13	7.25	22.18	22.84	-2.09	-75.47	127	
6	39	18	3.78	22.32	19.14	-2.87	-74.91	128	
6	39	23	-0.31	21.58	26.63	4.67	-72.42	129	
6	39	28	2.29	30.40	27.92	-0.12	-77.28	130	
6	39	33	0.21	23.54	28.95	0.47	-82.00	131	
6	39	38	1.59	23.10	19.31	-3.46	-80.01	132	
6	39	43	0.22	9.01	9.99	1.68	-84.90	133	
6	43	3	-7.89	18.61	27.61	-5.96	94.46	134	
6	43	8	1.53	32.71	34.85	1.62	86.90	135	
6	43	13	6.87	39.60	32.03	3.13	65.02	136	
6	43	18	3.07	33.24	35.45	2.16	66.06	137	
6	43	23	0.41	28.38	30.00	-2.45	77.08	138	
6	43	28	1.38	28.08	31.43	2.73	83.90	139	
6	43	33	3.44	42.24	33.37	-0.59	72.07	140	
6	43	38	5.11	34.45	35.32	1.46	74.50	141	
6	43	43	7.35	36.14	31.32	1.20	62.62	142	
