143
diam	c	r	EConv0	EConv1	EConv2	OConv0	OConv1
6	3	3	2.92	3.50	2.91	-3.73	-0.22	44	
6	3	8	-0.17	3.63	1.66	0.11	1.32	45	
6	3	13	0.29	-3.16	0.41	4.87	0.38	46	
6	3	18	6.97	6.61	3.39	-3.31	6.17	47	
6	3	23	4.87	1.22	0.36	-3.02	0.15	48	
6	3	28	-3.14	2.37	1.63	2.75	1.22	49	
6	3	33	3.11	9.31	4.29	1.00	-1.47	50	
6	3	38	-0.14	-3.94	16.47	-9.21	6.41	51	
6	3	43	9.64	9.12	4.72	7.53	-3.59	52	
6	7	3	3.02	2.79	4.03	-2.15	0.55	53	
6	7	8	0.49	3.73	2.49	-3.60	0.22	54	
6	7	13	2.96	9.18	1.32	2.52	-4.68	55	
6	7	18	0.31	37.31	25.85	-10.81	-56.42	56	
6	7	23	9.74	4.93	28.62	6.59	-8.94	57	
6	7	28	-5.29	3.13	-4.13	0.10	1.26	58	
6	7	33	6.44	24.74	-15.38	-78.24	-76.57	59	
6	7	38	-21.60	-20.51	-27.47	39.86	-108.78	60	
6	7	43	15.27	1.34	15.36	9.94	-2.47	61	
6	11	3	4.50	4.21	3.73	-1.85	0.98	62	
6	11	8	4.16	6.35	1.03	-7.92	-1.54	63	
6	11	13	23.72	42.36	-5.76	-65.29	-60.67	64	
6	11	18	-13.62	-40.04	-22.76	-17.11	-55.99	65	
6	11	23	-17.01	-8.86	-17.94	77.88	-94.89	66	
6	11	28	38.62	45.46	16.53	-46.47	-26.89	67	
6	11	33	-37.53	-74.73	13.80	-11.22	-7.13	68	
6	11	38	-21.65	9.87	-28.65	-21.67	11.81	69	
6	11	43	70.19	3.36	40.25	77.84	-13.36	70	
6	15	3	5.10	4.06	3.89	-2.31	0.79	71	
6	15	8	25.09	36.47	-7.35	-43.92	-19.07	72	
6	15	13	-20.53	-92.07	23.96	-1.75	22.23	73	
6	15	18	-16.31	10.49	-52.87	-47.41	49.26	74	
6	15	23	-5.98	1.90	-13.00	7.21	-7.46	75	
6	15	28	9.10	-49.94	12.11	-6.60	-68.30	76	
6	15	33	-4.20	33.91	-4.51	55.40	89.64	77	
6	15	38	-67.37	-7.12	-25.12	-88.23	12.21	78	
6	15	43	50.00	1.65	19.94	141.66	-14.82	79	
6	19	3	4.65	3.36	3.79	-1.27	0.28	80	
6	19	8	2.89	-1.39	-1.95	-119.99	-37.82	81	
6	19	13	33.50	42.34	-10.92	73.04	41.89	82	
6	19	18	24.11	-5.36	50.92	-77.46	54.01	83	
6	19	23	-13.67	4.14	-21.57	-16.85	13.11	84	
6	19	28	-52.42	-9.98	-14.36	59.91	-1.96	85	
6	19	33	-4.65	2.47	2.27	-3.37	3.58	86	
6	19	38	-57.97	-5.15	-23.41	-123.79	21.30	87	
6	19	43	41.27	12.53	8.80	149.09	6.22	88	
6	23	3	1.35	2.15	6.46	7.51	0.42	89	
6	23	8	-97.81	-31.58	-19.27	-71.88	-19.47	90	
6	23	13	12.90	25.19	17.14	-12.03	-3.47	91	
6	23	18	-3.31	-2.27	11.94	-4.77	8.06	92	
6	23	23	-52.93	15.43	-14.49	-106.47	18.52	93	
6	23	28	-31.40	-0.89	-14.89	28.87	-8.01	94	
6	23	33	26.47	0.33	13.12	16.06	3.39	95	
6	23	38	-34.88	-2.19	5.22	-139.63	-2.41	96	
6	23	43	60.43	31.00	-1.85	118.56	21.66	97	
6	27	3	-0.99	2.95	2.01	7.52	0.05	98	
6	27	8	-59.15	-3.23	-44.38	-108.54	29.58	99	
6	27	13	7.74	-52.45	6.45	64.76	-28.57	100	
6	27	18	27.54	43.79	-0.72	-31.12	-16.25	101	
6	27	23	-33.28	-45.39	7.51	-46.54	-20.57	102	
6	27	28	-5.82	2.01	-5.09	4.70	-2.16	103	
6	27	33	79.65	42.19	46.53	58.64	-63.36	104	
6	27	38	-51.15	-60.84	13.08	-46.84	-27.81	105	
6	27	43	53.02	32.94	3.94	43.59	11.10	106	
6	31	3	-1.92	-0.52	-1.03	1.57	-0.01	107	
6	31	8	21.40	5.81	12.19	-143.40	23.95	108	
6	31	13	58.29	67.28	45.49	78.73	-6.01	109	
6	31	18	-16.55	-34.46	16.36	-79.52	-72.21	110	
6	31	23	24.80	-0.85	16.38	32.81	116.66	111	
6	31	28	-25.17	10.94	-48.68	-53.52	48.00	112	
6	31	33	11.10	-17.59	-32.51	10.39	-45.34	113	
6	31	38	-25.17	-40.03	-9.01	75.73	64.50	114	
6	31	43	14.71	12.82	5.38	4.79	3.31	115	
6	35	3	1.53	6.05	4.33	0.63	-1.98	116	
6	35	8	41.48	-18.54	42.13	-75.93	35.12	117	
6	35	13	-3.27	-42.31	-82.31	10.57	-15.55	118	
6	35	18	-22.07	-29.84	-11.06	76.90	77.46	119	
6	35	23	11.26	18.75	4.62	5.38	-7.20	120	
6	35	28	8.22	-8.67	52.87	-57.44	64.75	121	
6	35	33	-25.92	-28.47	-22.12	24.50	99.89	122	
6	35	38	-5.41	41.98	-12.30	21.22	13.40	123	
6	35	43	1.02	1.12	2.15	1.95	3.18	124	
6	39	3	3.08	4.57	3.41	-1.59	-0.68	125	
6	39	8	4.97	1.29	6.04	-6.75	-8.16	126	
6	39	13	-3.17	24.14	36.81	-5.26	60.03	127	
6	39	18	6.30	27.43	4.86	5.94	11.25	128	
6	39	23	5.33	5.51	4.38	-2.73	2.91	129	
6	39	28	3.55	5.76	2.34	1.59	0.05	130	
6	39	33	1.35	22.50	13.10	4.63	6.84	131	
6	39	38	-12.11	-3.38	10.27	-3.10	12.37	132	
6	39	43	2.96	2.03	2.60	1.62	0.14	133	
6	43	3	5.29	4.95	4.27	-4.48	1.41	134	
6	43	8	1.36	1.67	1.55	-3.23	-0.24	135	
6	43	13	4.15	0.77	-1.75	-1.54	-7.77	136	
6	43	18	2.15	0.85	1.63	0.08	-2.06	137	
6	43	23	4.88	2.84	2.35	-2.75	-1.36	138	
6	43	28	8.41	4.01	3.68	-4.90	0.74	139	
6	43	33	5.09	-2.37	3.07	1.06	0.22	140	
6	43	38	-18.95	-5.70	-10.66	-2.36	-1.68	141	
6	43	43	3.82	3.43	2.63	0.82	-0.11	142	
