143
diam	c	r	EConv0	EConv1	EConv2	OConv0	OConv1
6	3	3	4.86	4.36	2.60	-3.56	-1.24	44	
6	3	8	3.30	-8.98	21.24	-13.76	16.21	45	
6	3	13	3.35	31.91	6.20	13.30	34.37	46	
6	3	18	1.39	6.60	2.50	1.17	2.08	47	
6	3	23	3.93	3.36	1.87	-1.23	2.30	48	
6	3	28	-1.87	-10.47	24.68	-24.15	37.52	49	
6	3	33	-0.45	25.35	-10.12	23.89	44.61	50	
6	3	38	5.11	3.65	6.07	2.51	-1.57	51	
6	3	43	2.11	3.54	2.75	1.30	0.61	52	
6	7	3	2.63	2.75	2.24	-6.47	-0.81	53	
6	7	8	1.76	4.91	0.25	4.67	-0.42	54	
6	7	13	1.75	-3.47	4.60	-0.75	-5.73	55	
6	7	18	0.46	1.90	2.45	0.62	-0.87	56	
6	7	23	3.92	1.55	5.74	-0.74	-0.01	57	
6	7	28	0.71	5.41	0.30	1.58	-2.03	58	
6	7	33	4.06	12.51	3.51	-9.65	-17.37	59	
6	7	38	5.90	1.79	13.91	8.31	-10.40	60	
6	7	43	2.42	2.63	3.21	-0.14	-1.58	61	
6	11	3	3.04	2.16	4.17	-3.25	1.70	62	
6	11	8	5.39	6.79	2.82	-5.53	0.92	63	
6	11	13	3.71	2.19	0.10	1.37	-2.95	64	
6	11	18	2.68	3.42	3.31	3.39	-0.98	65	
6	11	23	3.87	5.16	3.09	2.86	-1.88	66	
6	11	28	6.13	9.10	0.29	-8.79	-9.31	67	
6	11	33	-2.14	-2.40	2.68	-32.32	-50.74	68	
6	11	38	2.09	-10.12	1.82	57.13	-25.57	69	
6	11	43	3.42	2.54	3.63	1.10	-0.88	70	
6	15	3	4.42	3.24	4.23	-1.35	-0.43	71	
6	15	8	2.54	-0.19	3.95	-5.78	1.39	72	
6	15	13	8.06	9.49	0.70	-4.19	1.14	73	
6	15	18	-0.07	9.71	-0.05	-16.18	-48.98	74	
6	15	23	11.45	-2.41	19.89	24.64	-29.74	75	
6	15	28	2.71	4.41	3.61	-38.94	-41.09	76	
6	15	33	-6.07	-24.62	-0.35	16.83	41.97	77	
6	15	38	-41.78	1.35	-28.70	28.95	-8.86	78	
6	15	43	1.58	3.62	2.98	-0.98	-0.05	79	
6	19	3	4.45	3.76	2.39	-1.05	-0.64	80	
6	19	8	1.50	4.05	0.03	-3.50	-3.38	81	
6	19	13	2.17	5.85	-2.65	-28.52	-32.60	82	
6	19	18	-2.70	-15.15	1.92	13.33	51.61	83	
6	19	23	-9.68	20.39	-30.45	-8.79	-3.89	84	
6	19	28	-22.86	-33.68	4.30	21.84	19.04	85	
6	19	33	2.84	20.20	2.51	14.30	19.33	86	
6	19	38	-77.54	-16.96	-17.94	-10.09	1.36	87	
6	19	43	0.74	3.17	3.52	-3.02	1.66	88	
6	23	3	2.71	2.62	3.45	-1.86	0.11	89	
6	23	8	10.20	11.78	-1.87	-23.08	-6.40	90	
6	23	13	-21.97	-29.47	3.90	14.45	3.48	91	
6	23	18	10.64	11.51	0.55	2.36	-3.29	92	
6	23	23	-18.75	-14.28	10.98	-48.78	-9.28	93	
6	23	28	13.99	19.58	-0.93	36.46	27.78	94	
6	23	33	0.64	2.67	0.98	-1.84	-5.41	95	
6	23	38	-72.12	-20.19	-9.36	-4.80	-6.68	96	
6	23	43	4.46	2.09	3.35	1.28	-2.15	97	
6	27	3	3.41	2.91	3.22	-0.11	0.92	98	
6	27	8	11.03	11.06	-2.84	-53.19	-14.31	99	
6	27	13	11.10	15.37	0.40	34.42	24.60	100	
6	27	18	14.71	17.84	0.42	-19.27	-13.39	101	
6	27	23	-24.57	-24.61	5.48	29.10	14.92	102	
6	27	28	2.48	26.68	3.50	-13.72	-37.23	103	
6	27	33	19.21	15.70	10.26	-10.63	-24.33	104	
6	27	38	-53.47	-37.77	-0.60	51.40	6.17	105	
6	27	43	1.78	3.18	4.11	0.32	-0.52	106	
6	31	3	2.93	5.11	2.35	-2.12	-4.26	107	
6	31	8	1.69	0.82	2.21	-68.05	0.23	108	
6	31	13	21.81	18.02	7.69	7.46	-5.23	109	
6	31	18	-4.55	-6.32	6.44	-34.43	-30.91	110	
6	31	23	28.04	25.23	-5.68	25.46	16.28	111	
6	31	28	-19.68	-27.68	-10.96	-27.30	-44.63	112	
6	31	33	19.96	-2.87	4.50	-10.96	-50.92	113	
6	31	38	9.67	10.32	-0.87	75.81	25.63	114	
6	31	43	2.12	1.50	1.46	1.45	0.71	115	
6	35	3	2.57	1.82	4.76	-1.86	4.16	116	
6	35	8	8.03	1.79	4.04	-68.43	-1.33	117	
6	35	13	11.55	-3.92	-0.17	-3.41	-51.66	118	
6	35	18	-9.21	-19.91	0.88	28.75	32.80	119	
6	35	23	42.51	16.59	7.16	-38.11	5.38	120	
6	35	28	-4.13	5.07	-1.03	-1.45	6.54	121	
6	35	33	-10.52	-9.19	6.62	13.99	11.85	122	
6	35	38	26.23	21.94	0.83	37.65	14.96	123	
6	35	43	2.07	4.00	3.19	-0.97	1.64	124	
6	39	3	7.73	3.62	4.63	0.04	-1.10	125	
6	39	8	13.49	-4.35	12.43	-40.34	17.30	126	
6	39	13	-14.56	-15.23	-3.69	15.03	29.51	127	
6	39	18	16.59	18.82	3.49	19.54	17.01	128	
6	39	23	16.11	-0.99	12.85	-16.80	7.34	129	
6	39	28	-9.96	-10.94	-17.93	-27.74	51.41	130	
6	39	33	5.45	8.92	0.79	41.04	60.87	131	
6	39	38	8.30	8.31	2.17	8.86	3.31	132	
6	39	43	2.73	2.60	2.98	-0.46	-0.22	133	
6	43	3	4.33	3.20	3.33	1.67	-0.22	134	
6	43	8	3.78	0.23	12.51	-6.22	9.02	135	
6	43	13	-0.32	22.97	4.46	3.32	30.97	136	
6	43	18	8.34	5.00	5.88	4.42	-1.31	137	
6	43	23	3.22	3.33	6.05	-2.14	3.83	138	
6	43	28	2.21	8.22	20.96	-6.13	18.00	139	
6	43	33	6.99	12.25	3.20	1.16	5.81	140	
6	43	38	3.07	4.25	1.99	3.90	-1.53	141	
6	43	43	1.07	1.75	2.55	0.05	-2.85	142	
