143
diam	c	r	EConv0	EConv1	EConv2	OConv0	OConv1
6	3	3	3.19	3.97	3.25	-2.13	-0.85	44	
6	3	8	3.45	3.48	3.97	-4.21	-0.85	45	
6	3	13	4.16	3.92	3.52	0.18	-0.99	46	
6	3	18	3.14	3.29	3.93	0.74	-1.13	47	
6	3	23	2.80	1.02	2.24	-3.76	2.17	48	
6	3	28	7.70	4.32	5.34	3.78	2.35	49	
6	3	33	12.20	35.32	6.28	-6.36	-18.55	50	
6	3	38	-11.44	28.97	23.98	0.62	-115.80	51	
6	3	43	24.41	1.64	51.10	3.92	-11.87	52	
6	7	3	3.27	3.78	2.59	-3.72	-0.25	53	
6	7	8	3.58	3.57	3.40	-3.37	-0.78	54	
6	7	13	4.82	3.83	3.09	-0.27	-0.42	55	
6	7	18	2.82	3.07	3.18	1.71	-0.55	56	
6	7	23	4.76	7.13	3.39	-0.91	-2.23	57	
6	7	28	16.15	24.55	-0.66	-14.28	-14.32	58	
6	7	33	-19.16	-53.07	-8.00	-55.10	-61.94	59	
6	7	38	23.71	-30.24	-26.75	-9.07	104.12	60	
6	7	43	-15.00	0.41	-29.59	96.24	-71.16	61	
6	11	3	4.40	2.86	4.55	-3.89	-0.09	62	
6	11	8	3.79	2.27	5.42	-1.46	-1.61	63	
6	11	13	5.08	1.11	2.36	1.02	0.20	64	
6	11	18	6.48	5.79	5.58	2.76	1.13	65	
6	11	23	10.28	9.30	4.91	-6.18	-1.43	66	
6	11	28	2.58	-8.72	12.19	-66.32	-72.00	67	
6	11	33	7.32	14.16	6.06	66.30	75.35	68	
6	11	38	22.90	29.51	21.99	2.67	-0.43	69	
6	11	43	-76.02	-33.93	-14.10	20.99	42.63	70	
6	15	3	5.22	4.07	4.09	0.15	0.22	71	
6	15	8	0.96	2.62	0.13	-1.28	-1.73	72	
6	15	13	2.44	-0.59	1.41	3.61	4.81	73	
6	15	18	-0.71	2.11	-1.08	-2.91	8.85	74	
6	15	23	26.70	35.72	-4.41	-73.70	-45.34	75	
6	15	28	-16.27	-32.41	0.07	69.68	71.84	76	
6	15	33	3.15	10.01	3.71	9.03	4.73	77	
6	15	38	18.82	36.16	-3.95	-72.65	-54.87	78	
6	15	43	24.23	19.79	-6.23	48.88	39.65	79	
6	19	3	4.05	5.46	2.83	-4.21	-0.23	80	
6	19	8	12.77	32.97	-0.54	-19.01	-17.30	81	
6	19	13	-10.72	10.41	-5.05	-19.52	-131.07	82	
6	19	18	9.80	16.23	25.61	19.21	-127.21	83	
6	19	23	-48.09	-77.07	39.25	23.43	-21.42	84	
6	19	28	16.11	46.50	7.30	13.08	21.72	85	
6	19	33	14.58	51.68	5.43	-46.16	-53.32	86	
6	19	38	-34.53	-82.71	14.44	17.46	15.01	87	
6	19	43	37.45	29.46	20.35	1.79	15.60	88	
6	23	3	7.04	13.52	3.04	-7.90	-8.31	89	
6	23	8	-8.29	-43.63	2.51	-67.18	-57.62	90	
6	23	13	1.09	-26.09	-51.27	-25.10	62.34	91	
6	23	18	-1.77	-8.02	-10.41	1.10	-6.42	92	
6	23	23	-15.60	16.66	-51.70	47.96	-53.53	93	
6	23	28	13.02	-22.49	-0.82	-19.34	-126.71	94	
6	23	33	-19.28	-94.88	-10.53	24.32	7.74	95	
6	23	38	13.95	42.16	-9.25	42.18	37.67	96	
6	23	43	15.61	0.25	-8.38	-31.01	-3.21	97	
6	27	3	10.65	26.00	-0.13	-85.95	-68.05	98	
6	27	8	-0.27	0.52	10.52	77.70	63.50	99	
6	27	13	34.32	61.66	44.46	-86.23	-18.71	100	
6	27	18	8.09	-44.28	12.23	42.36	99.47	101	
6	27	23	-2.79	-16.51	-39.91	-23.16	104.26	102	
6	27	28	-7.08	-37.33	-15.85	42.01	107.28	103	
6	27	33	18.63	52.24	8.12	34.31	49.71	104	
6	27	38	2.88	4.73	7.20	-3.91	2.13	105	
6	27	43	15.43	8.79	12.96	-9.89	1.93	106	
6	31	3	-78.91	-57.98	-3.49	3.25	-27.57	107	
6	31	8	33.39	69.83	-0.87	-29.42	-12.71	108	
6	31	13	-24.47	-75.67	18.83	10.34	15.96	109	
6	31	18	16.67	43.08	-7.23	35.18	17.10	110	
6	31	23	3.59	16.29	28.57	-5.44	12.69	111	
6	31	28	10.15	28.14	15.66	1.82	12.00	112	
6	31	33	3.84	7.03	-0.86	0.80	3.09	113	
6	31	38	4.60	5.17	6.92	1.85	0.51	114	
6	31	43	8.79	-4.88	-0.05	-28.40	-2.56	115	
6	35	3	-30.52	-1.63	-43.04	-21.22	98.10	116	
6	35	8	-18.84	-70.95	11.10	-33.30	-47.46	117	
6	35	13	26.16	45.44	-4.47	45.50	42.20	118	
6	35	18	0.46	0.55	3.84	2.68	-1.13	119	
6	35	23	5.67	2.34	3.02	-0.31	1.45	120	
6	35	28	3.42	1.75	1.73	-2.09	-3.84	121	
6	35	33	6.18	3.45	5.67	-1.01	-2.47	122	
6	35	38	3.72	2.22	3.10	3.67	1.01	123	
6	35	43	2.43	13.10	5.64	-7.42	-4.72	124	
6	39	3	24.91	35.57	-5.83	-100.19	-56.02	125	
6	39	8	13.82	12.45	10.35	83.08	58.41	126	
6	39	13	2.91	3.48	1.63	-3.77	-0.77	127	
6	39	18	4.29	6.05	6.34	0.87	3.22	128	
6	39	23	5.14	4.53	3.39	0.69	-1.25	129	
6	39	28	1.27	2.90	3.77	-1.16	-1.22	130	
6	39	33	3.78	1.18	3.52	3.35	3.67	131	
6	39	38	2.32	1.20	2.21	0.70	2.03	132	
6	39	43	0.63	-12.57	3.56	-19.04	12.39	133	
6	43	3	-22.85	-37.52	1.60	-108.17	42.46	134	
6	43	8	37.46	26.72	7.66	34.26	8.45	135	
6	43	13	1.36	-0.45	3.36	1.66	-1.31	136	
6	43	18	1.12	4.09	2.39	2.04	0.76	137	
6	43	23	1.02	1.48	3.68	3.58	-1.21	138	
6	43	28	7.33	17.98	10.62	1.88	4.43	139	
6	43	33	5.56	51.90	10.27	-38.11	-84.09	140	
6	43	38	-4.24	20.55	36.12	33.10	-111.51	141	
6	43	43	6.73	18.98	16.11	-5.51	-20.80	142	
