143
diam	c	r	EConv0	EConv1	EConv2	OConv0	OConv1
6	3	3	4.06	3.86	3.65	-0.30	-0.08	44	
6	3	8	5.01	3.22	4.03	1.86	-0.00	45	
6	3	13	4.00	6.80	4.83	-0.19	0.58	46	
6	3	18	2.97	2.75	0.90	0.86	-4.34	47	
6	3	23	6.01	4.23	10.09	-1.70	-0.23	48	
6	3	28	2.75	4.95	2.86	-0.84	-0.94	49	
6	3	33	-6.17	30.96	-7.64	-29.86	-45.65	50	
6	3	38	12.40	-1.66	15.12	9.70	-2.92	51	
6	3	43	3.56	3.50	4.14	3.00	1.36	52	
6	7	3	3.72	3.55	3.68	0.04	0.14	53	
6	7	8	5.16	5.81	4.33	1.30	-1.15	54	
6	7	13	4.25	1.71	6.52	-1.77	1.34	55	
6	7	18	0.85	33.93	6.70	-31.08	-62.20	56	
6	7	23	0.91	-21.26	29.70	55.08	-42.87	57	
6	7	28	7.73	15.20	4.45	-1.20	-2.22	58	
6	7	33	-34.16	-34.85	-2.53	-50.95	-33.70	59	
6	7	38	50.10	9.13	24.28	47.61	-10.27	60	
6	7	43	3.67	4.01	4.19	4.15	0.02	61	
6	11	3	4.16	4.40	3.42	-0.95	-1.45	62	
6	11	8	6.05	3.74	3.20	-2.88	-1.10	63	
6	11	13	27.63	33.72	-9.84	-40.92	-29.84	64	
6	11	18	-18.64	-33.92	-1.82	-12.02	-14.22	65	
6	11	23	-16.97	-3.40	-12.76	96.32	-0.14	66	
6	11	28	19.98	31.45	-13.57	-67.81	-40.77	67	
6	11	33	12.58	0.49	-8.56	-9.07	27.77	68	
6	11	38	45.82	8.05	14.07	73.18	-5.74	69	
6	11	43	4.31	4.01	3.54	3.86	-0.59	70	
6	15	3	4.08	3.93	3.81	-1.88	-0.15	71	
6	15	8	4.43	3.43	2.99	-3.20	-2.70	72	
6	15	13	1.79	-6.82	2.13	-83.04	-18.81	73	
6	15	18	11.31	-8.97	-2.68	11.60	35.49	74	
6	15	23	-27.01	-6.58	-12.49	94.61	-3.55	75	
6	15	28	-26.87	-22.95	9.81	-76.05	-21.17	76	
6	15	33	69.50	22.54	24.11	-23.29	34.73	77	
6	15	38	44.10	12.71	12.76	76.97	-1.00	78	
6	15	43	5.74	4.68	4.64	2.76	-0.36	79	
6	19	3	3.83	3.89	4.25	-1.26	0.17	80	
6	19	8	5.21	3.88	4.39	-3.16	2.19	81	
6	19	13	-62.08	-36.98	2.88	-27.00	-12.90	82	
6	19	18	13.75	31.71	14.15	24.92	34.70	83	
6	19	23	-26.49	29.70	-19.22	10.83	3.10	84	
6	19	28	-41.21	-40.06	8.94	19.02	5.95	85	
6	19	33	58.02	27.01	12.88	-37.79	9.97	86	
6	19	38	47.18	16.47	11.74	71.02	2.40	87	
6	19	43	5.89	3.64	4.64	3.67	-0.45	88	
6	23	3	3.37	3.28	3.06	-1.36	0.42	89	
6	23	8	11.81	5.94	5.17	-2.72	0.29	90	
6	23	13	-78.96	-26.93	-8.53	38.29	-2.92	91	
6	23	18	-7.60	-1.67	-1.46	2.64	-6.92	92	
6	23	23	-42.76	-8.34	-12.90	-41.47	-27.75	93	
6	23	28	-21.25	-6.41	10.42	76.60	25.30	94	
6	23	33	44.83	11.88	10.32	-50.45	-3.99	95	
6	23	38	49.64	15.73	14.60	63.21	0.66	96	
6	23	43	4.74	3.65	4.29	5.47	-0.80	97	
6	27	3	3.71	3.66	4.30	-1.39	0.12	98	
6	27	8	13.82	6.44	5.17	-7.47	-2.24	99	
6	27	13	-72.99	-4.44	-26.09	38.27	-12.29	100	
6	27	18	10.48	30.26	2.43	-26.78	-26.10	101	
6	27	23	-23.59	-19.98	0.12	-17.22	3.56	102	
6	27	28	25.93	14.29	5.19	79.92	14.54	103	
6	27	33	50.72	19.48	11.66	-50.33	-4.87	104	
6	27	38	49.77	16.52	9.26	59.89	7.71	105	
6	27	43	2.04	2.55	3.22	5.48	-1.79	106	
6	31	3	3.83	4.28	3.92	-1.40	-0.03	107	
6	31	8	8.22	5.02	6.63	-1.74	0.35	108	
6	31	13	-51.15	-4.98	-25.82	-21.41	-5.50	109	
6	31	18	1.89	-27.01	4.76	-31.46	-49.82	110	
6	31	23	39.24	19.37	0.02	-15.04	33.77	111	
6	31	28	29.19	19.89	21.51	80.63	-17.21	112	
6	31	33	9.18	8.96	13.02	-78.74	-30.95	113	
6	31	38	32.67	23.93	3.42	25.98	4.82	114	
6	31	43	2.63	2.77	3.92	7.73	1.59	115	
6	35	3	3.78	3.80	3.60	-1.60	0.08	116	
6	35	8	6.06	2.73	4.44	-1.81	1.92	117	
6	35	13	-49.35	-11.83	-32.19	-54.37	6.80	118	
6	35	18	-18.59	-30.44	-4.02	44.93	45.94	119	
6	35	23	36.75	32.85	3.93	-84.15	2.41	120	
6	35	28	-5.25	11.66	-29.73	26.66	-43.14	121	
6	35	33	-52.99	-54.62	13.39	13.45	-22.51	122	
6	35	38	3.43	2.57	1.31	2.98	-2.16	123	
6	35	43	5.56	6.34	4.79	6.20	-2.12	124	
6	39	3	4.13	3.96	4.03	-0.29	0.19	125	
6	39	8	1.89	4.65	3.36	-2.76	-1.82	126	
6	39	13	-29.52	-21.59	16.60	-46.65	68.49	127	
6	39	18	13.43	38.12	5.10	12.61	30.01	128	
6	39	23	24.51	-20.98	25.87	-63.03	24.26	129	
6	39	28	-5.76	-6.57	-22.57	-10.55	22.25	130	
6	39	33	-8.55	2.42	-10.66	86.14	50.52	131	
6	39	38	2.29	5.61	3.59	-4.19	4.52	132	
6	39	43	2.60	0.15	1.31	7.78	-0.19	133	
6	43	3	4.10	3.59	4.10	-0.20	-1.16	134	
6	43	8	3.59	2.90	3.44	-2.66	1.60	135	
6	43	13	5.86	9.09	5.69	1.52	-3.63	136	
6	43	18	1.36	-1.23	5.19	-6.61	1.40	137	
6	43	23	1.28	7.87	5.06	-4.28	-0.97	138	
6	43	28	-13.36	1.04	23.63	-10.31	55.71	139	
6	43	33	13.77	34.26	3.16	12.91	12.44	140	
6	43	38	2.00	2.83	4.33	-3.68	1.86	141	
6	43	43	3.35	5.09	2.73	6.21	3.74	142	
