143
diam	c	r	EConv0	EConv1	EConv2	OConv0	OConv1
6	3	3	5.00	6.92	3.98	-1.88	0.51	44	
6	3	8	22.21	35.20	0.56	-63.67	-57.63	45	
6	3	13	-11.68	-41.71	-0.74	69.59	47.55	46	
6	3	18	11.64	42.41	3.85	-29.75	-41.85	47	
6	3	23	-1.28	-9.84	7.48	33.00	40.57	48	
6	3	28	6.98	9.53	8.63	2.53	4.00	49	
6	3	33	3.40	1.75	3.16	-0.26	2.16	50	
6	3	38	-6.71	19.11	12.14	2.61	23.82	51	
6	3	43	2.55	4.50	3.10	3.79	0.82	52	
6	7	3	19.33	12.39	2.31	-19.02	-6.86	53	
6	7	8	-49.20	-49.51	14.57	4.60	-12.62	54	
6	7	13	34.84	78.94	11.19	-14.60	-31.29	55	
6	7	18	-16.70	-33.70	4.89	44.52	38.68	56	
6	7	23	6.18	9.77	1.89	4.47	5.01	57	
6	7	28	3.26	1.62	1.38	1.34	1.40	58	
6	7	33	5.03	3.68	2.59	-1.73	-0.10	59	
6	7	38	7.15	9.27	15.20	-2.55	1.66	60	
6	7	43	1.35	0.32	1.69	1.87	1.99	61	
6	11	3	19.48	7.73	17.89	-8.68	4.48	62	
6	11	8	-41.18	-2.28	-38.99	-13.23	-1.70	63	
6	11	13	-0.09	-21.52	-14.25	15.09	13.51	64	
6	11	18	-14.22	-4.28	-25.14	-12.60	-90.26	65	
6	11	23	28.49	-9.26	44.85	47.02	-31.99	66	
6	11	28	8.10	20.21	5.67	-0.14	-9.79	67	
6	11	33	2.46	23.88	1.78	-38.70	-75.90	68	
6	11	38	-8.86	-25.74	-36.03	-2.31	-84.00	69	
6	11	43	23.93	-13.29	31.90	44.79	-29.73	70	
6	15	3	2.61	2.21	4.85	-2.11	-0.15	71	
6	15	8	-22.57	11.53	18.43	-10.48	83.43	72	
6	15	13	-26.33	-51.83	10.60	-16.38	4.48	73	
6	15	18	-2.14	24.78	-38.99	-60.31	72.14	74	
6	15	23	-9.25	23.66	-29.67	80.95	-61.01	75	
6	15	28	-14.27	-51.61	5.88	-33.61	-60.49	76	
6	15	33	6.39	-8.16	5.90	24.27	84.33	77	
6	15	38	26.51	56.33	26.76	-51.52	68.25	78	
6	15	43	29.97	17.74	-6.25	69.22	13.40	79	
6	19	3	4.23	2.98	3.72	-0.41	1.96	80	
6	19	8	19.22	19.41	-8.09	-57.89	-32.47	81	
6	19	13	29.46	65.26	-1.36	40.53	22.74	82	
6	19	18	26.70	18.85	76.59	-50.91	-52.49	83	
6	19	23	-2.36	-1.95	-5.30	0.12	-0.95	84	
6	19	28	-2.59	51.06	31.84	90.38	-20.93	85	
6	19	33	8.14	53.75	23.52	-31.07	-79.41	86	
6	19	38	-28.32	-87.10	5.58	14.71	-25.55	87	
6	19	43	14.37	23.27	1.64	11.46	11.75	88	
6	23	3	2.80	2.49	3.82	2.43	1.27	89	
6	23	8	-58.36	-16.41	-2.19	-57.29	-35.16	90	
6	23	13	-4.04	-14.88	3.49	-71.54	-75.41	91	
6	23	18	-9.42	-13.78	-12.75	5.54	-11.90	92	
6	23	23	48.51	20.18	8.06	-31.50	91.37	93	
6	23	28	-6.63	-18.99	-31.83	0.98	-1.96	94	
6	23	33	-7.79	-70.04	-11.70	39.94	56.04	95	
6	23	38	19.36	49.46	-0.60	31.27	44.17	96	
6	23	43	3.69	1.42	4.14	5.10	0.29	97	
6	27	3	6.75	6.06	3.22	-0.61	-2.91	98	
6	27	8	-36.24	-46.76	-36.49	-67.70	43.75	99	
6	27	13	-7.55	-29.34	-0.41	46.87	94.70	100	
6	27	18	-33.08	27.92	-23.40	-67.18	53.65	101	
6	27	23	44.71	13.22	25.06	9.17	6.78	102	
6	27	28	-3.66	38.84	39.06	9.21	82.38	103	
6	27	33	5.82	36.93	3.82	9.10	22.73	104	
6	27	38	2.70	3.24	2.36	3.15	-0.34	105	
6	27	43	4.40	5.42	2.45	0.04	1.99	106	
6	31	3	3.98	4.72	6.07	-1.20	2.35	107	
6	31	8	1.92	11.33	23.88	-4.90	17.61	108	
6	31	13	2.35	11.52	2.06	0.99	1.78	109	
6	31	18	-56.62	-36.71	4.27	-53.85	6.01	110	
6	31	23	9.35	4.98	2.77	2.62	1.87	111	
6	31	28	2.17	1.06	1.42	-1.17	-1.59	112	
6	31	33	3.08	2.31	7.17	0.92	-1.12	113	
6	31	38	2.33	2.75	2.27	0.42	0.98	114	
6	31	43	6.97	4.44	4.47	-1.18	-3.32	115	
6	35	3	1.94	3.19	1.48	-2.01	-0.80	116	
6	35	8	4.35	0.68	1.60	-1.68	-0.51	117	
6	35	13	17.92	22.72	1.88	-19.34	-6.93	118	
6	35	18	-17.91	-18.26	10.02	40.18	19.63	119	
6	35	23	5.72	3.97	3.30	2.56	-0.63	120	
6	35	28	3.34	3.94	3.07	0.95	0.04	121	
6	35	33	1.34	3.29	1.20	2.15	0.78	122	
6	35	38	3.07	3.99	2.14	-0.80	-0.76	123	
6	35	43	3.74	2.44	4.80	-1.74	-0.53	124	
6	39	3	4.69	3.47	4.67	-2.81	-0.51	125	
6	39	8	18.45	32.25	-15.47	-41.56	-29.51	126	
6	39	13	-2.84	-49.22	18.83	-13.92	-52.68	127	
6	39	18	17.55	24.38	-2.24	30.82	18.89	128	
6	39	23	2.86	2.15	2.86	0.53	-1.06	129	
6	39	28	2.86	3.28	2.80	-0.36	-0.68	130	
6	39	33	1.99	2.38	2.77	0.10	0.49	131	
6	39	38	3.79	2.43	4.34	-1.41	-0.02	132	
6	39	43	-0.95	1.70	1.00	2.35	-0.11	133	
6	43	3	4.52	3.02	3.19	-1.58	0.09	134	
6	43	8	13.54	-10.60	35.95	-26.62	22.61	135	
6	43	13	-1.35	42.14	0.07	21.40	56.61	136	
6	43	18	3.40	4.92	3.65	-0.31	2.89	137	
6	43	23	3.26	3.66	1.88	2.17	-0.69	138	
6	43	28	2.45	2.11	3.57	-1.59	-0.87	139	
6	43	33	3.58	4.31	2.65	0.58	-2.32	140	
6	43	38	2.79	2.22	3.33	1.99	-0.51	141	
6	43	43	5.12	4.17	2.93	-3.30	-0.26	142	
