143
diam	c	r	EConv0	EConv1	EConv2	OConv0	OConv1
6	3	3	3.43	2.68	3.13	3.94	3.97	44	
6	3	8	3.98	5.85	3.72	-1.15	-1.87	45	
6	3	13	10.88	26.62	1.63	-4.80	-8.19	46	
6	3	18	-31.88	-79.95	22.23	-16.43	-8.16	47	
6	3	23	14.83	36.74	2.33	14.56	17.81	48	
6	3	28	2.93	10.87	9.49	1.24	-2.68	49	
6	3	33	2.37	2.88	3.87	0.88	-0.92	50	
6	3	38	4.27	14.88	2.33	-2.12	-5.60	51	
6	3	43	-3.21	13.17	43.86	13.06	-36.12	52	
6	7	3	5.12	2.91	3.33	1.59	-0.35	53	
6	7	8	7.34	12.23	-0.61	-3.48	-2.15	54	
6	7	13	-17.13	-74.26	5.64	-35.44	-38.77	55	
6	7	18	29.34	36.74	-15.14	46.40	38.45	56	
6	7	23	19.68	31.53	-2.22	-32.16	-38.80	57	
6	7	28	12.28	-41.08	-48.56	-3.59	9.48	58	
6	7	33	15.77	26.74	6.42	-0.98	-10.39	59	
6	7	38	-16.52	-38.89	-16.74	-63.92	-53.63	60	
6	7	43	-47.77	-23.73	-67.19	50.79	-2.83	61	
6	11	3	4.32	4.22	2.70	-0.87	-0.35	62	
6	11	8	22.59	-3.71	14.93	-20.47	5.94	63	
6	11	13	10.72	45.70	-5.31	38.30	38.78	64	
6	11	18	15.66	33.65	-1.88	-31.02	-33.63	65	
6	11	23	2.33	-14.49	7.61	38.59	40.25	66	
6	11	28	16.95	19.63	8.95	-25.82	-10.49	67	
6	11	33	-21.12	-60.91	7.07	-46.69	-32.02	68	
6	11	38	9.05	39.23	13.58	29.21	57.67	69	
6	11	43	-18.04	13.65	23.74	-37.31	22.34	70	
6	15	3	3.93	2.71	4.76	0.73	-2.58	71	
6	15	8	3.62	2.59	3.89	-0.57	-3.02	72	
6	15	13	7.65	13.07	1.36	-4.83	-2.83	73	
6	15	18	-22.25	-31.60	17.44	-8.61	32.88	74	
6	15	23	4.64	3.54	3.84	1.29	1.50	75	
6	15	28	-14.06	-22.18	-0.73	-74.68	-34.46	76	
6	15	33	22.76	43.99	-0.35	43.82	46.17	77	
6	15	38	3.26	1.86	2.90	-0.29	-0.35	78	
6	15	43	-27.94	-12.58	6.08	-7.08	7.35	79	
6	19	3	2.26	1.90	1.80	-1.69	-0.69	80	
6	19	8	2.86	4.88	3.01	0.33	-0.86	81	
6	19	13	-12.86	-24.91	-0.28	-30.99	-10.53	82	
6	19	18	5.84	10.55	1.48	3.87	2.39	83	
6	19	23	27.03	41.40	-8.45	-31.47	-25.20	84	
6	19	28	-0.18	-13.39	6.79	60.43	40.19	85	
6	19	33	6.09	14.06	12.55	-6.79	-22.23	86	
6	19	38	4.08	-2.03	15.03	12.00	-26.96	87	
6	19	43	-10.16	-5.89	-3.17	18.98	8.21	88	
6	23	3	2.54	3.35	2.97	-0.63	-0.21	89	
6	23	8	21.49	25.04	-1.30	-19.24	-14.18	90	
6	23	13	15.23	11.46	2.61	22.16	15.42	91	
6	23	18	3.89	6.64	1.15	-0.28	-1.34	92	
6	23	23	-27.65	-67.52	13.80	-2.61	12.97	93	
6	23	28	-2.70	20.92	11.18	-1.92	-49.64	94	
6	23	33	5.45	-3.81	-6.55	26.90	35.90	95	
6	23	38	2.55	35.23	4.93	-10.57	-1.85	96	
6	23	43	8.91	9.72	1.20	10.39	4.11	97	
6	27	3	3.56	3.21	4.38	1.09	2.84	98	
6	27	8	-14.16	-15.69	22.52	-4.01	-10.50	99	
6	27	13	5.33	3.40	3.93	-0.59	-2.37	100	
6	27	18	-19.40	-14.09	1.68	-22.85	-39.91	101	
6	27	23	9.47	41.32	-6.19	-23.80	-25.26	102	
6	27	28	16.86	19.39	5.57	45.63	47.55	103	
6	27	33	9.31	13.16	1.60	-3.07	-4.51	104	
6	27	38	-8.57	-16.32	22.34	11.51	14.42	105	
6	27	43	-0.33	0.46	-0.01	0.50	-2.32	106	
6	31	3	6.63	6.80	1.81	-0.87	-3.64	107	
6	31	8	5.84	-0.06	9.05	49.07	15.69	108	
6	31	13	4.75	24.64	-7.48	-40.42	-39.78	109	
6	31	18	11.30	33.27	-9.09	35.12	30.40	110	
6	31	23	-27.85	-37.40	0.95	46.65	30.71	111	
6	31	28	3.09	4.37	2.74	-2.73	1.67	112	
6	31	33	1.84	-13.60	14.02	-15.55	-12.85	113	
6	31	38	10.90	19.01	0.22	12.81	7.81	114	
6	31	43	3.51	4.04	5.95	1.98	2.56	115	
6	35	3	9.99	1.49	7.39	-3.56	-0.79	116	
6	35	8	-4.03	11.29	-35.03	10.41	-64.94	117	
6	35	13	-5.49	-25.07	0.21	46.45	41.47	118	
6	35	18	23.38	23.81	-0.13	-81.87	-31.74	119	
6	35	23	31.56	22.45	5.85	15.34	6.78	120	
6	35	28	-2.62	5.00	11.55	-0.39	-20.90	121	
6	35	33	-2.02	11.56	-0.85	12.61	18.36	122	
6	35	38	5.01	5.10	-0.66	-1.42	2.14	123	
6	35	43	6.57	6.91	7.65	-1.10	-4.80	124	
6	39	3	3.20	5.51	4.31	1.48	5.05	125	
6	39	8	-24.32	11.70	17.17	1.24	72.28	126	
6	39	13	7.14	11.40	6.12	-0.43	2.26	127	
6	39	18	-2.82	-21.13	-6.85	-99.04	24.27	128	
6	39	23	30.57	-25.14	3.87	49.86	-30.10	129	
6	39	28	0.05	14.00	2.27	17.43	21.22	130	
6	39	33	13.58	49.36	3.07	-22.37	-31.82	131	
6	39	38	-0.98	-40.98	-10.15	-29.74	-84.62	132	
6	39	43	8.91	-27.33	13.80	81.72	-42.82	133	
6	43	3	4.14	0.72	2.89	-0.86	-0.17	134	
6	43	8	2.13	2.28	1.50	-0.05	-2.70	135	
6	43	13	1.00	2.98	2.37	0.33	-2.74	136	
6	43	18	4.06	3.38	25.46	-5.44	15.49	137	
6	43	23	5.42	30.16	9.26	4.25	14.13	138	
6	43	28	14.65	37.50	-3.49	-22.33	-24.59	139	
6	43	33	-19.33	-89.21	-2.05	9.17	27.72	140	
6	43	38	9.39	45.57	23.94	22.17	72.86	141	
6	43	43	-54.02	7.60	-38.43	39.97	31.15	142	
