143
diam	c	r	EConv0	EConv1	EConv2	OConv0	OConv1
6	3	3	4.18	3.14	2.72	0.53	-1.45	44	
6	3	8	-15.15	4.84	10.88	8.77	-1.49	45	
6	3	13	3.86	3.39	-2.18	-1.26	1.81	46	
6	3	18	-0.17	4.34	5.96	-13.53	-19.43	47	
6	3	23	6.74	6.63	2.40	13.16	8.03	48	
6	3	28	1.74	2.27	4.83	-0.31	0.34	49	
6	3	33	2.20	3.42	0.85	-2.67	-0.90	50	
6	3	38	2.78	6.53	9.24	1.10	-5.95	51	
6	3	43	3.77	1.35	1.61	1.22	-2.50	52	
6	7	3	1.53	2.25	0.88	0.74	0.55	53	
6	7	8	-22.76	7.20	-19.13	-12.34	-3.12	54	
6	7	13	7.28	-5.31	8.05	-8.39	-32.26	55	
6	7	18	-3.97	-3.58	1.96	21.63	22.70	56	
6	7	23	1.99	9.38	1.07	-5.22	-4.11	57	
6	7	28	0.47	-0.70	-1.78	1.45	-9.04	58	
6	7	33	9.13	14.16	7.19	-11.73	-16.12	59	
6	7	38	-4.16	-8.13	-12.62	-3.11	-16.00	60	
6	7	43	11.49	1.38	11.66	6.61	-3.91	61	
6	11	3	3.01	1.37	5.20	-0.95	-1.88	62	
6	11	8	-9.98	-12.86	-4.69	-29.25	10.66	63	
6	11	13	2.16	3.24	1.10	17.47	24.39	64	
6	11	18	6.26	9.34	0.27	3.76	-1.46	65	
6	11	23	-0.16	-3.03	6.24	-0.91	4.98	66	
6	11	28	13.04	15.58	9.02	-8.77	-1.21	67	
6	11	33	-8.60	-19.49	-1.62	5.92	1.59	68	
6	11	38	15.18	12.82	12.86	-3.55	24.00	69	
6	11	43	11.43	5.09	3.72	27.24	-0.99	70	
6	15	3	2.17	2.63	1.98	-0.16	0.88	71	
6	15	8	2.28	2.94	9.14	-0.73	4.65	72	
6	15	13	3.78	6.42	5.21	-0.56	0.25	73	
6	15	18	2.65	1.35	2.65	0.46	2.21	74	
6	15	23	5.43	11.15	3.33	-1.30	-2.73	75	
6	15	28	-10.93	-7.81	5.58	-12.43	-15.65	76	
6	15	33	-0.49	19.42	1.72	10.92	9.55	77	
6	15	38	5.46	8.86	9.31	-5.30	-23.61	78	
6	15	43	10.39	4.53	5.54	21.67	-0.39	79	
6	19	3	3.11	2.84	3.74	1.61	-1.49	80	
6	19	8	3.40	4.43	2.84	2.49	0.69	81	
6	19	13	-3.91	-3.38	1.36	-0.01	-5.61	82	
6	19	18	0.59	1.12	0.97	1.97	1.67	83	
6	19	23	0.27	-1.92	2.08	-22.94	-16.00	84	
6	19	28	0.32	7.41	-7.53	9.68	16.37	85	
6	19	33	-1.61	-20.69	0.27	-3.12	-9.88	86	
6	19	38	15.53	16.89	0.06	-2.99	16.13	87	
6	19	43	15.46	11.26	-1.51	14.61	5.18	88	
6	23	3	3.17	2.12	1.15	2.14	-0.95	89	
6	23	8	2.77	7.16	2.46	-5.12	-10.06	90	
6	23	13	3.09	7.30	4.36	4.44	6.41	91	
6	23	18	1.96	8.52	-4.62	-18.45	-26.77	92	
6	23	23	-2.57	-5.05	3.49	18.41	12.10	93	
6	23	28	-6.64	-7.31	7.49	-8.58	-11.91	94	
6	23	33	9.29	21.76	3.94	10.53	9.50	95	
6	23	38	-9.17	-14.88	6.49	-8.11	1.42	96	
6	23	43	3.28	4.81	4.15	1.97	-0.37	97	
6	27	3	9.31	4.68	4.51	3.56	-3.66	98	
6	27	8	-5.41	-8.80	11.03	8.98	-2.57	99	
6	27	13	6.48	11.88	-4.16	-15.52	-19.21	100	
6	27	18	-3.96	-17.30	7.52	11.14	14.34	101	
6	27	23	12.39	17.89	1.89	-22.39	-12.81	102	
6	27	28	7.37	7.57	4.95	20.74	16.39	103	
6	27	33	-0.46	4.96	4.08	-15.92	-18.74	104	
6	27	38	6.32	5.92	-1.06	9.83	12.58	105	
6	27	43	2.15	4.83	3.16	-0.35	1.34	106	
6	31	3	6.94	7.99	-0.91	-17.35	-7.49	107	
6	31	8	13.05	24.60	0.30	2.21	-12.09	108	
6	31	13	-5.30	-23.56	13.57	6.46	-1.41	109	
6	31	18	9.85	27.18	-2.01	-3.23	2.74	110	
6	31	23	-6.92	-22.19	8.22	7.76	10.19	111	
6	31	28	6.65	17.63	-0.81	-19.53	-19.89	112	
6	31	33	2.17	-7.78	-0.36	19.78	16.23	113	
6	31	38	10.01	12.68	0.63	-3.81	-7.54	114	
6	31	43	4.98	0.86	20.11	7.08	-13.03	115	
6	35	3	-9.11	1.02	-2.28	-26.99	-9.75	116	
6	35	8	-6.39	-17.98	2.18	0.29	-3.64	117	
6	35	13	9.21	19.32	-2.62	13.85	15.85	118	
6	35	18	-1.66	-2.62	4.01	-30.87	-19.75	119	
6	35	23	12.16	15.49	-2.65	3.54	-30.93	120	
6	35	28	-4.08	-22.62	5.07	12.92	18.10	121	
6	35	33	9.36	10.03	3.40	1.73	2.27	122	
6	35	38	26.84	3.26	13.56	-23.63	0.98	123	
6	35	43	15.36	5.08	-9.30	35.40	12.62	124	
6	39	3	-1.44	-7.56	11.40	-18.06	25.97	125	
6	39	8	6.65	21.99	4.96	13.51	19.63	126	
6	39	13	3.17	3.52	2.12	-2.74	0.02	127	
6	39	18	-17.95	-23.19	-10.99	-1.77	31.10	128	
6	39	23	-0.13	13.06	6.62	1.75	40.49	129	
6	39	28	4.38	12.56	1.30	5.33	7.49	130	
6	39	33	3.70	3.55	4.32	-2.08	-0.00	131	
6	39	38	5.13	4.93	6.03	2.90	2.79	132	
6	39	43	6.48	9.71	6.42	-0.42	-1.83	133	
6	43	3	3.89	2.93	5.13	-2.10	-2.72	134	
6	43	8	-0.04	4.91	2.85	2.19	1.89	135	
6	43	13	0.71	1.74	3.33	1.79	2.89	136	
6	43	18	3.66	3.58	6.39	-0.66	3.18	137	
6	43	23	2.58	2.11	5.02	-0.91	0.39	138	
6	43	28	3.27	3.64	3.90	2.28	-0.12	139	
6	43	33	3.12	1.93	1.82	-0.09	3.09	140	
6	43	38	2.11	1.82	2.77	3.29	1.27	141	
6	43	43	1.98	3.07	4.22	-0.65	2.08	142	
