143
diam	c	r	EConv0	EConv1	EConv2	OConv0	OConv1
6	3	3	6.23	5.17	5.15	-0.31	0.52	44	
6	3	8	4.94	4.74	4.64	-1.84	0.01	45	
6	3	13	3.17	3.74	4.09	1.99	1.14	46	
6	3	18	4.80	6.11	3.97	-0.73	-1.34	47	
6	3	23	10.61	7.59	6.13	-57.26	-39.16	48	
6	3	28	26.61	42.84	-3.99	29.18	26.19	49	
6	3	33	6.23	5.23	5.74	0.41	1.45	50	
6	3	38	-1.91	-6.68	6.23	-12.85	-8.99	51	
6	3	43	10.27	2.22	5.34	13.85	-2.05	52	
6	7	3	6.04	4.55	4.17	-1.19	-0.46	53	
6	7	8	4.56	3.41	4.64	-0.10	0.03	54	
6	7	13	4.66	4.57	5.19	1.46	0.91	55	
6	7	18	18.91	40.90	0.58	-22.15	-19.83	56	
6	7	23	-12.34	-20.23	4.92	53.95	35.98	57	
6	7	28	4.34	2.54	3.92	-1.13	-0.33	58	
6	7	33	12.15	13.10	-0.41	-8.92	-6.68	59	
6	7	38	10.65	11.32	7.98	10.72	6.52	60	
6	7	43	6.92	5.80	5.08	9.19	0.03	61	
6	11	3	5.52	4.18	4.42	-0.95	-0.59	62	
6	11	8	4.48	4.10	3.87	1.06	1.34	63	
6	11	13	6.97	8.39	3.99	0.54	-1.04	64	
6	11	18	-44.39	-73.74	16.75	-38.53	-35.10	65	
6	11	23	14.27	18.22	2.09	6.35	6.08	66	
6	11	28	5.14	5.52	5.00	-1.82	-1.18	67	
6	11	33	-3.45	-5.82	10.17	-7.23	-4.77	68	
6	11	38	7.91	12.34	1.00	-5.43	-2.26	69	
6	11	43	11.25	6.07	7.34	8.89	-1.27	70	
6	15	3	4.68	4.21	5.35	-1.10	-0.27	71	
6	15	8	4.23	4.18	2.74	-0.97	0.34	72	
6	15	13	30.27	39.87	-4.35	-70.87	-51.96	73	
6	15	18	32.48	33.46	1.47	78.89	48.05	74	
6	15	23	5.75	5.48	5.08	0.88	0.00	75	
6	15	28	13.10	13.55	3.45	-10.14	-3.24	76	
6	15	33	10.51	8.67	2.87	15.99	10.06	77	
6	15	38	-14.28	-14.62	8.10	0.15	-6.70	78	
6	15	43	7.15	6.64	4.37	6.47	0.98	79	
6	19	3	5.03	4.97	4.24	-0.27	-0.07	80	
6	19	8	16.92	23.04	0.63	-13.00	-10.34	81	
6	19	13	-57.41	-85.57	18.82	20.87	12.34	82	
6	19	18	10.10	14.10	0.28	3.37	1.77	83	
6	19	23	3.27	12.77	18.05	1.10	-9.85	84	
6	19	28	-16.00	-10.95	10.34	-5.54	-19.56	85	
6	19	33	9.38	32.23	15.71	-23.61	-47.01	86	
6	19	38	21.66	17.98	1.87	19.72	13.08	87	
6	19	43	5.08	4.66	3.72	4.83	2.37	88	
6	23	3	6.11	4.58	4.69	-1.61	0.55	89	
6	23	8	16.05	8.42	-7.24	-90.55	-43.54	90	
6	23	13	44.41	63.47	-7.37	53.31	38.35	91	
6	23	18	-6.53	-49.60	-18.69	-34.02	-66.77	92	
6	23	23	2.47	-32.40	-58.72	1.22	-26.72	93	
6	23	28	-3.02	-62.37	-46.35	19.48	-0.46	94	
6	23	33	3.04	24.31	-5.27	41.66	63.65	95	
6	23	38	3.60	5.53	8.16	0.10	-4.89	96	
6	23	43	6.18	4.48	4.57	5.48	0.27	97	
6	27	3	5.87	4.47	4.66	-2.42	-0.49	98	
6	27	8	-24.07	-0.45	30.16	-11.94	52.48	99	
6	27	13	-0.24	-10.52	2.14	-62.82	-33.32	100	
6	27	18	19.07	54.31	20.56	22.61	51.37	101	
6	27	23	-22.71	-11.65	33.43	7.54	22.44	102	
6	27	28	3.40	21.21	11.62	0.80	10.90	103	
6	27	33	5.26	4.30	4.13	-0.12	-1.07	104	
6	27	38	5.65	8.64	4.60	1.90	7.25	105	
6	27	43	5.11	4.21	3.76	5.44	-1.84	106	
6	31	3	4.38	3.49	4.35	-0.53	-0.32	107	
6	31	8	8.67	11.65	2.58	-5.95	-2.33	108	
6	31	13	-15.07	-7.53	7.38	42.42	32.48	109	
6	31	18	22.84	26.27	3.07	-30.66	-19.89	110	
6	31	23	20.47	22.37	3.44	17.47	11.00	111	
6	31	28	4.61	4.36	4.27	-0.22	0.18	112	
6	31	33	3.94	4.51	3.33	0.86	0.48	113	
6	31	38	4.44	14.01	9.65	-6.33	-14.74	114	
6	31	43	8.66	4.90	7.16	8.55	-2.08	115	
6	35	3	5.07	5.35	4.21	-0.35	-0.85	116	
6	35	8	18.93	9.69	0.27	-42.27	-13.96	117	
6	35	13	29.70	39.67	-0.47	-1.04	-3.99	118	
6	35	18	-13.25	-41.36	6.66	31.50	19.22	119	
6	35	23	4.02	5.34	3.28	0.37	1.78	120	
6	35	28	4.59	4.58	4.71	1.05	0.04	121	
6	35	33	11.73	8.66	0.04	-21.00	-14.71	122	
6	35	38	23.64	42.56	3.21	-13.55	-0.94	123	
6	35	43	18.15	7.31	9.57	18.92	-2.04	124	
6	39	3	4.20	3.74	3.44	-1.52	1.14	125	
6	39	8	9.34	-2.96	12.03	-31.37	15.62	126	
6	39	13	-19.38	-57.33	-4.90	-4.64	-4.32	127	
6	39	18	12.93	17.64	2.56	5.77	5.66	128	
6	39	23	4.14	5.00	6.90	0.04	-2.62	129	
6	39	28	6.69	6.39	3.98	-0.92	0.79	130	
6	39	33	-11.20	-1.01	10.13	14.04	-10.48	131	
6	39	38	-38.39	-66.49	17.12	3.88	-0.50	132	
6	39	43	11.59	7.90	10.50	15.17	-2.55	133	
6	43	3	3.56	3.24	4.00	-1.44	0.53	134	
6	43	8	25.13	27.26	-4.00	-34.83	-18.14	135	
6	43	13	3.77	-3.78	-23.52	19.31	29.10	136	
6	43	18	14.35	16.98	1.96	-8.66	-6.27	137	
6	43	23	6.44	-32.46	2.96	53.04	-12.76	138	
6	43	28	5.61	2.63	5.04	-2.45	0.44	139	
6	43	33	-17.44	-41.09	-47.35	-23.43	6.79	140	
6	43	38	36.90	47.85	-6.54	24.08	22.92	141	
6	43	43	19.96	11.15	6.51	25.30	5.09	142	
