143
diam	c	r	EConv0	EConv1	EConv2	OConv0	OConv1
6	3	3	2.60	4.08	2.56	-0.17	0.86	44	
6	3	8	-9.62	-22.45	20.83	-45.97	53.58	45	
6	3	13	13.51	43.96	5.76	22.09	35.66	46	
6	3	18	2.42	7.82	11.45	6.14	-8.02	47	
6	3	23	2.94	1.91	3.62	1.65	0.68	48	
6	3	28	3.64	2.58	4.85	0.73	-0.15	49	
6	3	33	2.40	4.09	2.12	-2.42	-0.66	50	
6	3	38	2.86	14.14	5.74	-4.50	-18.77	51	
6	3	43	5.54	4.10	16.40	6.73	-8.69	52	
6	7	3	3.87	3.57	1.70	-1.93	2.52	53	
6	7	8	12.95	22.42	1.33	-13.72	-13.15	54	
6	7	13	-0.17	-6.69	-2.23	-23.22	-49.74	55	
6	7	18	-1.48	-10.93	-27.07	1.91	-40.44	56	
6	7	23	-9.66	-4.11	8.51	33.63	-72.60	57	
6	7	28	5.07	6.13	4.84	1.22	-1.72	58	
6	7	33	-0.14	3.41	1.72	-14.98	-18.65	59	
6	7	38	3.04	-8.65	3.01	3.45	24.61	60	
6	7	43	-18.82	-0.19	-25.62	26.11	1.61	61	
6	11	3	7.22	1.94	1.32	-2.76	-2.18	62	
6	11	8	-3.23	-26.98	5.35	-26.19	-9.69	63	
6	11	13	2.45	14.07	13.97	25.25	53.97	64	
6	11	18	9.70	23.82	44.30	-15.60	61.10	65	
6	11	23	-11.84	10.03	-44.30	-35.50	45.05	66	
6	11	28	32.79	11.13	19.95	5.88	-22.04	67	
6	11	33	-6.84	-14.37	-0.88	21.49	20.89	68	
6	11	38	5.33	11.00	3.54	-3.52	-0.12	69	
6	11	43	-10.93	-7.16	6.07	7.16	4.90	70	
6	15	3	14.27	4.98	4.16	-9.90	-0.73	71	
6	15	8	2.69	8.73	7.23	20.61	15.81	72	
6	15	13	3.90	5.55	4.09	1.64	0.11	73	
6	15	18	3.72	2.93	4.75	-0.66	1.36	74	
6	15	23	38.44	11.78	37.92	-36.63	13.83	75	
6	15	28	12.92	-20.55	4.96	48.09	2.13	76	
6	15	33	7.80	10.16	2.33	5.07	4.30	77	
6	15	38	7.26	8.27	5.16	-23.30	-12.68	78	
6	15	43	11.67	8.38	1.76	21.46	7.48	79	
6	19	3	11.07	1.92	10.50	-4.94	1.72	80	
6	19	8	-3.13	4.90	-5.51	21.95	-18.62	81	
6	19	13	0.21	-1.65	4.29	3.35	-1.11	82	
6	19	18	7.54	14.11	2.95	-1.66	-3.70	83	
6	19	23	6.06	-19.68	6.56	-23.14	-21.48	84	
6	19	28	-0.10	27.35	-0.71	64.33	-31.02	85	
6	19	33	8.70	24.96	20.45	-13.67	-40.42	86	
6	19	38	-4.96	-19.88	2.74	21.55	7.32	87	
6	19	43	5.79	6.59	3.83	5.86	1.08	88	
6	23	3	4.15	6.07	1.00	-2.04	-1.20	89	
6	23	8	-4.66	38.28	19.05	-28.20	-20.02	90	
6	23	13	20.16	29.51	38.43	5.86	-35.50	91	
6	23	18	-6.94	-27.07	-0.32	-5.90	-40.82	92	
6	23	23	5.73	14.55	-3.62	26.37	26.28	93	
6	23	28	-22.72	-15.56	-32.29	-40.48	48.03	94	
6	23	33	0.24	-15.93	-9.84	27.04	46.30	95	
6	23	38	6.99	17.11	1.14	9.23	9.82	96	
6	23	43	4.06	4.41	3.93	3.64	0.39	97	
6	27	3	6.17	2.05	4.44	-2.88	1.18	98	
6	27	8	-30.17	-50.14	-17.71	-24.79	14.46	99	
6	27	13	-32.95	-22.56	-48.08	30.06	10.55	100	
6	27	18	1.27	26.23	12.22	6.44	35.07	101	
6	27	23	4.57	3.17	5.29	1.25	0.25	102	
6	27	28	3.69	2.76	12.04	-2.00	6.97	103	
6	27	33	4.32	7.11	3.84	2.13	3.57	104	
6	27	38	3.07	4.83	4.90	1.51	1.28	105	
6	27	43	1.36	3.86	2.76	-0.36	-0.71	106	
6	31	3	2.59	3.56	3.30	-0.71	-0.08	107	
6	31	8	-6.33	19.10	14.37	1.92	26.70	108	
6	31	13	-23.26	2.88	8.41	-24.47	16.20	109	
6	31	18	5.81	5.10	4.16	3.11	2.15	110	
6	31	23	2.74	4.75	3.49	1.42	0.66	111	
6	31	28	2.44	2.41	3.53	-1.25	-0.05	112	
6	31	33	5.12	3.72	3.98	-1.33	0.99	113	
6	31	38	4.33	3.81	2.77	-0.09	1.21	114	
6	31	43	3.18	3.09	3.25	1.67	1.35	115	
6	35	3	2.11	4.12	1.43	-0.63	0.74	116	
6	35	8	4.14	4.40	0.64	-2.74	-1.15	117	
6	35	13	-20.07	-15.11	7.99	5.76	-7.84	118	
6	35	18	1.38	1.78	1.15	0.31	1.53	119	
6	35	23	5.94	6.67	5.62	0.29	0.18	120	
6	35	28	3.09	3.28	4.36	1.31	-0.30	121	
6	35	33	3.32	2.65	4.41	0.72	-0.20	122	
6	35	38	3.79	5.58	2.74	-2.41	0.07	123	
6	35	43	3.84	3.40	4.40	2.12	0.14	124	
6	39	3	7.22	2.12	1.29	-3.60	-0.61	125	
6	39	8	-4.70	-10.75	-0.89	3.16	-50.21	126	
6	39	13	5.75	8.24	5.49	19.68	15.16	127	
6	39	18	5.56	5.05	2.98	2.02	0.62	128	
6	39	23	5.44	4.61	4.46	-0.32	2.19	129	
6	39	28	2.24	4.64	4.53	1.46	-1.28	130	
6	39	33	3.27	4.20	1.89	1.07	0.65	131	
6	39	38	2.61	1.46	3.93	-3.12	0.77	132	
6	39	43	4.76	6.18	3.72	1.28	0.80	133	
6	43	3	3.73	3.40	2.94	0.25	1.17	134	
6	43	8	-8.09	18.88	15.74	-1.67	38.51	135	
6	43	13	3.54	8.64	0.81	3.09	3.18	136	
6	43	18	2.00	2.27	3.09	-1.91	0.96	137	
6	43	23	3.66	3.07	3.47	-1.29	-0.91	138	
6	43	28	1.86	2.66	1.87	0.81	4.26	139	
6	43	33	3.44	1.75	3.88	-0.56	-3.74	140	
6	43	38	3.00	3.66	3.42	-0.36	-0.34	141	
6	43	43	3.09	2.42	2.23	-1.07	0.62	142	
