143
diam	c	r	EConv0	EConv1	EConv2	OConv0	OConv1
6	3	3	4.75	4.07	4.55	-0.84	0.13	44	
6	3	8	-4.35	-0.89	-6.76	-61.88	-19.71	45	
6	3	13	3.63	-0.71	5.36	29.23	36.29	46	
6	3	18	8.14	13.60	3.40	5.54	3.83	47	
6	3	23	4.45	4.61	3.96	0.30	0.55	48	
6	3	28	4.15	4.02	4.53	-1.26	0.86	49	
6	3	33	4.31	4.19	4.43	-0.00	-0.21	50	
6	3	38	3.64	4.39	3.88	0.93	-0.23	51	
6	3	43	4.33	3.76	4.94	1.14	0.42	52	
6	7	3	3.12	4.75	4.22	0.01	-0.83	53	
6	7	8	-21.12	-14.90	13.16	-23.44	31.77	54	
6	7	13	7.49	16.92	2.66	3.38	5.66	55	
6	7	18	4.96	6.35	9.05	3.14	-5.31	56	
6	7	23	3.73	4.91	5.38	-0.59	-1.93	57	
6	7	28	4.93	7.14	5.56	-1.28	-2.53	58	
6	7	33	4.02	7.61	7.79	0.78	-5.48	59	
6	7	38	4.60	3.21	4.52	0.61	0.29	60	
6	7	43	5.23	5.17	4.60	2.56	-0.13	61	
6	11	3	3.33	3.70	4.08	-0.29	-0.22	62	
6	11	8	2.57	4.67	5.83	-3.57	3.53	63	
6	11	13	7.79	10.51	2.23	-10.27	-9.89	64	
6	11	18	-2.98	1.44	0.70	7.23	-16.81	65	
6	11	23	6.42	10.19	5.13	-3.45	-1.80	66	
6	11	28	2.03	-3.46	4.62	-2.05	-9.59	67	
6	11	33	0.38	0.50	-6.29	-2.89	-2.71	68	
6	11	38	7.44	5.60	4.67	3.55	-0.04	69	
6	11	43	3.94	4.65	4.38	0.45	-0.87	70	
6	15	3	3.33	3.82	4.05	-1.06	-0.99	71	
6	15	8	7.62	9.22	-0.32	-5.90	-4.96	72	
6	15	13	-1.76	-11.85	5.55	-7.80	-7.04	73	
6	15	18	7.52	8.39	-2.55	-6.73	13.90	74	
6	15	23	10.16	-2.53	8.51	-2.89	-7.27	75	
6	15	28	5.40	5.74	1.38	10.92	9.00	76	
6	15	33	-0.19	3.76	9.70	-7.66	0.18	77	
6	15	38	4.95	4.73	3.94	-1.55	-0.26	78	
6	15	43	4.14	3.93	3.90	0.06	-0.79	79	
6	19	3	4.02	4.48	4.20	-0.70	0.14	80	
6	19	8	2.13	0.39	2.45	-21.70	-10.88	81	
6	19	13	9.65	13.94	6.19	15.43	14.30	82	
6	19	18	13.55	10.78	10.93	-15.48	-2.76	83	
6	19	23	8.12	9.91	8.34	12.37	5.49	84	
6	19	28	7.52	11.49	6.10	-2.92	-4.74	85	
6	19	33	1.17	-2.36	4.35	9.75	5.40	86	
6	19	38	4.18	3.55	4.55	1.30	-1.42	87	
6	19	43	3.90	4.35	4.35	0.11	0.88	88	
6	23	3	3.84	4.48	4.38	0.39	0.17	89	
6	23	8	-18.55	-1.78	6.10	2.39	-3.87	90	
6	23	13	7.16	8.40	11.70	1.47	-14.47	91	
6	23	18	11.35	-6.98	6.00	1.19	6.13	92	
6	23	23	6.66	4.93	-1.02	10.23	-12.90	93	
6	23	28	0.05	-9.01	3.20	2.34	-7.02	94	
6	23	33	10.80	9.16	3.44	7.65	4.14	95	
6	23	38	4.29	5.27	4.59	0.46	2.05	96	
6	23	43	4.19	4.48	4.21	0.08	-0.10	97	
6	27	3	4.17	4.28	3.68	-0.85	0.26	98	
6	27	8	-15.67	-1.83	-10.45	-11.72	-4.92	99	
6	27	13	2.12	-6.04	2.53	17.71	9.87	100	
6	27	18	10.75	11.50	5.60	2.84	4.88	101	
6	27	23	3.77	2.52	-1.51	-12.08	17.57	102	
6	27	28	6.94	9.94	2.53	16.44	12.99	103	
6	27	33	4.38	4.53	5.11	1.73	-0.56	104	
6	27	38	3.48	3.79	3.90	-0.48	0.09	105	
6	27	43	3.66	4.07	3.91	-0.77	-0.94	106	
6	31	3	3.74	4.78	4.27	-0.75	0.22	107	
6	31	8	-20.69	-10.76	0.55	-12.07	19.09	108	
6	31	13	8.47	16.20	2.54	11.31	10.63	109	
6	31	18	4.59	3.85	4.48	0.22	-0.03	110	
6	31	23	3.30	4.07	6.66	-0.44	3.39	111	
6	31	28	5.04	6.18	4.69	0.55	3.07	112	
6	31	33	4.36	5.87	4.35	0.45	0.21	113	
6	31	38	3.67	4.20	4.51	-0.89	-0.90	114	
6	31	43	2.62	3.73	3.88	-0.73	-0.08	115	
6	35	3	4.72	4.84	5.14	-2.01	0.17	116	
6	35	8	2.11	7.82	5.45	2.01	8.55	117	
6	35	13	3.20	3.26	2.45	-0.92	0.42	118	
6	35	18	4.32	3.91	5.59	1.60	-0.20	119	
6	35	23	4.23	4.83	5.64	0.02	0.62	120	
6	35	28	5.00	5.44	4.61	-0.29	-1.35	121	
6	35	33	4.30	3.87	8.18	2.18	-3.13	122	
6	35	38	3.34	3.80	4.12	0.03	0.17	123	
6	35	43	2.76	3.96	3.55	-0.23	0.24	124	
6	39	3	4.04	4.59	3.89	-2.56	-0.66	125	
6	39	8	5.86	4.76	4.79	0.61	-0.05	126	
6	39	13	4.48	3.28	4.30	-1.01	-0.68	127	
6	39	18	4.36	4.50	4.04	1.55	0.03	128	
6	39	23	4.05	4.41	3.82	0.16	0.33	129	
6	39	28	4.91	4.02	3.16	-3.70	-0.08	130	
6	39	33	1.06	1.16	1.22	10.71	-1.45	131	
6	39	38	3.68	4.68	4.24	0.71	1.04	132	
6	39	43	3.57	3.51	4.23	-1.02	0.93	133	
6	43	3	4.00	3.69	3.75	-2.39	-1.19	134	
6	43	8	5.95	5.50	4.58	0.79	-3.08	135	
6	43	13	4.44	5.58	6.59	1.89	-3.03	136	
6	43	18	4.01	4.66	4.87	1.46	-0.17	137	
6	43	23	4.57	4.34	4.59	-0.08	-0.59	138	
6	43	28	4.17	4.02	6.40	0.42	1.02	139	
6	43	33	2.80	7.21	2.54	2.36	5.45	140	
6	43	38	3.11	4.64	3.72	-0.83	-3.81	141	
6	43	43	4.58	3.79	4.32	0.57	-1.61	142	
