143
diam	c	r	EConv0	EConv1	EConv2	OConv0	OConv1
6	3	3	15.12	35.02	2.31	-16.47	-28.61	44	
6	3	8	-19.68	-41.37	5.76	-27.15	-34.95	45	
6	3	13	7.95	17.78	3.16	44.02	49.59	46	
6	3	18	5.33	5.55	6.26	-4.56	-5.75	47	
6	3	23	5.40	2.58	5.30	2.58	0.63	48	
6	3	28	6.20	6.40	4.51	-0.75	1.46	49	
6	3	33	9.44	8.89	4.40	-5.03	3.52	50	
6	3	38	-12.45	18.63	-2.63	-10.45	-48.14	51	
6	3	43	13.55	-3.61	17.36	5.38	-12.14	52	
6	7	3	-22.84	-24.47	-12.83	-66.39	-33.61	53	
6	7	8	0.30	3.12	4.07	56.30	58.60	54	
6	7	13	6.61	9.34	6.15	-3.57	1.31	55	
6	7	18	5.52	5.87	3.51	3.18	7.01	56	
6	7	23	3.68	10.72	9.21	1.39	-2.18	57	
6	7	28	-1.50	-1.94	1.91	-0.56	0.86	58	
6	7	33	20.45	25.89	-2.01	-40.12	-22.02	59	
6	7	38	-15.69	-19.54	-3.78	-22.74	-26.32	60	
6	7	43	21.66	0.41	23.65	70.46	-29.31	61	
6	11	3	-36.35	-18.93	5.15	-8.97	49.06	62	
6	11	8	11.07	19.49	0.28	10.09	9.57	63	
6	11	13	6.67	6.16	8.65	4.35	-0.36	64	
6	11	18	8.94	25.89	-4.21	-38.44	-33.39	65	
6	11	23	-6.87	-5.88	8.38	16.19	-60.87	66	
6	11	28	19.71	18.41	14.55	2.73	-12.46	67	
6	11	33	-1.42	-15.73	11.78	-55.33	-40.81	68	
6	11	38	8.12	-25.84	4.31	26.58	64.60	69	
6	11	43	-17.53	22.49	-42.56	32.00	-4.66	70	
6	15	3	1.49	11.30	9.06	0.76	9.05	71	
6	15	8	6.98	5.12	7.81	-1.40	-4.22	72	
6	15	13	16.08	36.71	2.82	-16.73	-19.78	73	
6	15	18	-15.82	-43.45	7.59	-28.10	-30.07	74	
6	15	23	4.43	7.98	-33.22	8.19	35.58	75	
6	15	28	22.97	-0.11	0.51	-18.72	-56.99	76	
6	15	33	-5.67	-27.16	4.87	28.16	37.63	77	
6	15	38	18.17	35.87	10.27	28.63	13.10	78	
6	15	43	-32.97	-11.12	3.53	-53.61	-13.05	79	
6	19	3	4.91	2.63	5.00	-1.11	-2.06	80	
6	19	8	11.11	17.21	2.20	-2.65	-3.45	81	
6	19	13	-7.27	-24.69	4.23	-54.14	-44.40	82	
6	19	18	18.37	12.98	11.15	52.67	62.47	83	
6	19	23	28.82	31.23	23.29	-58.85	5.91	84	
6	19	28	-19.97	-28.41	16.53	42.48	19.20	85	
6	19	33	23.76	36.14	1.75	8.68	34.60	86	
6	19	38	21.43	25.96	-0.67	-31.14	-29.36	87	
6	19	43	-25.32	-35.41	8.83	33.89	19.28	88	
6	23	3	2.26	3.22	4.17	4.66	0.74	89	
6	23	8	12.99	13.74	-4.82	-59.27	-37.91	90	
6	23	13	-2.92	-20.04	10.84	49.80	49.77	91	
6	23	18	21.17	25.32	-0.45	4.70	0.83	92	
6	23	23	-5.80	-28.72	8.54	-42.24	-27.28	93	
6	23	28	-34.23	12.35	-27.08	57.66	-11.33	94	
6	23	33	16.45	18.62	17.15	-15.92	-41.23	95	
6	23	38	-21.49	-29.13	5.47	-23.89	-37.77	96	
6	23	43	21.75	30.01	-0.16	51.55	33.23	97	
6	27	3	7.96	8.87	3.32	-1.53	-0.71	98	
6	27	8	-26.49	-37.28	12.85	-16.33	10.88	99	
6	27	13	17.85	34.02	-1.52	19.09	15.22	100	
6	27	18	8.01	11.84	8.28	-34.58	-42.99	101	
6	27	23	10.06	-1.87	6.91	40.82	44.34	102	
6	27	28	-27.38	13.78	-27.11	-46.86	17.97	103	
6	27	33	10.04	-11.42	0.02	-8.93	-40.11	104	
6	27	38	-21.99	-24.06	5.08	55.11	36.81	105	
6	27	43	7.93	9.85	3.96	3.25	5.90	106	
6	31	3	20.98	13.84	4.91	-14.96	-3.16	107	
6	31	8	3.50	8.74	6.42	47.72	16.50	108	
6	31	13	18.55	24.94	1.82	-32.73	-30.04	109	
6	31	18	-13.76	-31.28	9.53	22.23	9.10	110	
6	31	23	14.15	16.84	4.35	10.32	0.89	111	
6	31	28	11.56	-4.38	13.13	-68.12	33.50	112	
6	31	33	-3.70	-23.13	-7.02	17.06	32.04	113	
6	31	38	19.23	31.21	-1.30	50.65	28.33	114	
6	31	43	4.86	1.81	5.33	-0.13	-2.78	115	
6	35	3	17.33	3.08	6.42	-23.80	-0.56	116	
6	35	8	21.61	32.82	-9.26	0.97	-18.15	117	
6	35	13	-6.88	-35.76	15.65	-14.46	-20.57	118	
6	35	18	12.39	24.19	-5.06	37.16	34.66	119	
6	35	23	3.20	2.54	3.78	-1.12	3.07	120	
6	35	28	11.31	2.32	19.46	-12.57	6.87	121	
6	35	33	8.12	26.64	14.02	9.96	37.07	122	
6	35	38	4.11	7.03	-0.39	6.79	1.50	123	
6	35	43	5.96	4.96	6.29	-0.22	-0.96	124	
6	39	3	5.46	1.07	10.55	-7.25	7.75	125	
6	39	8	1.48	-10.35	-5.84	-57.34	9.02	126	
6	39	13	7.49	13.98	-0.08	43.81	42.81	127	
6	39	18	8.25	6.70	7.00	-3.42	-0.86	128	
6	39	23	6.78	7.06	5.17	-1.70	-1.32	129	
6	39	28	3.71	2.91	6.78	-2.76	2.21	130	
6	39	33	7.91	4.64	0.83	0.14	-0.30	131	
6	39	38	1.00	3.48	6.67	7.01	-2.61	132	
6	39	43	4.56	5.40	3.13	-0.56	0.93	133	
6	43	3	2.33	5.01	2.42	-0.44	-0.37	134	
6	43	8	-0.27	2.30	19.64	-10.38	19.84	135	
6	43	13	2.19	8.84	-1.01	5.85	5.78	136	
6	43	18	6.05	5.73	5.88	0.99	0.32	137	
6	43	23	4.41	2.52	4.10	-0.72	1.47	138	
6	43	28	2.48	3.09	0.46	-1.78	5.77	139	
6	43	33	3.08	2.68	3.69	-4.37	-0.57	140	
6	43	38	-0.57	3.80	2.87	4.90	1.18	141	
6	43	43	4.44	3.57	4.58	-0.69	0.30	142	
