143
diam	c	r	EConv0	EConv1	EConv2	OConv0	OConv1
6	3	3	4.45	3.72	3.67	-2.19	1.27	44	
6	3	8	1.65	1.55	3.28	0.44	2.11	45	
6	3	13	2.98	1.91	2.98	-3.61	-0.71	46	
6	3	18	16.93	39.83	-0.29	-28.58	-31.67	47	
6	3	23	-13.60	-15.06	4.46	38.40	50.99	48	
6	3	28	4.69	4.45	6.21	-2.95	0.00	49	
6	3	33	2.92	3.34	3.90	2.17	1.97	50	
6	3	38	10.58	26.72	4.72	-3.23	-2.01	51	
6	3	43	7.20	7.52	36.40	7.67	-19.87	52	
6	7	3	5.09	4.46	4.25	-1.93	1.36	53	
6	7	8	3.64	2.81	5.07	1.55	1.87	54	
6	7	13	10.25	27.52	1.21	-11.87	-9.72	55	
6	7	18	-20.37	-45.12	12.10	12.59	15.64	56	
6	7	23	6.61	12.90	1.99	2.57	-0.37	57	
6	7	28	3.62	2.43	3.71	1.66	0.72	58	
6	7	33	18.52	38.92	3.11	-8.73	-12.09	59	
6	7	38	-4.28	-41.83	-7.43	-41.16	-64.47	60	
6	7	43	19.77	-17.74	-14.20	92.15	14.52	61	
6	11	3	4.17	3.25	4.24	-1.90	-1.45	62	
6	11	8	5.88	14.42	1.52	1.64	-2.93	63	
6	11	13	-23.20	-41.33	9.76	-24.48	-25.36	64	
6	11	18	19.05	30.70	4.81	19.00	15.56	65	
6	11	23	-20.65	-14.03	0.73	5.47	-17.08	66	
6	11	28	4.40	12.79	2.41	-0.56	2.51	67	
6	11	33	-30.71	-61.72	7.73	-39.63	-40.33	68	
6	11	38	40.24	41.95	25.05	-14.43	75.97	69	
6	11	43	28.27	31.85	0.35	27.74	7.42	70	
6	15	3	4.73	4.70	4.49	-0.47	1.40	71	
6	15	8	-0.30	-12.01	4.04	-45.71	-37.15	72	
6	15	13	11.47	28.24	0.47	39.72	36.72	73	
6	15	18	0.97	6.93	3.59	-27.02	-30.74	74	
6	15	23	13.35	18.55	-4.19	23.62	25.83	75	
6	15	28	-12.12	-26.37	-3.74	-47.38	-61.48	76	
6	15	33	8.87	31.14	-2.18	55.35	58.22	77	
6	15	38	24.04	9.76	4.42	-49.76	-12.73	78	
6	15	43	26.44	5.29	8.88	12.18	2.69	79	
6	19	3	9.34	19.78	-9.51	-45.88	-41.10	80	
6	19	8	5.44	-5.32	0.77	49.22	39.42	81	
6	19	13	14.32	23.83	1.52	-13.94	-12.73	82	
6	19	18	-8.22	-12.76	6.31	28.52	23.31	83	
6	19	23	9.39	9.89	1.36	-51.31	-53.36	84	
6	19	28	4.40	17.82	2.68	53.07	54.04	85	
6	19	33	7.61	12.72	1.85	0.24	-3.00	86	
6	19	38	-40.64	-44.46	7.14	-13.25	-25.94	87	
6	19	43	13.59	9.27	4.35	0.20	-0.09	88	
6	23	3	-16.62	-7.45	22.56	-16.72	38.12	89	
6	23	8	4.31	15.88	2.35	2.64	1.10	90	
6	23	13	-32.00	-32.09	4.24	-26.75	-24.53	91	
6	23	18	23.87	45.53	-5.41	-13.74	-12.88	92	
6	23	23	-19.72	-17.60	19.12	32.86	39.17	93	
6	23	28	9.27	33.64	11.15	-7.22	-7.73	94	
6	23	33	-7.13	-21.24	0.07	-45.53	-66.85	95	
6	23	38	12.50	24.77	-1.15	50.39	40.13	96	
6	23	43	12.54	8.59	4.76	-4.89	0.55	97	
6	27	3	2.56	4.05	2.94	0.91	0.58	98	
6	27	8	29.65	36.20	1.16	-34.08	-16.71	99	
6	27	13	3.07	41.45	16.43	41.00	-6.08	100	
6	27	18	2.37	-15.85	22.12	-67.05	-61.30	101	
6	27	23	19.73	3.43	-26.53	11.62	-70.02	102	
6	27	28	0.53	-47.53	-17.43	-9.12	-50.61	103	
6	27	33	8.31	7.52	6.12	56.72	61.94	104	
6	27	38	6.71	9.84	4.36	-2.85	-0.68	105	
6	27	43	32.25	31.33	4.01	-18.43	-12.72	106	
6	31	3	1.95	3.61	3.35	-2.71	-2.56	107	
6	31	8	-13.44	-42.75	4.67	-59.61	-17.35	108	
6	31	13	6.90	-10.12	-37.29	-24.93	10.78	109	
6	31	18	13.06	-18.18	15.56	34.46	76.86	110	
6	31	23	1.30	14.80	11.73	4.43	92.27	111	
6	31	28	-1.87	39.01	20.10	18.06	76.21	112	
6	31	33	5.87	12.27	3.12	3.99	0.39	113	
6	31	38	2.41	6.40	8.16	1.84	-4.19	114	
6	31	43	-1.92	-21.31	15.31	-73.04	-58.34	115	
6	35	3	23.49	17.95	-4.09	-25.73	-10.68	116	
6	35	8	8.71	-0.98	8.95	73.62	27.97	117	
6	35	13	-49.69	-40.75	13.44	-32.34	-7.33	118	
6	35	18	10.53	13.61	4.06	3.18	-1.23	119	
6	35	23	6.99	1.35	3.17	-0.80	-4.86	120	
6	35	28	4.08	0.69	-0.54	1.07	-1.41	121	
6	35	33	2.15	0.54	1.88	-1.69	-1.53	122	
6	35	38	33.48	43.35	-0.92	-46.38	-24.41	123	
6	35	43	0.31	-20.00	21.58	67.89	56.04	124	
6	39	3	32.79	11.31	5.82	-45.96	-5.87	125	
6	39	8	31.49	20.46	7.14	-1.25	-52.95	126	
6	39	13	10.15	18.99	3.10	42.46	37.20	127	
6	39	18	2.08	5.78	-0.52	-0.05	4.18	128	
6	39	23	5.80	6.77	7.32	-0.55	-1.07	129	
6	39	28	2.74	1.85	4.06	1.25	-2.12	130	
6	39	33	9.12	11.80	4.12	1.56	2.16	131	
6	39	38	-42.87	-66.61	14.79	-28.79	-21.38	132	
6	39	43	23.28	40.49	-5.46	12.58	11.57	133	
6	43	3	20.56	-5.60	27.97	-20.73	18.65	134	
6	43	8	-0.78	27.10	4.67	29.76	64.78	135	
6	43	13	4.32	11.63	5.19	-1.24	-0.69	136	
6	43	18	6.19	-1.39	1.52	-2.61	1.25	137	
6	43	23	3.59	3.22	2.41	-2.28	-0.33	138	
6	43	28	1.48	-4.61	2.17	4.54	3.98	139	
6	43	33	5.38	17.20	-7.81	-66.93	-59.60	140	
6	43	38	12.73	32.36	2.90	54.23	45.13	141	
6	43	43	18.77	5.44	7.64	-9.76	-2.24	142	
