143
diam	c	r	EConv0	EConv1	EConv2	OConv0	OConv1
6	3	3	4.05	3.13	3.73	-2.05	-0.77	44	
6	3	8	1.56	3.93	2.48	2.08	0.42	45	
6	3	13	-11.83	-31.84	-6.77	-55.15	19.07	46	
6	3	18	20.32	29.27	2.62	40.61	35.68	47	
6	3	23	2.11	0.58	4.08	0.65	-1.42	48	
6	3	28	2.22	6.43	2.76	-2.22	2.25	49	
6	3	33	3.96	6.95	5.81	-0.60	-1.44	50	
6	3	38	5.20	2.15	3.39	0.54	-1.64	51	
6	3	43	2.73	5.96	-0.00	1.72	2.88	52	
6	7	3	4.03	3.75	4.27	-1.11	1.51	53	
6	7	8	2.22	2.82	3.31	1.04	2.54	54	
6	7	13	-0.10	8.87	17.63	-3.71	14.55	55	
6	7	18	4.29	5.78	3.82	0.99	-0.40	56	
6	7	23	3.31	7.26	5.02	-3.19	-1.10	57	
6	7	28	2.03	3.13	5.59	-0.72	-3.27	58	
6	7	33	6.48	13.80	4.96	-1.94	1.59	59	
6	7	38	-2.11	28.80	13.47	-14.77	-60.97	60	
6	7	43	9.84	2.45	33.99	15.55	-35.07	61	
6	11	3	3.84	5.07	5.23	0.03	-1.93	62	
6	11	8	3.17	5.07	4.66	0.81	-2.35	63	
6	11	13	3.39	3.61	4.28	-0.87	-0.26	64	
6	11	18	3.71	3.15	2.07	2.28	-1.84	65	
6	11	23	3.78	5.26	6.64	-3.08	-1.65	66	
6	11	28	4.92	5.92	0.93	-5.38	-1.06	67	
6	11	33	3.72	4.62	-4.63	-44.27	-52.89	68	
6	11	38	0.32	-31.17	-5.17	4.41	26.03	69	
6	11	43	-11.90	-5.03	-16.38	52.18	2.88	70	
6	15	3	3.80	2.82	3.00	0.34	0.86	71	
6	15	8	4.21	3.02	1.77	-1.26	0.31	72	
6	15	13	4.96	5.00	4.15	1.75	-1.19	73	
6	15	18	4.02	5.84	4.51	-3.86	-8.26	74	
6	15	23	2.37	2.82	5.94	3.85	0.78	75	
6	15	28	9.85	21.77	-1.96	-37.73	-34.20	76	
6	15	33	-6.01	-25.04	14.50	26.41	42.39	77	
6	15	38	13.51	34.54	13.27	-1.89	20.85	78	
6	15	43	-9.33	5.43	-0.99	21.22	21.24	79	
6	19	3	3.12	4.85	4.83	0.18	-1.35	80	
6	19	8	5.50	5.62	5.69	-4.39	-2.80	81	
6	19	13	8.89	15.57	10.43	0.82	-8.64	82	
6	19	18	5.58	34.22	23.85	-11.71	-42.12	83	
6	19	23	-2.45	5.48	3.99	-8.35	-68.92	84	
6	19	28	-15.85	-32.61	27.53	10.48	-4.24	85	
6	19	33	8.98	19.74	-1.84	6.37	13.73	86	
6	19	38	-5.85	-1.30	3.74	-20.11	-15.53	87	
6	19	43	8.64	10.73	0.46	12.44	6.30	88	
6	23	3	3.20	8.24	4.80	-4.72	-6.28	89	
6	23	8	8.99	5.24	4.41	-2.30	0.41	90	
6	23	13	0.20	-1.68	-1.00	-37.66	-43.52	91	
6	23	18	6.09	-17.80	-15.72	-4.59	19.08	92	
6	23	23	-4.72	-16.42	0.40	10.13	16.39	93	
6	23	28	-14.19	7.15	-41.57	14.50	-8.66	94	
6	23	33	28.52	8.00	17.25	10.82	-15.88	95	
6	23	38	-16.53	-19.62	6.29	22.50	-3.15	96	
6	23	43	4.21	4.63	6.35	0.39	-2.45	97	
6	27	3	-3.36	-3.46	0.04	-6.13	2.12	98	
6	27	8	22.19	20.57	-1.51	-26.02	-15.59	99	
6	27	13	-9.04	-3.38	16.88	22.02	23.72	100	
6	27	18	0.47	-0.29	9.56	-27.28	-9.32	101	
6	27	23	16.07	22.09	10.14	36.99	41.95	102	
6	27	28	8.33	8.45	9.16	-42.68	35.30	103	
6	27	33	3.00	-6.79	-3.44	16.31	-47.15	104	
6	27	38	9.09	15.37	-1.77	23.01	18.76	105	
6	27	43	2.73	3.18	1.04	3.74	0.55	106	
6	31	3	1.57	5.12	5.58	-2.27	1.62	107	
6	31	8	6.89	4.37	1.53	-50.96	-16.36	108	
6	31	13	30.82	27.60	7.61	-9.75	-5.48	109	
6	31	18	2.67	-1.56	9.77	42.48	32.92	110	
6	31	23	7.88	7.56	1.94	-3.48	1.06	111	
6	31	28	13.66	-2.13	15.55	-14.56	4.24	112	
6	31	33	-17.97	-2.71	-9.94	20.32	57.59	113	
6	31	38	3.62	7.32	2.42	0.07	-2.24	114	
6	31	43	8.63	4.92	5.23	-2.95	0.86	115	
6	35	3	4.09	2.76	4.10	0.61	-2.85	116	
6	35	8	3.37	-5.41	-6.85	-58.30	1.72	117	
6	35	13	-3.25	-22.12	0.08	6.01	-16.87	118	
6	35	18	19.58	17.58	0.82	21.65	5.05	119	
6	35	23	4.30	1.30	3.41	-0.59	-1.41	120	
6	35	28	4.42	5.83	5.61	0.29	-0.28	121	
6	35	33	6.64	10.91	4.80	2.95	-6.04	122	
6	35	38	12.00	19.02	4.53	-11.69	-7.15	123	
6	35	43	-15.44	5.53	-1.27	-13.63	-75.34	124	
6	39	3	1.99	3.98	2.82	0.36	-0.55	125	
6	39	8	8.24	-0.70	27.33	-17.87	28.24	126	
6	39	13	-21.06	10.96	-9.58	3.19	30.67	127	
6	39	18	9.68	4.06	5.09	5.20	2.57	128	
6	39	23	7.38	5.41	5.28	-2.45	2.89	129	
6	39	28	4.12	4.73	3.66	2.14	4.85	130	
6	39	33	0.48	3.58	4.56	2.55	-0.28	131	
6	39	38	6.65	5.78	2.45	-60.25	-41.54	132	
6	39	43	-15.57	-34.39	-8.72	25.94	43.63	133	
6	43	3	1.45	2.62	2.15	-1.75	2.98	134	
6	43	8	4.14	4.85	2.35	2.95	-0.87	135	
6	43	13	-5.54	3.75	-3.47	-23.16	4.47	136	
6	43	18	14.45	3.31	7.48	15.87	-5.94	137	
6	43	23	3.51	2.75	2.52	-1.52	-1.23	138	
6	43	28	1.90	1.10	2.39	1.12	-0.43	139	
6	43	33	14.16	38.62	-3.24	-36.96	-38.25	140	
6	43	38	-21.13	-39.53	18.10	33.36	23.39	141	
6	43	43	5.22	30.62	6.02	7.84	25.80	142	
