143
diam	c	r	EConv0	EConv1	EConv2	OConv0	OConv1
6	3	3	1.21	2.58	3.52	-1.43	1.56	44	
6	3	8	2.96	3.12	2.83	1.08	0.16	45	
6	3	13	3.07	3.71	5.18	2.22	0.50	46	
6	3	18	2.50	3.88	4.65	1.42	0.71	47	
6	3	23	1.66	3.85	4.12	-0.90	0.44	48	
6	3	28	3.45	4.61	2.75	0.42	3.29	49	
6	3	33	3.56	3.84	3.49	0.27	-0.73	50	
6	3	38	4.77	4.58	5.03	0.63	-0.84	51	
6	3	43	2.74	4.03	2.41	-0.64	-2.48	52	
6	7	3	2.88	3.80	3.75	-1.15	2.27	53	
6	7	8	3.47	4.75	3.66	-0.76	1.44	54	
6	7	13	0.98	3.96	3.46	0.54	-0.71	55	
6	7	18	3.61	5.24	2.97	2.06	-1.13	56	
6	7	23	3.37	5.80	5.43	-1.66	0.71	57	
6	7	28	5.55	5.18	3.75	0.07	-2.69	58	
6	7	33	2.60	3.08	3.41	-0.69	0.17	59	
6	7	38	4.33	3.54	2.54	-1.05	1.92	60	
6	7	43	2.85	2.53	4.27	-0.83	4.52	61	
6	11	3	3.73	3.41	5.12	2.87	-4.14	62	
6	11	8	3.15	2.69	3.19	0.57	-0.87	63	
6	11	13	0.66	2.18	2.88	-1.26	-1.45	64	
6	11	18	4.64	13.04	4.19	-2.67	-3.57	65	
6	11	23	-0.48	8.22	20.34	4.50	-13.26	66	
6	11	28	8.49	12.34	3.53	-0.94	-1.23	67	
6	11	33	-6.19	-25.30	2.37	-9.88	-42.03	68	
6	11	38	-19.32	-15.38	-5.33	40.43	-63.34	69	
6	11	43	0.10	1.69	0.85	-1.07	-1.80	70	
6	15	3	1.48	5.72	3.26	1.33	2.86	71	
6	15	8	3.37	2.80	2.85	-2.29	-0.06	72	
6	15	13	13.39	28.85	1.72	-13.59	-14.87	73	
6	15	18	-5.03	-16.20	-9.75	-38.88	-84.13	74	
6	15	23	-14.81	-21.57	-45.62	14.40	-68.93	75	
6	15	28	29.87	-1.26	25.39	-14.52	-88.78	76	
6	15	33	13.60	10.81	-7.81	58.61	26.35	77	
6	15	38	-14.68	22.23	8.61	-43.58	32.80	78	
6	15	43	6.68	3.71	7.78	4.61	-2.66	79	
6	19	3	1.05	3.29	2.33	-3.09	-3.87	80	
6	19	8	3.28	2.47	2.81	0.82	-2.01	81	
6	19	13	-9.69	-25.20	-12.54	-72.19	-44.14	82	
6	19	18	2.05	-18.39	-29.36	-8.75	22.55	83	
6	19	23	4.80	2.53	6.57	-0.12	-0.19	84	
6	19	28	-21.47	-0.84	-8.16	27.73	-8.80	85	
6	19	33	25.22	12.86	22.85	18.88	2.02	86	
6	19	38	9.32	5.98	6.48	-45.10	4.07	87	
6	19	43	11.93	4.54	6.73	7.67	-0.54	88	
6	23	3	0.21	3.12	2.68	-1.55	1.50	89	
6	23	8	20.81	9.90	2.05	-14.56	0.26	90	
6	23	13	-13.88	-17.18	24.03	53.15	30.71	91	
6	23	18	33.95	29.10	48.26	-27.27	50.04	92	
6	23	23	-12.10	9.88	-8.48	-16.78	9.14	93	
6	23	28	3.24	3.77	1.10	1.22	0.96	94	
6	23	33	10.00	7.76	8.38	92.06	-72.81	95	
6	23	38	-22.81	-12.52	24.10	-26.03	-37.93	96	
6	23	43	9.70	6.03	4.12	6.94	1.30	97	
6	27	3	1.64	4.12	2.08	-4.93	2.04	98	
6	27	8	31.64	11.75	10.10	-17.68	-3.35	99	
6	27	13	27.72	9.25	22.63	69.73	4.22	100	
6	27	18	26.26	29.18	-2.48	-55.49	-32.33	101	
6	27	23	3.90	-43.11	-13.85	-4.25	55.67	102	
6	27	28	-6.44	0.17	-28.53	-3.36	11.03	103	
6	27	33	-2.26	1.39	-13.56	7.61	-9.74	104	
6	27	38	-2.80	-19.69	-10.58	78.70	31.80	105	
6	27	43	5.32	5.12	2.75	2.49	2.21	106	
6	31	3	3.69	3.12	4.23	-6.24	-0.84	107	
6	31	8	16.59	-0.84	11.64	-6.31	3.99	108	
6	31	13	-19.16	22.60	-72.31	25.68	-57.43	109	
6	31	18	-23.84	-76.29	11.12	1.27	-2.91	110	
6	31	23	14.92	27.71	9.21	15.05	20.98	111	
6	31	28	8.57	14.87	56.39	-32.62	75.47	112	
6	31	33	-6.71	16.09	2.68	23.81	103.79	113	
6	31	38	10.38	26.86	-1.68	14.77	18.95	114	
6	31	43	-2.23	9.91	15.52	1.75	-14.57	115	
6	35	3	3.66	3.61	4.56	-1.81	-0.05	116	
6	35	8	2.20	3.46	4.37	-0.51	1.12	117	
6	35	13	0.73	-8.06	52.64	-49.35	70.45	118	
6	35	18	15.66	42.32	1.15	27.06	34.92	119	
6	35	23	2.63	4.13	2.16	0.71	1.25	120	
6	35	28	5.25	5.11	4.32	0.73	-1.81	121	
6	35	33	2.08	2.94	2.43	2.83	0.55	122	
6	35	38	3.23	3.60	4.55	-0.44	1.04	123	
6	35	43	-62.95	-40.08	-46.84	9.00	0.15	124	
6	39	3	4.88	4.22	4.62	-1.75	0.04	125	
6	39	8	3.52	3.04	2.88	0.80	-0.35	126	
6	39	13	2.40	2.59	2.88	0.68	-0.25	127	
6	39	18	3.83	3.02	4.37	1.62	0.24	128	
6	39	23	2.97	3.56	3.70	-1.09	-1.64	129	
6	39	28	2.27	1.97	3.07	1.40	2.07	130	
6	39	33	3.11	4.18	4.12	-0.30	0.84	131	
6	39	38	3.33	3.25	3.02	-1.42	-0.66	132	
6	39	43	-5.79	8.22	12.71	-5.79	16.84	133	
6	43	3	4.78	3.15	4.51	1.44	-2.99	134	
6	43	8	3.50	3.88	4.10	0.02	-1.84	135	
6	43	13	4.82	4.68	3.19	1.61	0.60	136	
6	43	18	3.43	2.88	1.74	1.67	1.82	137	
6	43	23	4.09	2.38	3.49	-2.08	3.33	138	
6	43	28	5.27	3.15	3.52	3.04	-0.91	139	
6	43	33	3.62	4.19	2.10	-0.80	-0.57	140	
6	43	38	4.86	3.31	4.03	-0.17	0.53	141	
6	43	43	3.15	2.60	1.90	-0.25	1.27	142	
