143
diam	c	r	EConv0	EConv1	EConv2	OConv0	OConv1
6	3	3	2.00	2.79	1.63	-1.66	-2.26	44	
6	3	8	4.51	1.95	3.08	-1.62	-3.18	45	
6	3	13	4.58	2.43	3.46	3.52	-1.22	46	
6	3	18	2.35	2.86	0.99	-0.17	-1.76	47	
6	3	23	4.48	2.90	3.59	-1.27	0.65	48	
6	3	28	6.55	-0.27	8.68	3.83	6.02	49	
6	3	33	-9.43	-10.26	-5.15	-62.76	-69.44	50	
6	3	38	-10.93	-16.54	-54.07	9.61	-11.54	51	
6	3	43	25.73	-5.02	35.74	31.20	-21.40	52	
6	7	3	2.17	2.80	2.23	-1.98	0.58	53	
6	7	8	5.09	3.26	2.63	-1.59	2.03	54	
6	7	13	7.50	14.83	4.48	1.69	-1.17	55	
6	7	18	-3.18	29.62	37.05	6.23	-38.97	56	
6	7	23	6.37	1.91	6.59	-7.37	3.17	57	
6	7	28	28.25	39.25	-18.32	-35.05	-34.79	58	
6	7	33	-47.07	-51.74	10.12	56.60	17.01	59	
6	7	38	35.42	24.18	49.93	-40.63	61.00	60	
6	7	43	-6.56	-9.40	-10.52	87.17	-3.60	61	
6	11	3	2.35	3.05	5.42	-0.75	-1.56	62	
6	11	8	6.94	4.60	6.12	0.50	3.22	63	
6	11	13	-10.75	-7.50	-11.45	-61.26	-74.70	64	
6	11	18	-1.87	-41.02	-46.25	6.57	1.26	65	
6	11	23	8.65	-3.31	17.51	71.03	-64.12	66	
6	11	28	-17.81	-24.42	9.02	-79.89	-45.07	67	
6	11	33	26.16	41.99	22.84	72.63	3.23	68	
6	11	38	8.16	-1.46	2.03	12.10	-7.20	69	
6	11	43	-47.57	-2.88	-8.88	55.74	5.76	70	
6	15	3	2.06	1.62	5.85	0.46	-0.62	71	
6	15	8	34.88	42.28	-9.27	-47.15	-35.44	72	
6	15	13	-26.06	-55.68	22.15	56.95	53.84	73	
6	15	18	15.99	45.76	42.01	7.28	48.51	74	
6	15	23	-24.50	29.97	-49.38	-52.74	22.46	75	
6	15	28	-18.99	-45.97	11.37	11.25	17.93	76	
6	15	33	1.00	8.17	-35.73	19.58	58.91	77	
6	15	38	31.24	25.61	-2.10	-12.96	-20.76	78	
6	15	43	-9.13	-6.07	-3.81	84.09	5.37	79	
6	19	3	-6.15	0.30	0.98	6.44	1.88	80	
6	19	8	-39.91	-48.44	1.16	-71.27	-24.26	81	
6	19	13	32.06	45.34	-7.23	44.99	30.22	82	
6	19	18	-5.10	-0.57	0.01	7.33	-3.73	83	
6	19	23	-28.59	-10.10	10.02	-100.30	-32.79	84	
6	19	28	20.93	20.53	7.47	89.80	44.53	85	
6	19	33	0.36	-2.62	7.33	-2.72	0.23	86	
6	19	38	-5.77	-10.85	6.17	-57.10	-33.38	87	
6	19	43	16.92	21.30	-4.42	45.49	8.82	88	
6	23	3	30.95	27.31	-2.83	-17.37	-4.69	89	
6	23	8	-41.47	-42.73	9.46	68.81	31.15	90	
6	23	13	2.29	2.24	2.47	-7.69	-4.58	91	
6	23	18	28.47	36.62	-5.06	-26.32	-17.09	92	
6	23	23	-32.14	-58.17	14.37	18.00	23.03	93	
6	23	28	22.32	41.61	14.73	40.81	-33.56	94	
6	23	33	4.39	17.69	3.49	-32.62	-60.67	95	
6	23	38	-11.52	-28.20	2.68	34.38	46.88	96	
6	23	43	0.39	10.33	-9.63	3.90	3.40	97	
6	27	3	16.92	20.44	-5.76	-87.46	-52.99	98	
6	27	8	39.28	24.61	-4.08	85.19	17.55	99	
6	27	13	-0.83	0.10	0.11	1.99	4.63	100	
6	27	18	0.39	1.12	7.99	-99.56	-47.48	101	
6	27	23	27.63	31.85	5.72	83.21	42.39	102	
6	27	28	-17.92	-17.56	-6.68	-20.38	57.33	103	
6	27	33	-7.46	0.10	2.74	15.17	71.24	104	
6	27	38	10.40	21.51	2.76	2.62	1.35	105	
6	27	43	10.72	3.56	11.97	-11.18	13.60	106	
6	31	3	-14.23	-51.03	8.41	-25.45	7.39	107	
6	31	8	54.68	52.83	31.56	23.71	-48.37	108	
6	31	13	24.76	24.73	6.74	-6.08	-63.71	109	
6	31	18	-42.09	-64.31	4.46	22.69	14.01	110	
6	31	23	16.03	23.54	-2.67	1.90	12.89	111	
6	31	28	4.39	2.18	3.69	2.25	-3.45	112	
6	31	33	4.49	0.05	-2.35	0.63	-4.94	113	
6	31	38	1.94	3.15	6.42	-4.06	-3.11	114	
6	31	43	2.52	4.84	3.75	4.26	-5.64	115	
6	35	3	57.72	42.92	20.12	1.94	43.06	116	
6	35	8	-2.38	-11.23	-23.98	5.05	-20.74	117	
6	35	13	-8.86	-51.80	-9.31	8.53	12.83	118	
6	35	18	21.81	46.85	-4.58	30.63	45.75	119	
6	35	23	4.85	-8.93	1.77	3.52	-13.20	120	
6	35	28	2.15	3.51	1.99	2.89	-1.26	121	
6	35	33	9.71	6.42	5.61	-0.16	2.13	122	
6	35	38	1.13	8.14	13.87	0.43	-6.01	123	
6	35	43	2.18	3.23	-1.40	1.20	0.94	124	
6	39	3	0.36	-4.26	5.41	-2.95	0.02	125	
6	39	8	-7.01	28.23	35.51	-11.45	86.50	126	
6	39	13	6.70	54.32	14.44	13.06	38.54	127	
6	39	18	-0.76	1.08	8.75	-1.70	-7.79	128	
6	39	23	4.15	7.18	6.40	0.77	6.14	129	
6	39	28	1.42	3.32	0.26	0.51	-0.55	130	
6	39	33	22.34	19.01	-16.83	-67.65	-30.06	131	
6	39	38	6.04	-26.72	-56.73	7.06	0.41	132	
6	39	43	24.77	-4.06	22.55	10.99	-2.88	133	
6	43	3	1.24	0.16	7.48	5.13	-1.67	134	
6	43	8	5.04	-1.22	0.39	-5.08	5.22	135	
6	43	13	2.92	-2.39	4.36	-2.57	1.92	136	
6	43	18	2.05	12.17	1.11	-9.86	-0.94	137	
6	43	23	1.86	-2.78	4.18	10.38	-11.14	138	
6	43	28	2.14	0.05	2.17	0.40	1.74	139	
6	43	33	19.25	-10.68	8.09	-74.34	21.22	140	
6	43	38	62.14	9.11	40.89	4.53	-10.95	141	
6	43	43	31.13	8.00	9.28	53.84	-7.17	142	
