143
diam	c	r	EConv0	EConv1	EConv2	OConv0	OConv1
6	3	3	2.03	3.66	3.66	-1.33	-0.00	44	
6	3	8	4.03	4.34	3.89	-1.11	-0.03	45	
6	3	13	4.75	4.23	4.80	1.07	-1.95	46	
6	3	18	3.37	3.80	4.67	-1.63	1.19	47	
6	3	23	3.11	3.74	3.19	-0.52	0.35	48	
6	3	28	4.76	4.29	6.00	-1.76	2.55	49	
6	3	33	4.64	2.22	5.07	2.42	2.79	50	
6	3	38	3.36	8.74	6.43	-0.10	-1.70	51	
6	3	43	2.74	4.25	6.01	-0.74	-1.57	52	
6	7	3	1.90	3.81	1.97	-0.08	0.23	53	
6	7	8	4.10	3.69	3.48	-2.84	0.41	54	
6	7	13	3.91	4.57	2.37	0.71	1.86	55	
6	7	18	3.11	2.50	2.92	-0.55	-1.77	56	
6	7	23	5.22	4.83	3.37	-2.51	0.73	57	
6	7	28	4.10	0.38	5.26	3.39	0.00	58	
6	7	33	3.85	33.19	-6.40	-30.39	-42.52	59	
6	7	38	-0.86	-51.61	-45.03	-12.39	-16.57	60	
6	7	43	18.83	-15.30	15.76	53.30	-19.66	61	
6	11	3	1.76	3.07	2.91	-2.39	-0.07	62	
6	11	8	4.19	1.96	4.01	-0.56	1.22	63	
6	11	13	3.47	1.34	3.75	1.98	0.57	64	
6	11	18	-0.90	23.61	3.20	-11.30	-23.42	65	
6	11	23	7.88	1.43	17.82	5.53	-2.89	66	
6	11	28	19.67	37.83	-1.94	-21.42	-19.64	67	
6	11	33	-13.44	-41.87	13.19	14.29	31.39	68	
6	11	38	23.86	27.46	19.15	-5.56	14.90	69	
6	11	43	11.48	11.49	-2.91	51.40	13.31	70	
6	15	3	1.19	2.13	3.76	-1.15	0.94	71	
6	15	8	4.77	5.20	4.93	1.09	-0.08	72	
6	15	13	12.43	15.99	-1.03	-4.49	-8.09	73	
6	15	18	-12.93	-49.83	-0.65	10.74	11.21	74	
6	15	23	-3.42	13.54	-29.24	23.21	-16.85	75	
6	15	28	-22.41	-52.55	9.37	-6.84	0.29	76	
6	15	33	6.19	18.40	0.47	7.81	11.79	77	
6	15	38	8.32	11.65	0.49	-39.97	-27.41	78	
6	15	43	23.21	16.74	0.92	26.57	8.57	79	
6	19	3	2.98	3.37	2.51	0.02	-0.64	80	
6	19	8	3.91	3.70	2.59	-2.37	-3.05	81	
6	19	13	8.18	-2.05	11.62	-24.12	-14.68	82	
6	19	18	11.29	24.08	-0.70	20.86	13.45	83	
6	19	23	-9.23	0.67	12.44	-45.29	-19.35	84	
6	19	28	24.71	42.90	23.91	32.86	-12.14	85	
6	19	33	-1.94	-3.09	0.51	-20.59	-58.60	86	
6	19	38	-10.36	-34.07	-0.29	25.89	18.99	87	
6	19	43	3.64	7.02	1.79	1.96	0.18	88	
6	23	3	4.70	4.07	4.55	-0.55	-0.69	89	
6	23	8	13.16	12.42	3.43	-10.78	-3.24	90	
6	23	13	-3.68	-13.56	6.72	25.92	7.46	91	
6	23	18	11.22	17.90	-3.28	-42.52	-34.66	92	
6	23	23	13.57	-2.18	20.01	23.56	45.81	93	
6	23	28	-6.80	-19.88	-26.94	-4.87	35.64	94	
6	23	33	4.19	15.08	6.56	17.40	57.41	95	
6	23	38	11.12	21.24	3.21	4.94	7.39	96	
6	23	43	4.04	3.36	4.29	1.40	-0.72	97	
6	27	3	3.60	3.00	3.87	0.41	-0.08	98	
6	27	8	14.08	-1.71	3.32	-25.15	2.48	99	
6	27	13	27.85	37.09	-2.43	10.34	1.34	100	
6	27	18	-17.53	-38.13	18.81	13.27	15.54	101	
6	27	23	10.17	13.11	-0.14	8.50	3.49	102	
6	27	28	6.75	9.10	9.85	-0.60	0.54	103	
6	27	33	3.48	1.09	4.66	-0.04	0.86	104	
6	27	38	4.91	3.32	4.69	0.61	0.82	105	
6	27	43	3.31	4.81	2.84	0.21	1.23	106	
6	31	3	1.43	1.90	2.45	2.14	0.77	107	
6	31	8	6.26	3.43	9.47	-1.78	7.60	108	
6	31	13	-8.64	-24.81	3.52	-32.91	-26.07	109	
6	31	18	18.08	29.60	-1.26	22.20	21.79	110	
6	31	23	3.51	4.01	2.40	-1.68	0.95	111	
6	31	28	3.48	3.78	4.64	0.49	-1.31	112	
6	31	33	2.07	2.39	2.70	-0.17	2.39	113	
6	31	38	3.32	4.25	3.17	0.22	0.02	114	
6	31	43	3.24	2.55	3.08	-2.66	-1.03	115	
6	35	3	3.77	2.31	1.88	2.83	-2.17	116	
6	35	8	4.72	11.58	-10.97	-39.19	-34.35	117	
6	35	13	-0.93	4.04	1.73	41.08	34.75	118	
6	35	18	-0.17	1.00	3.24	-0.08	-2.04	119	
6	35	23	4.68	3.71	4.41	-2.67	-1.23	120	
6	35	28	3.70	3.82	3.07	1.14	1.19	121	
6	35	33	3.35	3.76	3.15	0.41	-1.06	122	
6	35	38	3.66	3.26	4.13	-0.20	-0.02	123	
6	35	43	3.19	3.83	4.15	0.28	1.92	124	
6	39	3	5.40	4.97	2.55	1.66	0.59	125	
6	39	8	-33.84	-34.20	2.95	6.80	7.50	126	
6	39	13	5.91	8.34	2.68	1.27	-1.29	127	
6	39	18	0.08	1.64	3.74	0.39	-0.85	128	
6	39	23	3.44	3.47	2.98	-2.12	-1.33	129	
6	39	28	4.05	4.57	5.26	0.70	-2.86	130	
6	39	33	2.58	3.49	3.06	-1.65	-1.76	131	
6	39	38	4.00	3.55	3.80	1.90	-0.24	132	
6	39	43	4.14	4.07	4.75	-0.71	-0.51	133	
6	43	3	5.65	2.84	4.86	-0.16	-0.98	134	
6	43	8	4.00	19.04	6.68	5.31	13.56	135	
6	43	13	4.76	4.76	6.10	0.99	-2.06	136	
6	43	18	2.83	4.97	1.75	-0.77	0.81	137	
6	43	23	4.31	2.82	4.33	-0.86	-1.22	138	
6	43	28	5.06	5.01	4.43	0.36	3.40	139	
6	43	33	1.96	3.32	3.18	-1.28	1.13	140	
6	43	38	2.72	4.17	2.97	0.90	-1.09	141	
6	43	43	1.20	2.61	2.88	-0.06	-1.31	142	
