143
diam	c	r	EConv0	EConv1	EConv2	OConv0	OConv1
6	3	3	0.93	2.14	3.19	-4.23	2.57	44	
6	3	8	-0.27	2.21	0.92	-2.12	-2.11	45	
6	3	13	19.45	19.02	4.15	-20.39	-11.83	46	
6	3	18	-21.21	-31.29	-6.28	-12.84	-5.86	47	
6	3	23	10.20	17.42	-5.08	42.72	39.75	48	
6	3	28	0.40	1.34	0.64	-1.30	6.05	49	
6	3	33	1.46	3.81	5.69	-1.15	4.11	50	
6	3	38	0.02	0.38	1.28	2.37	8.50	51	
6	3	43	-5.16	1.55	1.46	-3.62	-0.37	52	
6	7	3	2.26	3.32	4.32	-1.93	-1.17	53	
6	7	8	1.74	9.12	-0.76	-8.15	-3.81	54	
6	7	13	-1.53	-12.66	5.03	-37.41	-33.47	55	
6	7	18	-4.05	-3.89	-0.22	51.49	51.28	56	
6	7	23	5.21	9.69	3.34	-13.86	-3.02	57	
6	7	28	4.23	2.38	-1.02	3.17	-5.00	58	
6	7	33	-1.07	32.75	2.22	-30.62	-55.35	59	
6	7	38	-11.88	-10.19	22.87	32.33	-69.58	60	
6	7	43	7.55	5.32	1.05	-7.62	2.54	61	
6	11	3	2.02	0.90	2.69	0.24	-1.08	62	
6	11	8	16.57	6.77	5.51	-26.96	-0.45	63	
6	11	13	-20.96	-29.78	-9.05	31.29	24.49	64	
6	11	18	11.72	25.48	6.98	9.56	2.04	65	
6	11	23	-3.57	14.68	14.03	-11.12	-10.95	66	
6	11	28	18.86	28.86	5.33	-35.49	-32.49	67	
6	11	33	-0.45	-50.79	-2.73	-4.22	39.21	68	
6	11	38	-40.03	-0.98	-41.95	27.55	-1.97	69	
6	11	43	19.62	6.10	15.11	4.61	1.79	70	
6	15	3	3.88	5.34	4.24	4.13	0.61	71	
6	15	8	9.07	0.33	12.99	-12.61	10.13	72	
6	15	13	6.85	26.56	-4.02	10.40	22.16	73	
6	15	18	4.00	4.67	-2.51	-30.43	-32.78	74	
6	15	23	-7.56	-21.82	-24.19	-4.70	-20.96	75	
6	15	28	-21.86	-41.33	5.95	-3.64	-8.85	76	
6	15	33	15.52	32.24	2.80	19.69	21.03	77	
6	15	38	-61.35	-0.11	-21.38	-50.77	9.82	78	
6	15	43	31.49	9.82	9.30	7.98	-3.56	79	
6	19	3	4.99	1.89	1.93	-2.22	-0.65	80	
6	19	8	8.23	4.42	1.76	2.96	-2.19	81	
6	19	13	4.22	4.62	3.68	-32.68	-30.23	82	
6	19	18	-2.59	-8.41	1.68	16.01	25.83	83	
6	19	23	-3.50	13.71	15.74	-27.60	1.83	84	
6	19	28	3.24	21.92	3.85	38.41	43.23	85	
6	19	33	3.13	16.39	1.49	-11.07	-25.95	86	
6	19	38	-56.33	-51.03	3.47	-12.61	3.90	87	
6	19	43	24.65	12.97	6.94	-3.01	-1.48	88	
6	23	3	3.86	3.44	5.19	4.03	2.94	89	
6	23	8	12.64	16.56	-0.63	-23.11	-10.43	90	
6	23	13	-12.59	-26.92	12.01	19.78	14.16	91	
6	23	18	12.45	24.61	-0.17	-38.01	-12.71	92	
6	23	23	-8.88	-21.30	9.95	32.36	16.63	93	
6	23	28	9.31	20.57	-0.90	-14.16	-18.33	94	
6	23	33	15.27	-13.85	6.72	-12.97	1.43	95	
6	23	38	-22.55	-3.78	6.00	59.42	26.64	96	
6	23	43	13.92	8.48	0.34	-15.81	-1.62	97	
6	27	3	1.37	5.29	2.64	7.27	-2.91	98	
6	27	8	-9.80	-1.89	7.45	-48.24	-29.80	99	
6	27	13	28.04	57.58	5.64	5.74	-15.28	100	
6	27	18	-16.43	-43.01	6.87	-3.41	-0.44	101	
6	27	23	13.01	23.51	-3.74	10.58	20.77	102	
6	27	28	-15.65	-17.61	2.88	-20.05	-11.14	103	
6	27	33	31.69	31.62	6.15	-22.89	-1.88	104	
6	27	38	18.25	10.50	-5.41	56.03	19.24	105	
6	27	43	19.33	7.94	9.80	-18.35	-6.34	106	
6	31	3	7.20	3.48	1.60	-2.12	-0.34	107	
6	31	8	-33.49	-19.17	-25.97	-26.02	-31.77	108	
6	31	13	-4.78	-51.07	-1.66	-2.46	-26.98	109	
6	31	18	12.92	19.05	0.96	39.86	18.75	110	
6	31	23	18.52	11.50	7.21	-16.28	-4.63	111	
6	31	28	-8.53	-6.68	11.13	38.32	18.12	112	
6	31	33	-17.21	-22.12	10.58	-28.23	-8.12	113	
6	31	38	19.89	19.58	0.72	11.67	5.06	114	
6	31	43	23.04	10.12	6.83	-25.44	5.37	115	
6	35	3	9.32	6.63	6.97	2.60	-0.14	116	
6	35	8	-24.41	-14.18	7.62	-11.14	68.62	117	
6	35	13	5.57	37.57	12.30	18.10	62.29	118	
6	35	18	4.90	10.98	2.72	-1.53	7.11	119	
6	35	23	37.48	16.21	5.49	-31.27	-4.80	120	
6	35	28	26.18	17.11	8.78	29.17	-29.90	121	
6	35	33	0.22	-2.43	1.27	31.90	21.40	122	
6	35	38	4.40	3.50	6.86	-3.80	-1.80	123	
6	35	43	27.48	10.97	6.14	-27.17	-3.43	124	
6	39	3	4.37	4.31	2.34	-3.66	2.66	125	
6	39	8	-0.32	4.41	6.87	4.08	6.59	126	
6	39	13	3.92	3.94	0.91	-2.83	-4.05	127	
6	39	18	0.00	0.74	2.06	2.02	0.63	128	
6	39	23	22.87	-6.04	13.50	-29.15	2.75	129	
6	39	28	-19.49	-20.82	-26.12	34.31	23.91	130	
6	39	33	7.43	13.59	2.73	9.86	5.22	131	
6	39	38	-0.30	1.75	1.15	3.91	1.75	132	
6	39	43	36.37	14.41	9.27	-42.56	0.74	133	
6	43	3	4.61	2.65	4.42	-2.13	1.00	134	
6	43	8	1.76	3.56	1.52	3.64	-0.66	135	
6	43	13	2.54	1.83	2.19	-4.67	-0.72	136	
6	43	18	1.91	1.92	4.38	2.58	0.68	137	
6	43	23	0.97	5.50	1.16	2.17	1.20	138	
6	43	28	2.66	19.37	16.20	1.25	10.43	139	
6	43	33	5.26	4.02	0.35	-0.42	3.35	140	
6	43	38	3.98	2.37	5.96	3.98	-2.69	141	
6	43	43	39.40	12.92	11.29	-46.72	-0.76	142	
