143
diam	c	r	EConv0	EConv1	EConv2	OConv0	OConv1
6	3	3	4.04	4.52	3.44	0.86	-1.00	44	
6	3	8	6.69	2.27	4.39	-2.54	-1.27	45	
6	3	13	11.01	34.18	5.31	-8.79	-18.16	46	
6	3	18	-5.84	-28.22	8.22	-52.37	-59.01	47	
6	3	23	-8.47	-10.22	-7.62	54.66	67.58	48	
6	3	28	-2.46	38.46	23.06	2.23	-36.68	49	
6	3	33	2.08	-1.69	-1.57	-0.86	4.84	50	
6	3	38	4.06	4.43	3.63	-0.69	2.16	51	
6	3	43	4.54	6.18	2.23	-1.48	1.38	52	
6	7	3	6.30	3.01	4.16	-1.12	1.44	53	
6	7	8	8.30	13.47	-1.58	-2.26	-3.60	54	
6	7	13	-12.45	-10.23	5.68	-63.74	-63.71	55	
6	7	18	8.35	-2.04	12.77	75.08	52.33	56	
6	7	23	16.85	50.82	-2.62	-49.68	-50.67	57	
6	7	28	-31.77	-45.31	-27.07	-14.84	-52.70	58	
6	7	33	41.83	32.82	10.62	21.61	-44.95	59	
6	7	38	-9.87	-1.21	-8.59	-43.84	-111.88	60	
6	7	43	21.02	-23.67	41.78	64.42	-50.33	61	
6	11	3	2.19	3.75	4.52	-1.56	-2.85	62	
6	11	8	24.87	25.83	-7.24	-67.45	-34.25	63	
6	11	13	-27.95	-53.44	16.20	45.50	43.89	64	
6	11	18	41.41	65.27	-11.15	-19.35	-11.61	65	
6	11	23	-31.43	-76.87	7.48	-9.37	-4.17	66	
6	11	28	15.35	50.09	15.71	16.97	87.66	67	
6	11	33	1.24	-9.47	3.04	-53.68	-55.01	68	
6	11	38	4.36	-0.81	-17.87	-18.25	10.11	69	
6	11	43	18.86	4.95	0.17	125.94	-2.98	70	
6	15	3	-0.31	3.51	3.83	2.32	-0.74	71	
6	15	8	12.00	-30.82	13.93	-71.28	42.69	72	
6	15	13	22.74	42.98	-10.69	61.40	28.60	73	
6	15	18	-3.96	-17.09	11.41	-89.09	-54.54	74	
6	15	23	16.01	24.80	4.19	82.02	54.11	75	
6	15	28	0.05	8.53	-7.06	-76.92	-67.54	76	
6	15	33	-22.06	-53.96	10.10	55.47	40.95	77	
6	15	38	27.01	47.82	16.45	-89.85	38.11	78	
6	15	43	35.93	23.57	8.36	97.74	24.03	79	
6	19	3	2.35	2.07	2.22	2.26	3.56	80	
6	19	8	3.13	6.00	7.05	2.27	-3.28	81	
6	19	13	34.79	53.36	1.41	-60.77	-24.82	82	
6	19	18	-28.77	-48.42	21.40	54.59	31.83	83	
6	19	23	31.04	56.65	-3.78	-44.90	-30.06	84	
6	19	28	-33.89	-73.88	13.58	12.15	26.45	85	
6	19	33	19.26	53.74	-2.98	41.86	49.03	86	
6	19	38	-30.38	-17.47	-3.56	-101.65	-31.46	87	
6	19	43	45.79	24.49	6.13	69.87	12.07	88	
6	23	3	4.73	6.71	4.97	2.10	-3.50	89	
6	23	8	4.67	2.64	3.48	0.92	4.84	90	
6	23	13	-24.86	-31.27	3.07	-82.33	-38.95	91	
6	23	18	37.83	43.36	-6.82	69.31	32.18	92	
6	23	23	-25.59	-24.20	8.54	-55.52	-43.02	93	
6	23	28	23.36	38.09	17.55	71.69	42.00	94	
6	23	33	27.64	37.54	0.84	-18.57	-18.68	95	
6	23	38	-60.71	-56.59	8.92	-16.22	-8.69	96	
6	23	43	26.70	20.31	0.08	25.56	9.11	97	
6	27	3	4.50	7.37	8.46	-1.54	-0.58	98	
6	27	8	31.06	33.64	0.77	-28.21	-19.42	99	
6	27	13	-46.63	-42.74	11.19	31.46	14.79	100	
6	27	18	21.35	37.45	-2.99	-54.35	-51.82	101	
6	27	23	-9.77	-12.40	1.43	-16.59	-10.98	102	
6	27	28	7.77	-6.53	-44.80	30.77	-89.61	103	
6	27	33	12.74	-38.00	7.17	-30.35	-91.06	104	
6	27	38	6.29	8.83	13.01	88.41	71.94	105	
6	27	43	7.44	7.26	7.44	1.44	-1.10	106	
6	31	3	1.66	1.36	3.27	3.27	-0.31	107	
6	31	8	33.76	24.04	-1.88	-99.40	-25.51	108	
6	31	13	15.45	36.67	7.89	55.01	-39.14	109	
6	31	18	-9.38	-29.65	9.40	-38.23	-26.51	110	
6	31	23	-2.10	4.72	-0.03	-1.92	4.52	111	
6	31	28	3.39	5.71	5.79	-3.05	4.41	112	
6	31	33	-20.85	-35.63	5.46	42.86	40.05	113	
6	31	38	29.24	32.27	-0.14	27.76	11.59	114	
6	31	43	2.60	3.26	1.93	0.32	-2.40	115	
6	35	3	2.94	6.01	4.10	10.08	0.29	116	
6	35	8	-11.25	-5.73	-9.20	-113.65	-25.06	117	
6	35	13	-8.50	-23.05	-5.08	22.89	3.09	118	
6	35	18	26.29	9.04	-28.56	-33.46	56.92	119	
6	35	23	5.13	2.67	9.17	-0.09	-13.14	120	
6	35	28	-5.09	-40.24	1.22	13.88	24.38	121	
6	35	33	9.48	29.35	-11.14	67.44	58.57	122	
6	35	38	1.96	4.02	3.46	1.57	2.08	123	
6	35	43	3.90	4.61	5.08	1.24	1.45	124	
6	39	3	2.69	6.61	2.81	1.88	2.87	125	
6	39	8	-0.67	-32.52	18.18	-100.74	68.11	126	
6	39	13	4.08	14.91	-7.05	68.58	89.10	127	
6	39	18	28.42	6.57	46.65	-20.99	32.24	128	
6	39	23	-12.96	-0.89	-8.84	-13.25	113.63	129	
6	39	28	5.94	41.66	3.31	39.17	63.18	130	
6	39	33	6.41	11.06	6.08	4.78	8.30	131	
6	39	38	5.58	3.37	5.13	0.50	3.69	132	
6	39	43	2.38	4.93	4.93	-0.42	3.25	133	
6	43	3	2.89	2.29	3.94	-0.81	-3.37	134	
6	43	8	9.63	4.82	12.93	-4.32	3.39	135	
6	43	13	7.73	11.74	6.79	1.34	2.90	136	
6	43	18	5.63	5.13	2.14	2.87	3.53	137	
6	43	23	4.42	2.30	6.32	-5.55	4.06	138	
6	43	28	4.72	9.43	7.24	1.33	5.59	139	
6	43	33	12.23	10.71	1.96	-3.49	2.47	140	
6	43	38	-34.02	-5.38	-8.82	-0.46	-90.56	141	
6	43	43	15.05	2.83	14.06	8.01	-5.53	142	
