143
diam	c	r	EConv0	EConv1	EConv2	OConv0	OConv1
6	3	3	5.44	4.58	3.84	1.31	-0.56	44	
6	3	8	8.76	45.90	3.78	-26.15	-44.66	45	
6	3	13	-6.30	-48.60	4.77	-17.97	-44.34	46	
6	3	18	12.06	23.31	6.08	52.26	56.70	47	
6	3	23	5.09	3.70	1.61	3.00	2.86	48	
6	3	28	3.94	4.45	3.00	1.41	3.90	49	
6	3	33	3.46	3.48	4.48	0.51	0.65	50	
6	3	38	6.82	15.81	6.28	-2.59	-10.47	51	
6	3	43	0.02	2.33	21.50	8.55	-17.10	52	
6	7	3	3.99	5.20	6.24	1.39	-0.64	53	
6	7	8	-16.03	-41.93	-5.78	-59.77	55.21	54	
6	7	13	0.71	23.98	-5.02	37.87	63.47	55	
6	7	18	5.18	8.46	5.06	0.93	0.51	56	
6	7	23	4.23	3.78	2.99	1.76	-1.07	57	
6	7	28	4.86	4.60	4.96	2.02	0.54	58	
6	7	33	11.06	20.32	1.60	-8.12	-6.79	59	
6	7	38	-16.88	-52.63	-4.22	-11.57	-14.61	60	
6	7	43	-24.35	2.11	-37.46	23.21	2.26	61	
6	11	3	3.85	2.10	3.82	2.57	3.61	62	
6	11	8	3.31	3.83	5.93	0.72	0.40	63	
6	11	13	4.32	5.13	8.54	-2.52	5.77	64	
6	11	18	3.19	3.12	2.65	0.20	2.90	65	
6	11	23	3.63	6.27	5.65	1.77	1.14	66	
6	11	28	6.95	11.42	-0.44	-4.79	-3.13	67	
6	11	33	-20.64	-45.87	3.64	-11.72	-23.11	68	
6	11	38	6.49	28.47	9.61	15.11	22.72	69	
6	11	43	-40.24	-15.96	8.75	1.96	-9.76	70	
6	15	3	4.76	3.88	2.81	0.60	-1.12	71	
6	15	8	5.39	5.15	4.03	2.43	0.09	72	
6	15	13	2.45	4.02	3.74	1.77	1.42	73	
6	15	18	2.61	4.15	4.38	0.30	-1.39	74	
6	15	23	2.69	1.58	5.25	-0.30	2.61	75	
6	15	28	-0.50	-0.55	1.19	-40.17	-29.14	76	
6	15	33	17.37	34.24	2.57	24.33	25.86	77	
6	15	38	23.91	26.82	3.76	-13.07	-12.47	78	
6	15	43	4.57	2.62	0.46	39.94	22.38	79	
6	19	3	4.58	3.44	3.14	-0.48	0.44	80	
6	19	8	5.48	4.10	3.32	-0.41	-1.02	81	
6	19	13	6.77	27.62	15.39	-4.04	-14.51	82	
6	19	18	3.84	21.15	32.66	3.51	-20.18	83	
6	19	23	20.22	35.93	4.40	-24.48	-20.96	84	
6	19	28	-0.56	-11.04	6.65	33.56	26.68	85	
6	19	33	6.58	6.11	3.89	-0.91	1.35	86	
6	19	38	-12.62	-26.90	12.90	-37.14	-31.81	87	
6	19	43	21.23	15.67	-1.09	16.37	8.70	88	
6	23	3	3.65	2.17	5.27	-1.43	-0.81	89	
6	23	8	18.42	43.52	1.83	-32.43	-35.56	90	
6	23	13	-5.53	-42.06	-13.14	-19.22	-36.49	91	
6	23	18	8.39	-16.43	-28.25	6.90	-17.60	92	
6	23	23	-7.00	-36.76	-14.37	4.38	-42.51	93	
6	23	28	22.42	51.37	42.37	14.70	-28.37	94	
6	23	33	4.33	9.13	12.77	-49.63	-75.27	95	
6	23	38	13.14	10.56	-0.03	51.27	44.06	96	
6	23	43	4.06	3.36	4.50	1.45	-0.82	97	
6	27	3	7.07	10.64	1.29	-2.43	-4.27	98	
6	27	8	-31.02	-58.81	8.73	-17.28	2.12	99	
6	27	13	11.33	28.35	22.85	10.60	79.18	100	
6	27	18	-13.64	5.51	12.75	-25.81	14.79	101	
6	27	23	8.27	-16.30	-36.07	-15.11	45.09	102	
6	27	28	2.71	-36.86	-30.90	4.29	6.30	103	
6	27	33	-11.71	-22.24	-10.44	47.80	68.65	104	
6	27	38	7.59	10.94	1.94	3.40	-1.29	105	
6	27	43	4.34	3.79	3.25	1.87	1.28	106	
6	31	3	33.69	18.32	-3.45	-44.75	-9.96	107	
6	31	8	27.43	30.63	9.41	49.02	40.11	108	
6	31	13	8.66	13.06	4.71	-43.97	-54.99	109	
6	31	18	0.25	-2.06	-9.79	52.88	53.01	110	
6	31	23	8.84	11.39	26.49	-3.68	7.74	111	
6	31	28	1.01	31.56	24.10	5.75	32.86	112	
6	31	33	6.26	12.10	3.53	-2.58	1.57	113	
6	31	38	-31.84	9.13	-18.40	-13.51	-51.55	114	
6	31	43	5.47	3.20	7.62	1.85	-3.84	115	
6	35	3	27.08	-2.07	18.45	-32.72	13.00	116	
6	35	8	24.28	9.15	12.11	-6.94	-78.99	117	
6	35	13	-24.32	-37.08	-7.83	35.01	45.08	118	
6	35	18	8.59	13.78	1.46	3.57	2.06	119	
6	35	23	3.58	3.81	4.69	2.33	0.14	120	
6	35	28	3.54	5.97	2.78	2.89	-3.21	121	
6	35	33	3.22	1.90	3.73	-0.36	-2.68	122	
6	35	38	-16.76	-9.88	24.81	-28.31	53.25	123	
6	35	43	9.14	4.86	0.74	5.34	1.60	124	
6	39	3	7.73	4.28	8.50	-3.61	-1.62	125	
6	39	8	-37.93	-24.76	-13.95	-5.20	24.98	126	
6	39	13	20.89	27.92	5.95	17.29	11.50	127	
6	39	18	2.50	2.99	3.67	0.71	-0.44	128	
6	39	23	3.69	4.55	1.83	-1.32	1.19	129	
6	39	28	5.25	5.62	4.36	-1.60	2.06	130	
6	39	33	5.11	4.55	3.74	-0.05	0.79	131	
6	39	38	4.04	3.90	2.60	0.73	1.15	132	
6	39	43	5.49	4.83	3.66	0.43	2.48	133	
6	43	3	4.52	5.64	5.13	0.49	2.67	134	
6	43	8	-5.43	22.56	14.88	6.52	27.28	135	
6	43	13	2.02	2.07	4.15	0.04	1.81	136	
6	43	18	3.49	5.20	3.61	1.34	1.60	137	
6	43	23	3.34	3.47	4.74	0.43	0.56	138	
6	43	28	3.59	2.45	4.54	0.90	0.73	139	
6	43	33	5.32	4.50	4.41	-0.78	0.63	140	
6	43	38	4.34	4.55	4.49	1.26	-1.45	141	
6	43	43	4.68	3.68	5.07	0.17	-1.92	142	
