143
diam	c	r	EConv0	EConv1	EConv2	OConv0	OConv1
6	3	3	3.71	3.64	4.60	0.46	-0.86	44	
6	3	8	-10.22	-28.72	13.59	-26.80	-7.06	45	
6	3	13	11.64	14.76	3.20	10.13	2.85	46	
6	3	18	5.20	10.08	3.88	-0.27	0.84	47	
6	3	23	3.50	7.19	21.84	6.37	-10.18	48	
6	3	28	3.39	3.91	4.09	1.14	-2.17	49	
6	3	33	2.82	3.36	3.67	0.81	0.20	50	
6	3	38	2.86	4.31	4.45	-1.99	-0.41	51	
6	3	43	5.15	3.24	3.05	2.11	0.38	52	
6	7	3	5.98	4.41	2.66	-2.61	-0.98	53	
6	7	8	-0.34	13.45	0.31	14.75	20.68	54	
6	7	13	6.77	10.20	4.04	-2.16	1.37	55	
6	7	18	0.68	0.47	-5.82	-56.61	-64.77	56	
6	7	23	-23.99	-13.75	-47.34	40.30	-41.60	57	
6	7	28	4.74	3.63	6.23	0.15	-1.39	58	
6	7	33	7.85	9.06	2.88	-2.37	-4.65	59	
6	7	38	-17.43	-12.08	5.23	0.11	-39.31	60	
6	7	43	3.44	-3.00	13.64	21.54	-23.27	61	
6	11	3	2.84	1.94	4.67	-0.16	0.18	62	
6	11	8	4.30	3.38	1.63	-1.04	0.45	63	
6	11	13	14.01	19.24	-7.90	-69.13	-53.33	64	
6	11	18	-5.00	-38.67	9.12	41.88	56.38	65	
6	11	23	34.04	32.79	32.18	-36.62	52.11	66	
6	11	28	26.79	3.19	14.07	19.77	-5.75	67	
6	11	33	-4.69	-8.74	2.89	-29.64	-34.60	68	
6	11	38	6.97	23.89	0.28	30.41	32.06	69	
6	11	43	-31.05	-6.94	-0.82	27.96	-5.37	70	
6	15	3	4.73	3.66	2.92	3.37	1.39	71	
6	15	8	16.37	29.57	-0.85	-12.97	-15.23	72	
6	15	13	-34.68	-62.55	17.09	21.52	28.69	73	
6	15	18	13.01	25.26	1.78	8.85	9.20	74	
6	15	23	17.78	4.11	10.96	-10.24	2.59	75	
6	15	28	34.53	22.30	4.67	5.49	-20.41	76	
6	15	33	0.10	9.63	-0.24	31.19	34.03	77	
6	15	38	10.51	8.88	0.30	-6.62	-2.84	78	
6	15	43	-10.05	-11.41	-3.97	55.41	7.45	79	
6	19	3	3.89	4.59	2.48	0.20	-2.89	80	
6	19	8	-16.34	-28.46	0.49	-49.24	-13.12	81	
6	19	13	17.51	38.01	-1.10	19.91	20.96	82	
6	19	18	2.21	4.23	3.30	-1.08	-2.08	83	
6	19	23	17.75	24.11	3.75	-17.01	-12.88	84	
6	19	28	13.37	-6.37	17.84	49.77	16.68	85	
6	19	33	3.59	5.88	4.66	1.97	-0.42	86	
6	19	38	25.77	24.88	-3.89	-52.59	-26.37	87	
6	19	43	35.08	26.16	3.01	39.57	12.09	88	
6	23	3	2.93	2.41	5.22	0.30	-0.43	89	
6	23	8	-28.85	-10.82	7.66	18.70	11.34	90	
6	23	13	4.97	3.12	3.22	0.62	0.13	91	
6	23	18	4.71	6.33	2.13	-2.96	-0.78	92	
6	23	23	-20.40	-44.83	11.83	-12.59	-7.06	93	
6	23	28	-1.19	14.08	-9.18	24.45	-0.63	94	
6	23	33	7.53	22.96	5.49	-3.78	-8.08	95	
6	23	38	-37.21	-56.62	17.06	-11.22	-10.27	96	
6	23	43	9.09	11.53	3.31	5.45	4.78	97	
6	27	3	5.19	3.99	3.33	0.91	1.52	98	
6	27	8	4.13	10.73	7.18	21.83	8.11	99	
6	27	13	4.97	7.28	3.27	-2.59	-5.39	100	
6	27	18	0.19	-3.66	1.34	-27.37	-20.68	101	
6	27	23	10.79	28.56	-4.25	21.46	22.28	102	
6	27	28	-18.53	33.51	-15.72	-18.58	-33.46	103	
6	27	33	-6.21	-41.06	1.63	-26.43	-34.81	104	
6	27	38	8.35	27.59	-7.13	42.94	40.05	105	
6	27	43	3.15	3.08	2.63	-0.21	0.36	106	
6	31	3	2.92	3.32	3.62	1.52	-1.06	107	
6	31	8	-0.54	23.92	-3.49	8.04	-20.84	108	
6	31	13	4.58	0.22	11.18	-1.36	-20.13	109	
6	31	18	-3.82	3.81	0.16	15.53	24.76	110	
6	31	23	2.25	0.73	3.40	1.18	0.73	111	
6	31	28	9.55	-5.80	39.89	-35.51	38.69	112	
6	31	33	10.09	41.04	12.31	21.67	43.25	113	
6	31	38	2.96	5.87	5.51	3.59	0.68	114	
6	31	43	2.73	3.21	2.87	0.70	-1.23	115	
6	35	3	5.79	24.33	9.55	-5.19	-12.91	116	
6	35	8	-14.72	-36.79	14.19	-17.21	5.63	117	
6	35	13	4.97	7.62	-2.61	20.69	28.57	118	
6	35	18	4.89	5.63	4.46	-0.83	0.63	119	
6	35	23	3.32	2.76	1.25	3.90	0.66	120	
6	35	28	4.03	5.81	3.78	-0.15	3.06	121	
6	35	33	-0.81	-5.44	-1.92	-6.20	1.22	122	
6	35	38	1.03	3.42	0.74	-1.28	-3.49	123	
6	35	43	3.64	2.31	1.73	0.95	-0.34	124	
6	39	3	-44.93	-53.87	-43.99	-54.05	-3.68	125	
6	39	8	23.71	23.02	12.35	21.63	11.40	126	
6	39	13	4.16	4.91	4.30	0.98	0.37	127	
6	39	18	1.82	2.21	2.31	-1.39	-0.88	128	
6	39	23	4.44	3.51	3.47	2.95	-1.02	129	
6	39	28	4.27	1.91	5.40	2.40	-1.67	130	
6	39	33	6.55	9.92	4.27	-0.30	1.92	131	
6	39	38	-17.71	2.21	-5.47	-56.06	-74.45	132	
6	39	43	21.21	3.21	12.81	13.39	-3.50	133	
6	43	3	-2.97	12.08	16.73	3.00	22.42	134	
6	43	8	6.77	7.24	1.64	2.35	2.20	135	
6	43	13	3.54	3.00	3.28	1.57	0.49	136	
6	43	18	2.82	3.90	3.88	-1.22	1.65	137	
6	43	23	3.48	3.92	2.19	0.67	-0.66	138	
6	43	28	3.59	9.25	0.88	1.40	3.41	139	
6	43	33	-2.36	-9.57	0.35	-53.94	-68.93	140	
6	43	38	-18.88	-23.53	1.31	79.58	53.42	141	
6	43	43	2.46	7.16	4.38	0.53	1.12	142	
