143
diam	c	r	EConv0	EConv1	EConv2	OConv0	OConv1
6	3	3	2.92	1.85	2.37	0.99	-0.98	44	
6	3	8	-0.73	0.53	0.33	2.94	1.05	45	
6	3	13	2.66	4.83	2.52	-1.23	-1.95	46	
6	3	18	2.12	4.58	3.90	-1.19	0.08	47	
6	3	23	1.93	2.37	2.37	0.04	0.05	48	
6	3	28	1.55	2.58	2.71	-1.71	-1.69	49	
6	3	33	2.60	2.89	2.64	0.56	-0.02	50	
6	3	38	2.01	1.65	1.77	2.22	-1.59	51	
6	3	43	1.80	1.49	15.41	3.22	-16.21	52	
6	7	3	1.03	2.73	3.00	1.79	-0.70	53	
6	7	8	2.00	9.96	3.55	-0.57	-2.82	54	
6	7	13	-5.89	0.06	-0.96	-17.96	-30.57	55	
6	7	18	1.04	-12.26	6.89	28.72	-16.13	56	
6	7	23	2.97	1.62	1.10	-1.20	1.24	57	
6	7	28	0.54	0.80	1.01	0.57	2.61	58	
6	7	33	2.16	2.74	3.48	1.62	0.20	59	
6	7	38	17.12	21.56	2.20	-23.04	-14.99	60	
6	7	43	-19.15	-25.98	-14.34	58.33	-9.72	61	
6	11	3	2.42	3.11	0.87	2.10	1.25	62	
6	11	8	12.57	12.18	-0.08	-41.55	-21.28	63	
6	11	13	7.64	-18.85	-4.56	21.59	26.28	64	
6	11	18	-7.57	1.85	-7.51	36.76	4.16	65	
6	11	23	3.58	2.52	3.96	0.98	-1.65	66	
6	11	28	2.66	2.09	1.87	-0.31	-2.35	67	
6	11	33	12.97	22.44	-2.62	-14.46	-13.63	68	
6	11	38	-6.67	-25.60	-5.62	-9.87	-24.11	69	
6	11	43	20.62	20.30	6.64	40.32	20.57	70	
6	15	3	5.04	6.35	0.93	-2.63	-1.26	71	
6	15	8	-26.61	-41.47	8.44	-0.20	-0.63	72	
6	15	13	9.30	12.23	1.31	10.32	4.72	73	
6	15	18	-14.10	-1.52	-0.53	22.40	-0.52	74	
6	15	23	4.47	5.00	2.78	0.18	-0.24	75	
6	15	28	9.16	15.03	2.10	-7.33	-7.26	76	
6	15	33	2.98	-16.21	11.70	-36.98	-28.43	77	
6	15	38	-9.75	-21.50	1.32	26.82	25.01	78	
6	15	43	6.25	11.75	0.23	4.73	3.90	79	
6	19	3	17.47	10.66	-5.13	-27.04	-17.47	80	
6	19	8	16.80	14.42	2.59	50.45	17.93	81	
6	19	13	11.74	11.93	-0.04	-5.37	-2.28	82	
6	19	18	8.35	-1.53	7.90	36.36	3.39	83	
6	19	23	7.51	11.22	2.75	-4.86	-4.10	84	
6	19	28	-1.88	-7.95	1.50	-32.74	-37.34	85	
6	19	33	-0.49	-21.71	2.91	8.44	15.34	86	
6	19	38	12.82	23.02	1.07	16.47	15.61	87	
6	19	43	1.41	2.70	2.03	-0.48	0.91	88	
6	23	3	-8.26	-1.44	3.59	-43.49	-14.89	89	
6	23	8	17.67	14.47	0.48	14.87	8.77	90	
6	23	13	18.12	13.42	3.28	-37.39	-13.69	91	
6	23	18	33.71	32.69	9.23	28.88	-12.00	92	
6	23	23	-0.18	-18.12	-1.61	-23.96	-35.96	93	
6	23	28	-6.37	-21.32	2.47	5.01	14.71	94	
6	23	33	10.16	25.65	-0.03	23.33	24.76	95	
6	23	38	1.76	2.00	3.03	0.56	-2.24	96	
6	23	43	2.49	2.23	3.76	0.42	1.56	97	
6	27	3	-44.84	-18.90	-3.72	-14.78	-2.99	98	
6	27	8	4.97	4.47	2.24	1.80	-0.61	99	
6	27	13	-19.93	-12.74	0.07	-29.37	-12.98	100	
6	27	18	5.04	-3.60	-0.24	-2.33	-5.75	101	
6	27	23	-3.86	-23.59	3.39	12.72	22.78	102	
6	27	28	7.88	23.61	0.21	21.21	25.89	103	
6	27	33	4.32	2.74	3.58	0.54	-0.55	104	
6	27	38	0.84	2.00	1.73	0.94	1.76	105	
6	27	43	3.02	2.41	2.68	1.27	-0.58	106	
6	31	3	-17.75	-4.51	-2.80	7.38	-5.94	107	
6	31	8	20.85	21.11	16.00	-8.63	-29.70	108	
6	31	13	2.13	-1.03	4.44	1.23	-2.77	109	
6	31	18	1.84	-20.45	8.59	17.91	19.00	110	
6	31	23	10.11	20.78	-3.61	20.45	17.39	111	
6	31	28	3.95	4.26	4.89	-0.92	-2.69	112	
6	31	33	2.21	2.72	2.17	-0.06	0.45	113	
6	31	38	2.72	2.88	2.97	1.16	0.12	114	
6	31	43	2.57	3.51	2.69	3.12	0.36	115	
6	35	3	-17.35	4.90	-18.35	-10.66	9.50	116	
6	35	8	8.71	0.82	-1.55	2.69	-7.82	117	
6	35	13	-0.08	-20.71	6.35	26.65	21.21	118	
6	35	18	8.36	23.08	0.40	11.75	14.47	119	
6	35	23	4.90	2.26	3.55	-0.67	-1.15	120	
6	35	28	-1.51	28.76	1.65	-10.32	-24.84	121	
6	35	33	6.08	0.29	9.49	4.53	-4.04	122	
6	35	38	1.93	2.93	2.06	1.26	0.86	123	
6	35	43	2.78	3.47	2.75	-0.16	0.24	124	
6	39	3	-12.29	3.63	-6.20	-53.37	5.38	125	
6	39	8	-9.55	-26.57	2.15	29.76	26.37	126	
6	39	13	5.70	19.53	4.67	6.68	14.86	127	
6	39	18	3.49	3.14	4.14	0.32	1.34	128	
6	39	23	3.01	3.34	1.94	-0.94	3.77	129	
6	39	28	-21.77	-12.70	-5.50	-67.25	-6.26	130	
6	39	33	32.22	0.48	8.27	44.87	-4.53	131	
6	39	38	3.03	2.50	3.42	1.19	0.30	132	
6	39	43	2.15	2.41	1.95	-1.04	0.31	133	
6	43	3	2.00	-20.84	15.97	-37.68	29.87	134	
6	43	8	14.81	24.72	1.07	15.81	20.47	135	
6	43	13	2.85	3.28	1.82	-1.80	0.83	136	
6	43	18	3.72	2.31	1.64	2.35	0.82	137	
6	43	23	3.86	2.50	3.95	1.32	0.25	138	
6	43	28	-33.45	-22.39	-11.03	-59.54	16.58	139	
6	43	33	24.14	16.64	-1.50	23.94	10.38	140	
6	43	38	3.45	2.71	3.57	1.27	-1.61	141	
6	43	43	1.15	1.32	2.05	-0.62	-1.34	142	
