143
diam	c	r	EConv0	EConv1	EConv2	OConv0	OConv1
6	3	3	34.91	19.52	2.15	-38.99	-7.18	44	
6	3	8	-3.14	-12.89	1.02	9.88	2.36	45	
6	3	13	14.61	20.06	-18.94	4.55	-6.54	46	
6	3	18	-29.04	-2.69	0.75	19.90	3.97	47	
6	3	23	13.81	5.42	5.66	-0.03	-1.63	48	
6	3	28	19.12	30.39	1.14	-34.07	-32.71	49	
6	3	33	-12.92	-32.68	-1.85	-25.40	-14.62	50	
6	3	38	-22.61	-1.53	-34.22	33.06	-3.37	51	
6	3	43	13.35	4.83	9.79	1.43	-2.52	52	
6	7	3	43.61	19.67	5.16	-71.79	-10.75	53	
6	7	8	6.58	8.99	17.24	60.00	31.88	54	
6	7	13	-24.17	-17.24	10.55	-29.34	-4.98	55	
6	7	18	-28.99	1.42	-24.09	9.21	14.10	56	
6	7	23	22.97	42.41	13.00	-21.22	-41.42	57	
6	7	28	-12.46	-38.64	9.26	-29.62	-36.40	58	
6	7	33	13.41	6.17	14.38	52.56	69.02	59	
6	7	38	-8.79	28.20	-11.22	-65.93	26.72	60	
6	7	43	31.22	4.22	14.81	18.67	-3.38	61	
6	11	3	21.51	4.13	3.26	-90.23	-11.10	62	
6	11	8	25.32	11.76	-10.35	-6.42	-43.64	63	
6	11	13	-8.80	-14.27	-5.86	54.16	45.51	64	
6	11	18	-7.68	5.53	-11.69	-73.48	26.21	65	
6	11	23	-6.27	-45.70	-2.71	-11.88	-32.68	66	
6	11	28	-3.44	-15.13	-10.40	52.26	69.92	67	
6	11	33	17.39	22.99	3.02	4.09	2.26	68	
6	11	38	-10.68	-2.97	7.80	-79.97	-31.57	69	
6	11	43	38.92	11.73	14.82	35.57	-1.90	70	
6	15	3	24.52	-3.37	19.82	-68.00	18.35	71	
6	15	8	-20.75	-37.66	-10.19	34.20	49.28	72	
6	15	13	15.12	21.58	4.48	18.01	13.18	73	
6	15	18	11.27	-8.01	32.54	-22.69	29.76	74	
6	15	23	-5.71	28.59	7.76	21.43	95.90	75	
6	15	28	6.89	19.13	1.34	2.04	5.46	76	
6	15	33	12.08	14.91	-1.46	-18.62	-13.25	77	
6	15	38	-35.63	-28.70	8.95	-33.74	-18.03	78	
6	15	43	28.33	13.32	2.00	26.81	5.77	79	
6	19	3	8.53	-3.32	21.55	-5.84	11.26	80	
6	19	8	6.97	38.70	6.69	10.30	29.30	81	
6	19	13	3.79	5.53	2.69	1.37	-1.36	82	
6	19	18	1.86	2.03	4.46	0.98	1.11	83	
6	19	23	6.07	-4.37	0.72	-3.04	-6.94	84	
6	19	28	6.60	4.03	4.33	-0.41	-4.69	85	
6	19	33	9.47	13.07	0.49	-58.88	-48.11	86	
6	19	38	-30.97	-25.37	4.24	39.73	23.58	87	
6	19	43	9.94	10.51	3.46	3.24	2.98	88	
6	23	3	3.24	7.08	0.74	4.71	-0.68	89	
6	23	8	1.57	-0.09	5.00	-0.44	-1.23	90	
6	23	13	2.20	24.07	22.35	-2.92	-13.09	91	
6	23	18	0.69	8.63	6.13	-1.49	-4.03	92	
6	23	23	3.25	0.48	-1.34	-2.81	-1.46	93	
6	23	28	19.27	32.94	-2.88	-31.99	-31.67	94	
6	23	33	-17.99	-31.02	9.15	-24.15	-19.28	95	
6	23	38	2.74	11.62	-8.38	60.02	41.61	96	
6	23	43	5.71	2.05	4.07	1.68	-2.51	97	
6	27	3	5.01	7.49	3.03	-5.23	-1.14	98	
6	27	8	11.61	35.85	-0.18	-45.20	-69.46	99	
6	27	13	-15.72	-32.83	-25.20	6.45	-80.73	100	
6	27	18	12.75	-13.19	29.37	54.20	-36.04	101	
6	27	23	12.47	14.19	-0.02	-13.44	-9.36	102	
6	27	28	-10.60	-18.31	7.07	-57.23	-44.18	103	
6	27	33	-16.18	-19.75	11.50	54.33	33.65	104	
6	27	38	7.01	17.09	-2.55	5.22	12.71	105	
6	27	43	6.31	3.98	6.87	3.80	0.60	106	
6	31	3	22.33	13.68	3.15	-21.16	-8.02	107	
6	31	8	-40.30	-55.04	10.09	-6.00	-1.24	108	
6	31	13	16.19	10.62	4.28	3.44	110.21	109	
6	31	18	-31.55	15.51	-34.85	50.93	-17.90	110	
6	31	23	-9.11	-0.18	2.44	-54.09	-81.55	111	
6	31	28	-6.28	-14.68	1.87	0.80	0.06	112	
6	31	33	18.17	20.50	-0.30	64.77	34.63	113	
6	31	38	-5.19	2.93	5.43	-11.81	-7.49	114	
6	31	43	6.70	6.42	3.87	3.54	0.07	115	
6	35	3	30.30	12.79	-3.09	-56.77	-11.34	116	
6	35	8	-28.21	-10.76	8.20	82.70	32.44	117	
6	35	13	18.82	36.18	14.06	-23.61	-41.44	118	
6	35	18	-19.43	-13.49	-6.31	-25.16	-19.25	119	
6	35	23	-3.18	-3.44	2.12	8.31	7.28	120	
6	35	28	-11.12	-18.43	9.97	47.74	35.98	121	
6	35	33	37.32	32.75	-6.16	-16.53	1.92	122	
6	35	38	-18.93	-32.98	2.51	51.85	-48.60	123	
6	35	43	4.11	2.78	3.06	4.34	-1.87	124	
6	39	3	23.19	-1.44	21.93	-33.31	11.33	125	
6	39	8	-4.83	30.80	-37.01	16.99	-45.19	126	
6	39	13	-7.42	-40.02	-8.32	-20.42	-52.35	127	
6	39	18	-1.15	3.68	2.43	-0.52	-2.38	128	
6	39	23	-9.23	-38.64	-10.45	21.84	40.20	129	
6	39	28	15.60	28.56	-5.00	45.07	36.48	130	
6	39	33	14.62	-5.97	18.57	-14.92	3.68	131	
6	39	38	-7.65	27.62	-15.11	16.90	60.16	132	
6	39	43	7.27	4.56	3.02	5.60	-0.29	133	
6	43	3	7.17	-1.92	11.06	-2.35	1.83	134	
6	43	8	-15.19	-25.85	-28.37	-51.07	59.25	135	
6	43	13	-3.40	-43.91	-35.12	11.43	48.57	136	
6	43	18	-8.56	-24.61	-16.95	41.25	85.71	137	
6	43	23	15.93	45.38	13.37	13.00	34.63	138	
6	43	28	5.82	-0.12	2.27	-4.50	0.45	139	
6	43	33	-0.63	0.27	-4.77	1.16	1.22	140	
6	43	38	-0.99	-4.11	2.80	-13.26	-6.25	141	
6	43	43	4.65	2.22	4.55	6.57	-4.70	142	
