143
diam	c	r	EConv0	EConv1	EConv2	OConv0	OConv1
6	3	3	5.61	4.22	2.79	3.91	2.40	44	
6	3	8	3.25	5.67	1.95	-7.83	3.88	45	
6	3	13	1.81	2.66	1.92	5.21	-3.09	46	
6	3	18	-8.70	-10.85	4.71	-45.16	-31.56	47	
6	3	23	26.99	27.06	3.73	11.31	14.71	48	
6	3	28	1.30	2.22	3.05	11.23	-0.60	49	
6	3	33	3.52	2.26	4.56	3.00	-1.81	50	
6	3	38	28.42	23.97	0.23	-37.34	-16.10	51	
6	3	43	4.64	9.94	-8.84	59.38	45.57	52	
6	7	3	4.13	4.71	3.11	-1.00	-1.28	53	
6	7	8	5.10	2.82	6.18	-4.37	0.22	54	
6	7	13	7.97	22.81	-5.25	-31.23	-41.28	55	
6	7	18	-5.01	-16.90	2.61	46.00	32.00	56	
6	7	23	7.70	5.47	7.43	-13.90	-3.65	57	
6	7	28	5.47	6.71	3.55	10.81	1.94	58	
6	7	33	4.56	4.66	3.62	4.04	0.37	59	
6	7	38	-17.53	-33.63	9.26	-43.90	-8.50	60	
6	7	43	17.44	10.62	0.60	11.19	0.18	61	
6	11	3	4.15	4.84	4.26	-4.19	-0.50	62	
6	11	8	5.10	3.57	4.86	0.65	1.59	63	
6	11	13	-41.30	-33.92	-7.38	-32.97	18.47	64	
6	11	18	21.49	24.88	2.20	15.77	9.91	65	
6	11	23	5.38	3.44	7.41	-6.72	2.46	66	
6	11	28	2.32	5.11	4.66	8.46	0.18	67	
6	11	33	16.72	23.70	-0.96	-19.31	-16.36	68	
6	11	38	-0.50	-2.22	7.86	49.05	19.04	69	
6	11	43	2.16	2.67	3.19	-0.20	2.16	70	
6	15	3	4.21	3.28	4.15	-2.75	2.00	71	
6	15	8	5.81	6.51	3.46	-0.51	-1.28	72	
6	15	13	-4.60	15.91	11.53	1.76	24.10	73	
6	15	18	2.73	19.70	8.14	-0.29	-19.20	74	
6	15	23	6.88	0.31	9.60	-0.46	-4.85	75	
6	15	28	1.40	5.21	3.52	9.31	5.81	76	
6	15	33	-20.18	-19.50	10.03	-38.79	-17.54	77	
6	15	38	19.28	22.72	-1.30	15.64	13.19	78	
6	15	43	4.20	4.62	5.63	1.96	1.81	79	
6	19	3	4.18	5.00	5.09	0.30	-0.96	80	
6	19	8	1.42	3.48	3.07	-2.44	-0.21	81	
6	19	13	14.30	16.71	-1.47	-15.54	-7.24	82	
6	19	18	-4.01	-29.45	-3.23	-11.32	-10.05	83	
6	19	23	23.92	8.75	4.06	17.50	-0.68	84	
6	19	28	20.20	29.09	0.15	-22.25	-33.17	85	
6	19	33	-9.28	-15.54	-5.10	53.62	24.22	86	
6	19	38	3.33	3.34	5.29	-0.25	-0.09	87	
6	19	43	4.14	4.80	3.24	1.83	0.39	88	
6	23	3	4.17	3.48	6.97	1.67	-4.50	89	
6	23	8	-1.93	-0.34	1.68	-1.54	-8.16	90	
6	23	13	-12.67	-21.89	7.67	-26.74	-27.75	91	
6	23	18	14.37	25.99	9.34	9.37	32.10	92	
6	23	23	17.09	16.29	5.74	-2.14	4.03	93	
6	23	28	-27.61	-37.62	11.84	-2.90	0.52	94	
6	23	33	13.95	21.56	4.63	8.44	8.36	95	
6	23	38	4.27	4.90	4.07	1.72	0.29	96	
6	23	43	4.99	5.24	4.66	-0.02	-2.29	97	
6	27	3	7.98	2.40	2.72	4.65	-3.79	98	
6	27	8	11.89	14.57	0.07	-11.98	-6.81	99	
6	27	13	1.03	1.87	12.10	41.95	10.91	100	
6	27	18	8.13	-2.82	7.31	3.74	-12.05	101	
6	27	23	11.01	6.29	1.43	-38.10	-36.12	102	
6	27	28	10.21	20.39	-5.33	47.74	24.82	103	
6	27	33	0.66	2.82	5.16	3.43	-8.05	104	
6	27	38	4.03	3.77	4.40	-1.99	-6.22	105	
6	27	43	5.94	3.61	4.06	-1.75	-4.79	106	
6	31	3	5.15	6.74	4.36	2.31	4.30	107	
6	31	8	29.22	15.38	8.02	-35.98	2.71	108	
6	31	13	18.08	8.42	1.86	29.89	-9.35	109	
6	31	18	16.31	22.84	-4.64	-6.45	1.00	110	
6	31	23	-30.43	-36.41	5.35	11.71	7.15	111	
6	31	28	8.71	6.08	3.70	2.61	8.09	112	
6	31	33	1.71	-0.07	-2.51	4.57	6.02	113	
6	31	38	3.79	3.75	2.54	-0.05	3.03	114	
6	31	43	4.25	2.43	3.46	-0.06	2.52	115	
6	35	3	2.92	6.52	6.10	2.56	2.04	116	
6	35	8	32.31	-0.77	10.36	-47.51	6.91	117	
6	35	13	7.20	13.93	5.50	40.70	8.26	118	
6	35	18	-11.33	-29.82	11.92	-14.17	-29.13	119	
6	35	23	9.56	30.20	0.28	26.67	34.62	120	
6	35	28	3.39	4.77	5.39	6.85	5.74	121	
6	35	33	2.76	6.86	4.58	-4.95	3.00	122	
6	35	38	4.17	4.01	5.12	-0.09	1.64	123	
6	35	43	4.18	4.21	5.18	2.52	3.82	124	
6	39	3	1.26	1.69	3.15	5.30	-4.54	125	
6	39	8	17.83	7.01	14.03	-11.44	1.54	126	
6	39	13	1.41	3.01	-0.60	0.34	-15.45	127	
6	39	18	4.05	13.54	-6.27	38.00	40.81	128	
6	39	23	3.91	1.99	3.41	-1.29	1.18	129	
6	39	28	5.70	5.02	3.43	2.21	0.87	130	
6	39	33	4.58	3.92	4.31	-2.10	0.51	131	
6	39	38	4.54	4.63	4.61	1.44	1.76	132	
6	39	43	3.87	4.95	3.04	2.82	-1.37	133	
6	43	3	1.28	3.02	2.09	2.95	-2.82	134	
6	43	8	9.68	4.37	6.89	-0.81	-1.14	135	
6	43	13	-15.42	0.58	-6.70	17.30	54.45	136	
6	43	18	7.22	5.28	2.59	1.19	0.57	137	
6	43	23	3.28	5.96	5.06	-1.72	-1.53	138	
6	43	28	5.73	6.13	4.60	-0.15	-2.01	139	
6	43	33	4.04	5.00	5.42	-1.77	-1.94	140	
6	43	38	0.91	4.69	3.83	-0.38	-2.53	141	
6	43	43	2.81	4.53	2.88	-4.43	-2.15	142	
