143
diam	c	r	EConv0	EConv1	EConv2	OConv0	OConv1
6	3	3	0.09	36.96	33.75	-1.03	61.39	44	
6	3	8	1.07	42.21	40.69	0.84	62.76	45	
6	3	13	7.75	43.01	39.98	-0.73	51.82	46	
6	3	18	2.24	38.19	44.81	-4.95	68.18	47	
6	3	23	4.18	47.33	33.43	7.13	50.68	48	
6	3	28	5.52	39.20	41.44	-0.04	38.25	49	
6	3	33	6.72	41.75	39.79	-2.17	40.23	50	
6	3	38	1.72	33.08	45.13	-4.81	50.53	51	
6	3	43	-52.49	17.55	24.11	-0.09	36.01	52	
6	7	3	3.88	4.37	4.78	0.74	1.05	53	
6	7	8	4.79	5.40	4.89	0.46	0.58	54	
6	7	13	5.06	4.40	5.45	-0.47	-0.42	55	
6	7	18	3.41	3.98	5.28	1.69	0.99	56	
6	7	23	2.71	2.80	3.81	0.98	3.70	57	
6	7	28	5.38	7.95	7.18	2.38	2.51	58	
6	7	33	5.26	6.64	4.18	-3.02	1.71	59	
6	7	38	9.05	8.34	5.25	2.87	1.82	60	
6	7	43	-53.26	-33.76	1.70	52.97	0.29	61	
6	11	3	4.94	4.68	4.72	1.16	-0.07	62	
6	11	8	4.51	4.39	4.42	0.01	0.19	63	
6	11	13	5.41	7.49	6.89	0.13	-1.13	64	
6	11	18	4.41	1.01	4.11	1.53	2.97	65	
6	11	23	23.19	43.21	4.68	-48.93	-54.43	66	
6	11	28	20.57	-34.97	0.14	73.63	-14.36	67	
6	11	33	5.10	4.58	3.71	-3.23	-1.29	68	
6	11	38	28.90	20.49	-3.29	-23.35	-12.45	69	
6	11	43	26.06	31.34	-4.38	63.32	32.62	70	
6	15	3	4.38	5.14	3.62	-0.08	-0.78	71	
6	15	8	4.64	3.49	4.91	1.85	0.32	72	
6	15	13	2.30	-0.98	0.73	1.15	5.72	73	
6	15	18	25.59	56.96	3.00	-48.58	-54.67	74	
6	15	23	6.61	-20.48	18.38	50.85	57.07	75	
6	15	28	10.97	29.91	4.60	5.54	12.87	76	
6	15	33	3.12	-0.24	2.27	-0.85	0.81	77	
6	15	38	-14.21	-21.38	10.66	-27.24	-20.14	78	
6	15	43	9.14	11.53	2.19	3.79	3.96	79	
6	19	3	3.53	3.42	4.56	-1.27	0.52	80	
6	19	8	2.57	1.61	4.47	1.24	0.52	81	
6	19	13	15.07	46.45	-8.70	-36.84	-44.94	82	
6	19	18	-20.38	-60.89	7.95	33.52	61.56	83	
6	19	23	7.91	15.70	0.46	1.81	3.52	84	
6	19	28	4.11	4.51	2.82	1.19	-2.21	85	
6	19	33	24.06	31.65	3.13	-20.24	-13.19	86	
6	19	38	14.17	10.48	6.70	46.66	18.93	87	
6	19	43	3.07	2.83	3.15	1.24	-0.46	88	
6	23	3	3.60	1.78	5.22	1.71	-0.15	89	
6	23	8	18.12	47.28	0.00	-32.54	-40.03	90	
6	23	13	-10.06	-31.79	8.22	23.70	22.39	91	
6	23	18	-17.51	-3.23	17.61	20.68	-58.02	92	
6	23	23	4.51	3.78	4.53	0.74	0.38	93	
6	23	28	7.35	8.65	5.72	3.66	1.22	94	
6	23	33	-36.11	-58.42	16.28	-23.24	-24.41	95	
6	23	38	12.01	16.61	3.76	2.93	3.23	96	
6	23	43	4.27	5.73	4.35	0.90	-1.54	97	
6	27	3	16.70	37.25	7.90	-59.58	-72.86	98	
6	27	8	8.63	-28.31	-2.00	49.08	46.27	99	
6	27	13	-17.16	-42.50	4.49	-5.07	5.57	100	
6	27	18	-22.35	16.73	-0.17	38.89	36.66	101	
6	27	23	5.04	1.68	5.82	3.84	8.59	102	
6	27	28	-0.44	4.06	12.02	-52.79	-64.66	103	
6	27	33	25.63	44.00	-3.22	40.49	41.72	104	
6	27	38	2.70	3.02	4.61	-0.74	2.86	105	
6	27	43	4.23	4.63	4.85	0.54	3.76	106	
6	31	3	15.08	8.80	22.71	57.30	75.13	107	
6	31	8	-14.16	-22.61	13.42	-35.38	-41.45	108	
6	31	13	19.00	24.41	-0.63	-3.11	-1.46	109	
6	31	18	17.08	25.48	3.09	14.63	16.97	110	
6	31	23	10.27	15.45	17.58	-46.03	-83.39	111	
6	31	28	11.95	26.03	5.15	54.42	75.58	112	
6	31	33	3.05	1.47	5.46	-4.55	-3.10	113	
6	31	38	5.70	6.49	4.34	0.05	-1.48	114	
6	31	43	4.29	2.82	6.38	2.06	-2.96	115	
6	35	3	27.01	23.12	3.63	-22.34	-10.42	116	
6	35	8	20.13	41.66	5.04	37.08	31.97	117	
6	35	13	0.52	13.26	5.24	11.71	-19.53	118	
6	35	18	-1.81	-59.39	-11.96	-25.89	-57.11	119	
6	35	23	5.38	49.41	7.69	44.60	79.31	120	
6	35	28	4.44	3.71	1.96	-2.57	-2.12	121	
6	35	33	4.19	5.11	4.26	-3.13	-0.78	122	
6	35	38	6.02	3.51	5.11	-1.19	-0.87	123	
6	35	43	4.82	4.10	3.69	8.71	0.85	124	
6	39	3	-16.06	-9.94	3.98	-18.48	-18.52	125	
6	39	8	2.47	0.40	16.03	-33.62	-34.58	126	
6	39	13	2.05	-29.57	2.53	16.30	36.87	127	
6	39	18	9.18	47.77	15.92	15.18	28.60	128	
6	39	23	-58.33	-75.77	-53.99	-51.77	-30.50	129	
6	39	28	9.48	4.93	3.79	0.25	-1.14	130	
6	39	33	4.48	2.73	5.20	-1.81	-1.68	131	
6	39	38	4.92	3.53	4.30	1.99	1.82	132	
6	39	43	4.87	6.47	3.55	1.55	4.14	133	
6	43	3	-39.00	-22.44	-21.74	-37.77	8.40	134	
6	43	8	1.71	18.68	0.31	27.76	54.84	135	
6	43	13	2.73	4.48	-2.01	-0.20	6.25	136	
6	43	18	6.55	2.36	2.15	-0.77	7.07	137	
6	43	23	0.90	22.45	21.41	-0.25	24.15	138	
6	43	28	5.18	-4.14	2.09	-1.19	2.34	139	
6	43	33	4.42	-1.46	1.97	2.49	11.95	140	
6	43	38	5.72	2.65	0.45	0.68	9.37	141	
6	43	43	3.72	1.88	1.98	0.09	2.45	142	
