143
diam	c	r	EConv0	EConv1	EConv2	OConv0	OConv1
6	3	3	10.45	20.47	-2.31	-35.52	-34.10	44	
6	3	8	-10.04	-24.75	10.18	-5.53	-6.63	45	
6	3	13	10.45	14.19	6.14	38.10	39.36	46	
6	3	18	4.50	3.38	0.83	-0.35	-0.27	47	
6	3	23	1.89	7.81	4.34	2.93	2.97	48	
6	3	28	1.63	2.44	-0.13	1.83	0.84	49	
6	3	33	5.06	4.36	10.47	-6.82	8.03	50	
6	3	38	13.38	20.28	0.62	-36.11	-27.42	51	
6	3	43	-11.47	-9.71	-5.98	36.54	-41.63	52	
6	7	3	-14.59	-21.02	-0.18	-47.62	-39.97	53	
6	7	8	3.89	-6.80	3.68	63.82	36.24	54	
6	7	13	8.52	11.14	3.40	3.84	4.05	55	
6	7	18	3.93	4.77	2.42	1.14	-0.88	56	
6	7	23	3.50	2.34	5.02	-0.31	0.98	57	
6	7	28	3.58	2.13	4.04	0.77	-0.40	58	
6	7	33	19.70	11.78	6.04	-16.02	-2.35	59	
6	7	38	-11.99	-19.07	-1.86	-17.55	-18.18	60	
6	7	43	-17.39	-14.37	-16.92	20.35	22.65	61	
6	11	3	-14.95	-29.35	3.69	28.08	34.35	62	
6	11	8	18.28	29.58	4.08	23.35	13.34	63	
6	11	13	2.04	1.19	1.72	0.62	-2.44	64	
6	11	18	3.43	3.11	3.08	1.61	-1.02	65	
6	11	23	2.47	3.54	2.90	1.29	-1.34	66	
6	11	28	4.58	7.24	1.12	-2.11	-2.14	67	
6	11	33	14.77	11.32	0.54	-41.47	-32.06	68	
6	11	38	-15.47	-22.73	5.98	47.13	20.45	69	
6	11	43	1.64	22.78	13.27	1.08	27.30	70	
6	15	3	18.27	26.32	-0.48	39.28	37.98	71	
6	15	8	3.00	4.20	2.02	0.31	-0.04	72	
6	15	13	6.63	17.92	4.32	-4.49	-11.45	73	
6	15	18	2.06	2.63	14.28	8.17	-15.01	74	
6	15	23	0.19	0.71	-0.52	-0.39	0.86	75	
6	15	28	16.39	19.92	1.00	-24.15	-11.35	76	
6	15	33	-16.99	-32.92	7.08	-8.52	-8.98	77	
6	15	38	15.86	27.67	2.16	35.93	27.81	78	
6	15	43	2.62	3.42	3.55	0.96	3.56	79	
6	19	3	7.63	9.01	4.25	-1.94	-0.51	80	
6	19	8	11.21	21.56	4.36	-10.39	-9.41	81	
6	19	13	-8.18	-16.34	-2.06	-29.81	-48.44	82	
6	19	18	-6.41	-5.97	4.52	45.58	-31.46	83	
6	19	23	12.08	15.19	7.69	-10.00	-4.35	84	
6	19	28	-8.84	-21.40	2.91	-41.23	-42.19	85	
6	19	33	12.75	7.03	-1.23	33.89	42.09	86	
6	19	38	6.41	3.27	-2.64	15.18	1.45	87	
6	19	43	1.46	1.57	2.27	1.88	-1.65	88	
6	23	3	6.48	10.67	3.43	1.11	-0.08	89	
6	23	8	-3.67	-5.90	-1.51	-44.59	-42.60	90	
6	23	13	8.35	-2.66	-4.64	6.74	19.13	91	
6	23	18	-19.92	-10.75	-5.94	52.25	5.76	92	
6	23	23	14.54	14.91	-1.02	-41.96	-37.73	93	
6	23	28	-9.74	-18.47	9.16	36.34	31.83	94	
6	23	33	17.06	17.09	0.91	-2.53	3.72	95	
6	23	38	3.25	0.25	6.03	10.04	-7.66	96	
6	23	43	1.18	2.85	1.86	2.06	0.67	97	
6	27	3	18.19	21.21	-0.12	-37.35	-19.55	98	
6	27	8	-19.00	-36.39	9.09	14.40	18.14	99	
6	27	13	21.22	31.03	0.61	-44.56	-0.45	100	
6	27	18	19.86	31.31	4.68	39.97	-3.27	101	
6	27	23	-21.96	-39.48	8.16	-2.59	-7.79	102	
6	27	28	16.26	24.61	-1.07	30.25	20.17	103	
6	27	33	9.02	1.52	4.84	-9.68	-1.46	104	
6	27	38	2.00	6.33	4.92	10.16	4.35	105	
6	27	43	2.34	3.13	3.72	0.77	-1.07	106	
6	31	3	-14.85	-12.64	-1.21	-56.20	-28.91	107	
6	31	8	25.33	29.48	1.58	40.19	27.99	108	
6	31	13	-16.37	-10.07	8.23	-43.63	-23.62	109	
6	31	18	4.00	-8.95	-0.65	-0.91	-13.63	110	
6	31	23	5.46	11.69	-0.41	44.55	35.31	111	
6	31	28	5.28	5.17	4.24	-1.97	-0.39	112	
6	31	33	9.99	3.35	7.61	-10.46	-2.73	113	
6	31	38	3.71	0.26	-4.44	11.61	5.41	114	
6	31	43	2.70	2.65	1.41	1.64	0.66	115	
6	35	3	-53.25	-30.61	2.60	3.09	-2.01	116	
6	35	8	31.47	34.81	-0.80	-34.34	-20.65	117	
6	35	13	-10.82	-9.54	2.13	-8.48	-6.95	118	
6	35	18	-4.88	-14.09	0.62	48.67	45.92	119	
6	35	23	5.33	13.01	2.47	5.44	2.29	120	
6	35	28	3.67	3.63	3.32	1.68	-2.32	121	
6	35	33	4.62	4.62	2.69	-3.87	0.12	122	
6	35	38	5.05	2.92	7.89	5.84	-9.68	123	
6	35	43	2.12	1.29	4.53	3.69	-3.54	124	
6	39	3	-41.15	6.80	-30.60	8.93	-2.75	125	
6	39	8	-2.62	-19.99	13.86	-48.08	-51.19	126	
6	39	13	-8.39	-25.58	1.70	42.68	42.24	127	
6	39	18	11.32	19.74	-0.50	13.49	11.85	128	
6	39	23	1.25	2.10	0.85	-1.11	-0.35	129	
6	39	28	2.39	2.19	4.22	4.33	-3.50	130	
6	39	33	5.82	6.08	9.34	-0.87	-3.70	131	
6	39	38	1.12	6.03	4.74	7.03	3.63	132	
6	39	43	1.61	5.67	0.69	1.69	2.11	133	
6	43	3	4.64	5.26	9.95	-37.41	35.96	134	
6	43	8	-19.75	-22.65	-1.19	15.08	30.45	135	
6	43	13	17.07	31.11	0.50	24.91	20.95	136	
6	43	18	3.55	13.59	15.46	-0.26	-12.76	137	
6	43	23	2.54	8.58	13.17	-3.39	-10.39	138	
6	43	28	1.79	2.60	1.31	3.38	-5.15	139	
6	43	33	8.01	3.25	4.59	-3.37	-0.80	140	
6	43	38	0.02	-2.32	-3.54	14.28	-0.03	141	
6	43	43	0.57	0.37	2.08	-0.35	-0.84	142	
