143
diam	c	r	EConv0	EConv1	EConv2	OConv0	OConv1
6	3	3	3.36	2.95	4.28	0.61	-0.04	44	
6	3	8	13.79	28.26	1.85	-24.44	-22.26	45	
6	3	13	-15.49	-36.97	7.05	23.22	26.64	46	
6	3	18	6.00	9.38	0.91	5.95	1.83	47	
6	3	23	3.17	3.22	2.30	2.30	0.48	48	
6	3	28	1.57	2.78	0.61	0.08	0.51	49	
6	3	33	2.83	2.83	3.42	0.09	-1.47	50	
6	3	38	3.02	2.34	3.26	-0.39	0.44	51	
6	3	43	4.35	4.10	3.88	0.02	-0.70	52	
6	7	3	5.47	24.60	0.72	-28.11	-39.17	53	
6	7	8	-13.77	-46.62	6.48	6.22	7.74	54	
6	7	13	9.03	15.31	0.14	12.57	12.03	55	
6	7	18	1.73	2.41	2.66	2.27	1.29	56	
6	7	23	3.47	3.71	3.42	0.35	1.77	57	
6	7	28	1.58	2.23	2.34	-2.53	-0.83	58	
6	7	33	2.93	2.98	2.59	0.60	0.99	59	
6	7	38	2.27	5.21	2.08	-0.26	-2.01	60	
6	7	43	3.80	1.69	13.42	5.28	-8.08	61	
6	11	3	-12.52	-35.76	-6.38	16.58	30.10	62	
6	11	8	9.82	22.12	0.46	15.35	14.74	63	
6	11	13	2.52	1.44	1.42	1.24	0.49	64	
6	11	18	0.74	4.69	1.66	-0.26	-1.19	65	
6	11	23	3.29	2.52	3.24	-0.14	-1.50	66	
6	11	28	1.66	1.53	2.97	0.81	0.68	67	
6	11	33	2.00	2.80	2.15	-0.05	0.82	68	
6	11	38	13.63	23.03	-7.93	-45.12	-38.97	69	
6	11	43	23.02	-3.53	-4.75	54.78	1.43	70	
6	15	3	3.50	15.24	6.08	2.19	9.20	71	
6	15	8	3.19	2.79	3.28	2.62	0.34	72	
6	15	13	4.22	9.60	3.07	-3.89	-6.23	73	
6	15	18	-10.78	11.18	21.55	4.00	-34.08	74	
6	15	23	3.05	5.52	3.04	-0.27	-1.29	75	
6	15	28	3.67	3.64	3.09	1.52	-0.40	76	
6	15	33	16.21	30.53	1.87	-19.93	-19.80	77	
6	15	38	-21.40	-48.13	7.65	22.70	23.12	78	
6	15	43	8.04	14.56	1.85	3.97	7.60	79	
6	19	3	2.70	2.51	1.90	-1.23	-1.88	80	
6	19	8	3.33	3.92	1.30	1.23	0.05	81	
6	19	13	3.67	4.49	3.14	-40.12	-39.24	82	
6	19	18	-25.94	-7.84	-40.87	0.69	12.62	83	
6	19	23	-9.03	-9.80	9.84	4.79	-20.43	84	
6	19	28	10.69	25.54	2.33	-13.56	-15.12	85	
6	19	33	-16.56	-54.95	6.08	-2.13	4.48	86	
6	19	38	11.38	23.86	1.90	11.24	13.97	87	
6	19	43	2.74	2.97	3.45	-0.79	0.99	88	
6	23	3	2.86	3.30	3.16	-0.20	-1.21	89	
6	23	8	15.16	25.95	-3.87	-32.40	-29.82	90	
6	23	13	-1.12	-9.09	5.06	40.74	36.98	91	
6	23	18	-28.35	-6.33	-4.48	-56.78	-14.68	92	
6	23	23	23.58	34.85	-5.03	22.49	5.47	93	
6	23	28	-17.30	-57.40	1.23	0.48	-1.39	94	
6	23	33	9.31	26.69	3.04	14.45	18.50	95	
6	23	38	1.97	1.40	2.71	1.48	-0.84	96	
6	23	43	2.61	3.34	2.28	0.85	-0.41	97	
6	27	3	5.10	6.66	1.83	-5.12	-0.22	98	
6	27	8	-45.29	-52.31	10.23	-2.20	-8.39	99	
6	27	13	19.18	31.72	-1.63	-5.94	-3.88	100	
6	27	18	-23.98	-16.05	13.15	23.21	5.66	101	
6	27	23	-16.96	-54.28	3.40	-0.72	-3.91	102	
6	27	28	10.45	23.94	0.87	14.86	17.30	103	
6	27	33	4.04	3.44	1.89	-0.45	-1.20	104	
6	27	38	2.62	2.35	2.66	3.04	-0.41	105	
6	27	43	2.80	1.82	3.40	0.70	-0.04	106	
6	31	3	30.57	19.59	-0.48	-30.31	-8.64	107	
6	31	8	22.84	28.36	16.27	61.85	11.47	108	
6	31	13	-1.13	-10.01	7.23	-47.32	-52.58	109	
6	31	18	0.22	-36.91	-5.65	21.68	12.11	110	
6	31	23	11.98	29.95	-1.09	21.57	19.04	111	
6	31	28	1.88	1.29	3.78	1.48	-1.36	112	
6	31	33	3.08	3.22	5.34	0.28	2.31	113	
6	31	38	1.86	2.33	1.43	0.99	0.68	114	
6	31	43	1.60	1.79	1.54	-0.55	0.40	115	
6	35	3	30.20	-5.70	20.21	-33.34	10.16	116	
6	35	8	7.61	-18.94	-61.51	-7.18	4.21	117	
6	35	13	-12.14	-36.61	-0.10	29.91	28.03	118	
6	35	18	12.38	32.01	0.58	22.77	24.84	119	
6	35	23	2.75	3.52	4.01	0.42	2.14	120	
6	35	28	3.18	3.98	2.39	0.60	1.42	121	
6	35	33	3.38	2.90	3.43	3.01	0.05	122	
6	35	38	1.41	2.90	2.79	-0.69	-2.13	123	
6	35	43	2.74	3.50	3.74	1.64	-0.84	124	
6	39	3	3.43	2.74	4.59	-1.45	1.17	125	
6	39	8	4.70	6.34	26.32	-10.82	20.19	126	
6	39	13	3.40	32.58	4.95	11.60	24.77	127	
6	39	18	3.02	1.91	4.06	0.06	0.89	128	
6	39	23	2.52	2.86	1.34	1.21	0.15	129	
6	39	28	3.65	3.40	3.50	-0.34	-0.12	130	
6	39	33	3.68	2.69	0.91	2.81	1.29	131	
6	39	38	1.82	1.91	3.35	-2.78	1.60	132	
6	39	43	2.89	3.15	2.55	2.36	-0.15	133	
6	43	3	2.84	2.49	3.25	2.73	-1.53	134	
6	43	8	3.26	3.38	4.78	-3.55	0.80	135	
6	43	13	2.18	1.54	1.34	2.02	1.46	136	
6	43	18	2.71	3.04	2.75	1.72	1.27	137	
6	43	23	1.50	2.27	2.35	-1.42	1.34	138	
6	43	28	13.01	21.96	-1.12	-13.71	-9.91	139	
6	43	33	-14.41	0.99	10.53	0.71	-76.86	140	
6	43	38	8.21	0.81	9.61	6.04	-3.58	141	
6	43	43	1.67	2.70	2.46	0.53	-0.78	142	
