143
diam	c	r	EConv0	EConv1	EConv2	OConv0	OConv1
6	3	3	3.25	3.25	3.25	0.00	0.00	44	
6	3	8	1.75	3.98	2.46	0.31	-2.81	45	
6	3	13	1.01	2.17	0.58	-0.20	1.25	46	
6	3	18	2.66	3.37	2.55	-0.40	1.27	47	
6	3	23	5.97	3.58	5.37	0.66	-0.20	48	
6	3	28	1.33	18.58	-10.38	-20.06	-13.00	49	
6	3	33	-10.91	7.48	24.92	16.57	-54.32	50	
6	3	38	2.83	0.03	6.62	-1.42	1.35	51	
6	3	43	3.10	4.00	0.30	-2.10	2.42	52	
6	7	3	3.25	3.25	3.25	0.00	0.00	53	
6	7	8	1.64	2.19	3.84	0.31	2.84	54	
6	7	13	2.16	3.43	7.33	3.89	0.75	55	
6	7	18	4.79	19.79	12.85	0.26	-3.04	56	
6	7	23	0.84	3.39	12.26	3.13	-1.93	57	
6	7	28	29.52	14.09	-9.35	-81.89	-6.73	58	
6	7	33	-27.48	-16.22	-33.48	20.84	-51.84	59	
6	7	38	35.95	-4.02	31.18	50.14	-20.40	60	
6	7	43	4.39	3.19	6.30	-4.49	-1.92	61	
6	11	3	3.43	2.83	2.80	-0.01	0.81	62	
6	11	8	2.74	2.69	1.59	-0.97	-1.95	63	
6	11	13	16.08	26.71	-1.48	-18.32	-16.70	64	
6	11	18	-4.00	1.01	-9.52	-44.00	-99.37	65	
6	11	23	3.02	-21.82	22.03	80.93	-58.88	66	
6	11	28	15.04	-18.56	35.32	-40.15	25.59	67	
6	11	33	-28.37	11.79	-35.10	-40.22	26.83	68	
6	11	38	47.31	6.95	10.63	94.30	-4.53	69	
6	11	43	3.63	2.75	4.57	1.16	0.03	70	
6	15	3	4.38	5.15	2.56	-2.16	-0.10	71	
6	15	8	3.46	4.40	-0.16	-4.86	-0.96	72	
6	15	13	9.14	6.65	-2.78	-79.94	-54.69	73	
6	15	18	-4.05	-47.77	-4.52	16.98	52.46	74	
6	15	23	-39.00	-7.95	-35.09	89.17	2.54	75	
6	15	28	-3.05	11.54	1.16	5.69	3.76	76	
6	15	33	-38.55	-11.85	13.32	-92.17	22.46	77	
6	15	38	38.03	22.24	-2.04	69.41	13.61	78	
6	15	43	2.26	3.45	2.88	2.83	-0.97	79	
6	19	3	3.24	2.46	4.22	-4.15	-0.12	80	
6	19	8	25.67	18.00	2.43	-25.90	-6.96	81	
6	19	13	-40.51	-57.74	10.13	4.10	15.11	82	
6	19	18	18.00	38.77	11.14	33.23	48.72	83	
6	19	23	-68.81	-13.48	-12.56	42.46	4.50	84	
6	19	28	14.68	29.93	-3.88	-39.08	-31.65	85	
6	19	33	-31.83	-46.44	11.40	23.72	13.71	86	
6	19	38	15.92	18.42	-1.97	17.42	10.01	87	
6	19	43	3.16	3.38	2.10	0.06	-0.37	88	
6	23	3	2.66	2.04	4.40	2.30	-0.33	89	
6	23	8	33.19	23.78	0.53	-62.86	-22.86	90	
6	23	13	5.65	12.09	12.07	70.53	33.80	91	
6	23	18	24.25	21.16	3.55	-21.50	-3.90	92	
6	23	23	-20.86	11.03	-6.21	45.98	16.04	93	
6	23	28	-15.71	-41.31	12.99	-50.71	-38.49	94	
6	23	33	22.39	28.74	-4.45	52.57	40.48	95	
6	23	38	6.54	4.97	4.18	-2.55	-1.70	96	
6	23	43	3.82	2.17	4.64	1.84	1.25	97	
6	27	3	4.72	4.77	2.65	-0.90	1.32	98	
6	27	8	1.66	6.65	-4.60	-104.18	-23.91	99	
6	27	13	37.55	16.12	6.95	58.44	12.46	100	
6	27	18	28.59	26.02	-1.14	-55.07	-29.10	101	
6	27	23	19.75	14.64	5.76	1.29	-56.23	102	
6	27	28	-1.06	-11.39	6.17	67.71	43.59	103	
6	27	33	6.12	11.81	0.90	-1.40	3.52	104	
6	27	38	1.00	-0.51	3.74	2.50	-0.63	105	
6	27	43	1.42	6.74	0.05	-1.88	-1.99	106	
6	31	3	1.42	1.59	4.92	3.08	-2.29	107	
6	31	8	-34.77	-11.41	-13.79	-114.73	-16.12	108	
6	31	13	47.64	44.32	34.01	38.00	-48.99	109	
6	31	18	2.77	-4.14	15.82	-88.37	-59.81	110	
6	31	23	-12.58	-43.77	2.33	57.52	44.04	111	
6	31	28	16.63	29.66	-4.16	27.19	21.66	112	
6	31	33	1.68	0.69	7.13	-3.30	1.32	113	
6	31	38	2.57	6.30	1.19	0.61	0.92	114	
6	31	43	4.86	1.72	2.27	-5.42	-1.34	115	
6	35	3	1.53	3.66	0.05	2.89	1.53	116	
6	35	8	-11.13	-18.24	-1.90	-105.98	29.78	117	
6	35	13	8.80	-16.96	-36.32	0.38	-46.65	118	
6	35	18	-16.07	-54.63	4.73	23.60	19.29	119	
6	35	23	20.83	39.11	-0.42	57.27	39.81	120	
6	35	28	5.71	5.79	6.51	0.36	-1.10	121	
6	35	33	2.18	2.61	0.53	-3.43	0.01	122	
6	35	38	5.01	1.08	3.41	-1.48	-0.46	123	
6	35	43	23.26	29.69	-0.33	-27.95	-23.88	124	
6	39	3	4.91	2.65	4.24	-0.94	-1.87	125	
6	39	8	-0.73	-7.91	38.05	-16.83	40.93	126	
6	39	13	-12.39	10.85	-22.73	-76.21	70.57	127	
6	39	18	11.63	15.36	6.05	83.58	50.27	128	
6	39	23	2.16	9.17	0.08	6.72	10.55	129	
6	39	28	2.45	0.54	4.28	0.23	1.55	130	
6	39	33	3.48	4.07	2.81	-0.09	0.95	131	
6	39	38	-2.28	-1.90	1.96	4.62	-3.09	132	
6	39	43	-6.15	-8.35	3.52	-69.16	-38.47	133	
6	43	3	2.89	3.93	2.83	-1.07	1.73	134	
6	43	8	0.41	6.65	-0.68	4.08	-1.96	135	
6	43	13	7.55	-6.35	40.31	-28.75	36.06	136	
6	43	18	5.42	24.03	-9.13	22.08	29.25	137	
6	43	23	5.39	3.72	3.87	0.00	1.15	138	
6	43	28	3.05	3.11	3.23	3.58	0.06	139	
6	43	33	3.98	1.80	4.66	-0.54	2.03	140	
6	43	38	20.65	29.79	-4.75	-20.46	-20.63	141	
6	43	43	-32.55	-41.01	5.49	26.39	19.34	142	
