143
diam	c	r	EConv0	EConv1	EConv2	OConv0	OConv1
6	3	3	5.31	2.97	5.79	1.00	0.96	44	
6	3	8	3.98	2.94	2.87	-0.32	-1.42	45	
6	3	13	2.11	1.49	1.53	0.44	-0.43	46	
6	3	18	3.77	4.44	2.57	0.11	-0.98	47	
6	3	23	2.90	2.77	3.12	0.30	-1.05	48	
6	3	28	4.03	2.38	3.47	-1.79	-0.97	49	
6	3	33	6.16	7.12	2.21	-5.37	-2.74	50	
6	3	38	-7.81	-8.63	3.56	9.80	4.46	51	
6	3	43	4.43	4.41	1.64	1.52	1.96	52	
6	7	3	5.91	4.57	3.76	1.10	0.20	53	
6	7	8	1.89	2.83	3.05	0.24	0.57	54	
6	7	13	2.27	4.12	2.63	-0.37	-1.06	55	
6	7	18	2.35	2.67	3.41	0.67	0.40	56	
6	7	23	2.48	3.07	2.61	-1.71	2.02	57	
6	7	28	3.78	3.72	4.16	0.42	0.51	58	
6	7	33	13.64	10.63	7.37	-20.15	-5.31	59	
6	7	38	5.50	3.44	0.54	22.21	11.01	60	
6	7	43	1.85	1.31	1.86	-0.28	0.48	61	
6	11	3	5.93	3.28	4.52	2.45	-1.17	62	
6	11	8	1.83	2.46	2.26	0.02	0.84	63	
6	11	13	1.27	4.92	4.16	-1.60	-3.51	64	
6	11	18	1.15	0.49	5.50	2.15	-5.82	65	
6	11	23	3.47	4.42	1.04	-3.47	-3.37	66	
6	11	28	7.38	8.20	1.75	-4.68	-5.91	67	
6	11	33	-6.35	-13.28	2.37	-0.78	-0.23	68	
6	11	38	7.15	7.23	0.55	5.93	3.53	69	
6	11	43	2.20	1.95	1.82	-1.44	-1.20	70	
6	15	3	8.54	4.67	5.14	3.06	-0.36	71	
6	15	8	5.00	4.88	1.88	-4.11	-0.75	72	
6	15	13	-0.97	-7.41	0.95	0.53	-3.39	73	
6	15	18	-0.67	2.11	0.71	13.20	-1.63	74	
6	15	23	6.18	2.84	5.63	-2.90	2.33	75	
6	15	28	1.61	-0.26	3.54	-14.19	-10.91	76	
6	15	33	1.18	3.42	1.38	17.95	12.29	77	
6	15	38	4.11	4.58	3.35	-1.27	1.10	78	
6	15	43	2.62	1.43	2.16	0.28	0.20	79	
6	19	3	5.99	4.65	3.60	2.88	1.47	80	
6	19	8	3.05	2.77	0.85	-12.92	-6.41	81	
6	19	13	6.57	9.83	2.73	7.37	5.00	82	
6	19	18	-0.97	2.64	1.88	6.42	3.54	83	
6	19	23	7.14	9.22	0.77	-10.35	-12.48	84	
6	19	28	-2.59	-7.60	4.23	4.65	4.96	85	
6	19	33	6.39	7.18	2.17	4.46	3.50	86	
6	19	38	1.52	3.01	2.11	-0.57	-1.55	87	
6	19	43	3.35	3.67	3.73	0.36	-0.52	88	
6	23	3	3.92	4.48	2.35	1.35	-1.56	89	
6	23	8	-9.99	-10.26	6.18	2.55	-1.56	90	
6	23	13	6.04	9.45	-0.36	-7.96	-6.57	91	
6	23	18	10.41	8.24	4.00	2.40	-3.13	92	
6	23	23	-7.21	-10.73	3.80	-9.87	-7.63	93	
6	23	28	6.44	9.92	-0.34	11.20	10.73	94	
6	23	33	2.86	0.12	3.32	4.84	-3.84	95	
6	23	38	2.37	1.63	3.13	-1.38	-0.15	96	
6	23	43	2.17	3.11	2.96	3.23	0.54	97	
6	27	3	8.75	5.55	1.20	-6.27	-2.20	98	
6	27	8	6.39	6.36	2.30	15.54	-1.15	99	
6	27	13	-4.92	-1.14	4.14	-7.66	-4.10	100	
6	27	18	2.28	-5.17	0.44	-7.24	-13.36	101	
6	27	23	-1.35	-0.26	0.47	16.07	13.85	102	
6	27	28	4.95	3.38	2.56	0.49	-1.10	103	
6	27	33	1.81	5.40	0.15	2.02	1.92	104	
6	27	38	2.68	2.44	2.41	0.13	1.03	105	
6	27	43	2.88	2.86	1.18	0.12	-0.10	106	
6	31	3	18.79	9.62	6.93	-13.80	-2.75	107	
6	31	8	10.75	12.57	3.93	5.98	-9.77	108	
6	31	13	0.19	-0.11	3.81	-4.83	-6.51	109	
6	31	18	-1.68	-4.32	-1.67	5.44	5.95	110	
6	31	23	5.35	4.86	3.49	5.95	2.84	111	
6	31	28	2.11	2.11	2.60	-0.42	0.33	112	
6	31	33	2.16	0.76	2.75	-0.40	1.61	113	
6	31	38	2.41	4.52	3.60	1.51	-2.88	114	
6	31	43	2.79	1.54	2.70	-2.42	1.08	115	
6	35	3	12.57	2.94	8.78	-10.76	3.21	116	
6	35	8	0.47	2.70	-2.50	-4.27	-0.28	117	
6	35	13	0.39	-7.81	4.61	12.46	9.51	118	
6	35	18	4.39	8.63	3.02	4.51	8.51	119	
6	35	23	4.50	6.54	4.49	1.99	0.45	120	
6	35	28	3.07	3.59	3.44	-0.75	-1.28	121	
6	35	33	3.22	2.49	2.85	0.96	-2.24	122	
6	35	38	-0.27	-4.29	-3.24	-12.88	1.91	123	
6	35	43	4.60	4.86	2.20	0.60	0.03	124	
6	39	3	3.44	1.78	4.22	-2.92	0.65	125	
6	39	8	2.44	2.01	11.61	-8.80	17.79	126	
6	39	13	6.42	10.66	3.15	5.23	6.41	127	
6	39	18	2.59	2.14	2.28	0.58	0.08	128	
6	39	23	2.17	1.72	1.46	0.32	0.64	129	
6	39	28	2.23	2.22	2.52	0.78	0.86	130	
6	39	33	3.37	4.34	1.68	0.55	-0.01	131	
6	39	38	3.62	3.11	5.62	-0.72	-1.21	132	
6	39	43	3.13	2.44	4.11	-1.69	-0.49	133	
6	43	3	1.23	1.29	1.17	-1.19	-1.35	134	
6	43	8	1.65	2.55	2.70	1.28	-1.56	135	
6	43	13	1.31	2.18	1.76	-0.85	0.06	136	
6	43	18	2.13	2.32	2.92	2.40	1.16	137	
6	43	23	2.65	2.71	3.33	0.43	-0.38	138	
6	43	28	2.82	1.72	3.15	2.36	-0.86	139	
6	43	33	3.39	2.81	4.20	-2.02	-0.37	140	
6	43	38	2.50	2.84	2.20	3.26	-0.32	141	
6	43	43	0.52	0.21	1.56	0.29	-0.21	142	
