143
diam	c	r	EConv0	EConv1	EConv2	OConv0	OConv1
6	3	3	1.44	2.39	2.91	-1.46	1.05	44	
6	3	8	3.61	6.08	2.39	-0.68	0.75	45	
6	3	13	4.09	2.91	2.95	-4.37	-0.05	46	
6	3	18	7.72	15.26	3.38	-12.07	-13.15	47	
6	3	23	-19.92	-0.68	-1.10	2.41	-49.71	48	
6	3	28	5.46	-3.62	16.03	17.58	-15.71	49	
6	3	33	-3.28	-8.56	-22.09	-58.85	-8.06	50	
6	3	38	-1.41	-15.66	-12.51	1.36	-4.06	51	
6	3	43	0.56	-16.25	-19.02	-1.74	-16.04	52	
6	7	3	3.09	1.97	4.35	1.38	-0.47	53	
6	7	8	3.33	2.23	4.71	-1.05	-0.87	54	
6	7	13	10.76	13.01	4.31	-8.89	-6.94	55	
6	7	18	-1.97	-5.88	0.11	-41.27	-43.99	56	
6	7	23	-0.63	-3.76	-6.18	1.93	0.33	57	
6	7	28	7.16	-5.27	4.39	61.01	-17.28	58	
6	7	33	-1.17	-2.28	28.42	-15.81	30.63	59	
6	7	38	5.96	25.79	-7.00	-42.02	41.74	60	
6	7	43	-3.59	-0.29	-1.30	-3.21	0.53	61	
6	11	3	5.60	4.24	0.48	-1.31	-0.44	62	
6	11	8	3.65	7.04	1.22	-4.10	-7.53	63	
6	11	13	8.09	11.43	1.43	-45.92	-46.04	64	
6	11	18	-3.49	-28.52	2.99	27.44	50.17	65	
6	11	23	9.08	25.14	-7.96	-39.98	30.72	66	
6	11	28	5.24	6.38	-0.87	66.76	2.51	67	
6	11	33	-2.70	0.72	3.79	-2.61	-7.55	68	
6	11	38	-0.70	0.47	9.51	-54.01	-31.46	69	
6	11	43	0.60	-6.79	0.24	-2.17	2.71	70	
6	15	3	4.49	3.91	3.61	-5.09	-2.25	71	
6	15	8	14.06	22.57	-2.12	-34.16	-21.69	72	
6	15	13	-13.29	-39.52	18.23	32.13	23.78	73	
6	15	18	14.15	25.72	4.36	14.42	10.13	74	
6	15	23	2.09	-0.15	-0.74	-68.57	-5.19	75	
6	15	28	18.41	8.93	-1.83	50.89	15.80	76	
6	15	33	13.98	21.04	1.94	-12.08	-3.43	77	
6	15	38	-24.23	-28.14	13.32	1.87	7.15	78	
6	15	43	5.15	16.81	14.62	14.25	64.59	79	
6	19	3	3.48	2.22	2.67	-5.22	-1.66	80	
6	19	8	-14.98	-15.81	-3.65	-54.94	-24.34	81	
6	19	13	25.04	24.97	-2.15	44.66	31.30	82	
6	19	18	2.36	3.04	1.48	-1.09	0.20	83	
6	19	23	-20.20	-15.22	9.05	-55.62	-5.32	84	
6	19	28	23.81	14.12	2.51	18.48	10.70	85	
6	19	33	6.30	4.95	-3.61	-52.64	-36.87	86	
6	19	38	-3.74	-8.24	3.17	56.44	17.44	87	
6	19	43	2.75	-1.48	-1.97	2.28	-3.36	88	
6	23	3	5.14	4.39	4.00	-6.06	0.56	89	
6	23	8	-41.22	-9.23	-6.51	-24.32	-6.07	90	
6	23	13	1.64	4.51	-0.91	14.53	-68.89	91	
6	23	18	13.19	20.60	18.70	-1.45	-30.06	92	
6	23	23	-36.05	-37.24	3.59	16.92	12.27	93	
6	23	28	14.72	21.20	-3.53	-11.32	-14.31	94	
6	23	33	-26.57	-32.20	6.85	-18.37	-7.38	95	
6	23	38	11.29	16.88	-7.53	39.09	22.55	96	
6	23	43	1.89	4.78	3.18	-0.18	-1.30	97	
6	27	3	8.73	4.12	3.21	-2.47	1.59	98	
6	27	8	-26.50	-3.10	-10.27	-35.60	6.18	99	
6	27	13	10.05	-6.68	13.70	24.17	31.25	100	
6	27	18	-7.52	-40.99	-32.45	7.48	28.34	101	
6	27	23	14.14	40.31	-2.58	23.97	3.79	102	
6	27	28	-3.76	-11.83	11.13	-28.22	-47.07	103	
6	27	33	-2.64	2.90	0.71	45.01	52.36	104	
6	27	38	4.29	8.60	3.01	2.78	6.98	105	
6	27	43	1.71	2.10	1.41	-1.08	0.70	106	
6	31	3	2.94	1.39	4.46	-2.41	0.94	107	
6	31	8	-13.29	-2.42	-5.02	-51.82	20.42	108	
6	31	13	2.42	14.28	-15.06	19.03	-30.14	109	
6	31	18	5.61	17.60	6.79	6.87	-60.30	110	
6	31	23	-9.45	-46.31	-5.97	-18.08	-31.72	111	
6	31	28	-0.07	-7.35	-4.46	34.48	56.55	112	
6	31	33	10.49	14.85	2.04	9.31	6.24	113	
6	31	38	6.13	7.84	5.49	-2.92	0.50	114	
6	31	43	4.78	2.10	6.21	0.34	-0.26	115	
6	35	3	3.14	3.03	-0.01	-2.32	-1.70	116	
6	35	8	6.93	-6.70	18.82	-23.97	29.50	117	
6	35	13	-4.96	-16.52	-26.96	-18.94	45.34	118	
6	35	18	-6.05	-24.97	-16.30	8.39	34.91	119	
6	35	23	6.99	25.89	8.26	34.78	46.40	120	
6	35	28	5.69	13.27	8.23	1.69	4.16	121	
6	35	33	-2.91	21.91	-9.99	-28.17	-50.01	122	
6	35	38	-8.50	-27.88	9.14	33.79	-42.86	123	
6	35	43	4.68	5.76	3.50	2.93	1.29	124	
6	39	3	4.86	4.12	7.41	-2.90	1.26	125	
6	39	8	3.00	4.29	2.52	3.57	0.31	126	
6	39	13	0.91	6.36	23.83	-0.81	10.67	127	
6	39	18	-1.70	23.04	9.81	-3.27	23.04	128	
6	39	23	4.38	5.76	5.54	6.43	1.35	129	
6	39	28	24.43	18.37	-7.20	-29.15	-15.65	130	
6	39	33	-14.62	-48.52	-1.58	-10.50	-9.54	131	
6	39	38	10.18	15.28	-7.77	49.09	34.16	132	
6	39	43	3.05	1.77	-0.04	2.08	0.34	133	
6	43	3	3.55	2.97	1.55	1.67	0.77	134	
6	43	8	2.92	4.05	2.11	-1.27	-1.65	135	
6	43	13	2.31	4.48	3.06	0.15	2.41	136	
6	43	18	1.63	2.38	4.80	-2.30	2.60	137	
6	43	23	2.28	4.74	2.87	1.08	-0.52	138	
6	43	28	10.34	-4.21	21.66	-8.59	16.07	139	
6	43	33	-1.24	25.40	14.02	15.90	63.82	140	
6	43	38	4.41	13.21	2.10	0.60	9.21	141	
6	43	43	6.31	3.86	5.90	-0.88	0.19	142	
