143
diam	c	r	EConv0	EConv1	EConv2	OConv0	OConv1
6	3	3	4.37	5.78	3.04	2.77	5.90	44	
6	3	8	4.10	3.16	4.50	1.09	2.37	45	
6	3	13	2.50	3.27	3.25	1.58	1.47	46	
6	3	18	2.38	2.98	2.89	0.34	0.42	47	
6	3	23	3.24	3.79	3.54	0.24	0.50	48	
6	3	28	3.86	3.42	4.15	-0.84	-0.46	49	
6	3	33	4.85	6.50	4.89	0.04	1.52	50	
6	3	38	4.41	2.72	4.46	1.11	0.28	51	
6	3	43	4.86	11.23	3.87	-3.19	-6.11	52	
6	7	3	3.52	1.49	3.69	0.86	-0.50	53	
6	7	8	3.47	2.71	2.14	1.43	-1.69	54	
6	7	13	2.33	1.35	2.72	1.89	-0.81	55	
6	7	18	1.53	3.49	2.32	-1.33	-0.92	56	
6	7	23	3.41	4.39	2.71	-0.89	-0.22	57	
6	7	28	3.17	2.85	2.35	0.88	-0.84	58	
6	7	33	4.02	2.50	4.44	1.60	0.48	59	
6	7	38	2.43	3.18	3.60	0.31	-1.98	60	
6	7	43	-31.33	-14.57	-27.31	-88.89	-60.30	61	
6	11	3	3.27	3.36	2.09	0.63	-1.00	62	
6	11	8	3.17	2.54	2.61	1.55	-0.62	63	
6	11	13	2.28	6.06	4.05	-0.08	-4.32	64	
6	11	18	3.28	5.06	5.96	-0.75	-3.45	65	
6	11	23	3.44	2.94	3.76	1.03	-0.45	66	
6	11	28	3.02	2.99	4.91	-0.36	-0.37	67	
6	11	33	4.93	3.05	4.28	2.50	-1.95	68	
6	11	38	18.02	29.79	-0.46	-16.38	-10.62	69	
6	11	43	-44.65	-58.07	14.91	55.71	47.80	70	
6	15	3	5.49	4.60	3.99	-0.28	2.10	71	
6	15	8	3.18	6.46	5.42	0.47	-3.96	72	
6	15	13	0.34	3.82	3.89	-0.77	3.76	73	
6	15	18	4.02	2.39	3.37	-1.94	2.41	74	
6	15	23	7.21	5.15	4.74	0.60	0.74	75	
6	15	28	3.63	4.15	3.91	1.93	-0.68	76	
6	15	33	3.49	6.66	3.42	-0.46	-0.35	77	
6	15	38	-33.55	-67.22	13.76	-42.85	-28.97	78	
6	15	43	17.99	29.31	-0.84	11.66	14.33	79	
6	19	3	5.23	1.18	3.83	-1.07	-0.43	80	
6	19	8	5.59	6.95	4.24	1.32	3.34	81	
6	19	13	-0.47	15.63	23.71	4.16	-16.79	82	
6	19	18	3.23	4.27	3.65	0.10	0.17	83	
6	19	23	3.20	3.03	3.46	1.34	-1.06	84	
6	19	28	1.55	3.25	5.72	-0.20	-0.28	85	
6	19	33	9.58	20.22	0.29	-52.33	-53.08	86	
6	19	38	27.27	47.54	-2.03	42.56	39.67	87	
6	19	43	4.05	4.42	4.64	-0.57	-0.27	88	
6	23	3	2.35	3.02	2.33	0.87	-1.44	89	
6	23	8	14.21	25.02	-8.57	-80.19	-66.27	90	
6	23	13	5.54	-23.93	-84.40	9.65	47.55	91	
6	23	18	13.85	3.23	10.98	8.81	-3.36	92	
6	23	23	3.49	3.66	2.87	-0.64	0.58	93	
6	23	28	18.19	42.81	-0.22	-34.09	-35.64	94	
6	23	33	1.58	9.68	3.19	46.51	53.19	95	
6	23	38	3.31	1.53	2.31	1.05	-1.03	96	
6	23	43	3.14	2.20	2.33	-0.49	-0.90	97	
6	27	3	19.12	24.29	-1.57	-17.01	-8.98	98	
6	27	8	-28.95	-37.57	22.00	60.21	43.65	99	
6	27	13	37.62	20.65	8.31	-65.90	-19.71	100	
6	27	18	20.63	13.07	1.10	10.98	1.27	101	
6	27	23	13.71	48.76	7.10	-24.15	-44.25	102	
6	27	28	-12.40	-35.55	3.36	43.64	44.36	103	
6	27	33	4.50	4.62	4.30	1.18	2.93	104	
6	27	38	3.22	4.67	2.61	1.84	1.75	105	
6	27	43	3.37	3.16	3.71	-1.34	2.27	106	
6	31	3	34.35	22.33	-0.91	-87.94	-27.02	107	
6	31	8	31.25	32.92	-1.57	27.99	20.21	108	
6	31	13	-65.97	-44.43	5.00	-37.66	-12.38	109	
6	31	18	16.18	48.19	4.74	-34.33	-41.89	110	
6	31	23	-8.67	-33.01	-1.41	56.45	56.39	111	
6	31	28	3.33	8.02	2.07	2.94	3.36	112	
6	31	33	3.63	4.43	3.79	1.56	-0.72	113	
6	31	38	2.06	2.65	2.19	-1.63	-0.78	114	
6	31	43	4.50	3.64	2.76	-1.62	-0.81	115	
6	35	3	-82.51	-64.65	4.52	-30.66	1.07	116	
6	35	8	14.65	18.96	0.21	-6.94	-4.87	117	
6	35	13	-18.94	22.72	9.91	35.11	-42.58	118	
6	35	18	-11.51	-33.70	1.01	41.86	60.88	119	
6	35	23	5.99	10.99	2.36	1.57	2.98	120	
6	35	28	4.96	3.88	4.72	0.43	-0.99	121	
6	35	33	1.20	1.99	3.07	1.04	-0.58	122	
6	35	38	3.35	2.75	3.61	-0.15	0.30	123	
6	35	43	3.80	3.05	4.84	-1.52	0.77	124	
6	39	3	-23.93	6.48	-9.77	40.43	30.74	125	
6	39	8	17.81	9.68	7.27	-91.60	-68.54	126	
6	39	13	21.62	42.61	1.86	66.70	91.62	127	
6	39	18	3.87	5.63	4.26	3.13	-1.25	128	
6	39	23	5.17	6.55	6.36	-0.32	-1.37	129	
6	39	28	5.06	5.19	3.71	-0.03	1.03	130	
6	39	33	1.53	2.95	2.52	1.56	0.88	131	
6	39	38	3.49	3.82	4.04	-1.19	-0.01	132	
6	39	43	2.44	4.46	2.86	-1.79	0.29	133	
6	43	3	42.81	16.18	-8.22	-44.06	-6.52	134	
6	43	8	5.75	6.20	-0.01	74.97	79.43	135	
6	43	13	2.89	3.30	2.98	-2.77	1.40	136	
6	43	18	4.85	4.70	4.18	1.76	2.43	137	
6	43	23	0.55	3.02	1.53	-0.30	1.36	138	
6	43	28	2.78	2.53	3.24	1.22	0.74	139	
6	43	33	3.41	6.34	3.96	2.29	0.53	140	
6	43	38	3.02	2.64	2.47	-1.79	-1.18	141	
6	43	43	2.76	1.99	3.73	-1.69	1.15	142	
