143
diam	c	r	EConv0	EConv1	EConv2	OConv0	OConv1
6	3	3	4.34	4.95	3.37	0.82	0.98	44	
6	3	8	3.34	3.94	3.56	-0.20	-1.64	45	
6	3	13	3.72	1.82	4.39	-3.15	-2.12	46	
6	3	18	3.89	0.07	1.73	0.66	2.77	47	
6	3	23	-10.81	-0.47	-1.53	6.49	-2.72	48	
6	3	28	3.21	2.62	3.85	1.37	-1.82	49	
6	3	33	5.77	5.70	3.21	0.02	0.95	50	
6	3	38	11.07	11.94	-0.48	-1.97	-6.07	51	
6	3	43	7.77	-5.99	10.44	13.75	-5.42	52	
6	7	3	4.64	2.24	2.86	-0.20	0.19	53	
6	7	8	5.85	4.48	5.94	0.35	1.68	54	
6	7	13	3.06	8.65	1.67	-2.14	-0.30	55	
6	7	18	-8.75	41.29	1.00	-30.32	-89.81	56	
6	7	23	8.92	-11.23	23.98	32.63	-6.24	57	
6	7	28	4.01	5.09	5.12	2.93	0.92	58	
6	7	33	4.61	3.67	4.47	-1.35	-1.41	59	
6	7	38	8.74	13.91	2.24	-47.89	-30.19	60	
6	7	43	22.14	12.26	1.16	20.85	4.81	61	
6	11	3	4.59	3.32	3.82	0.88	-0.06	62	
6	11	8	4.35	5.86	1.56	0.44	0.17	63	
6	11	13	33.04	17.66	-5.04	-48.08	-13.12	64	
6	11	18	-3.90	-20.81	-6.29	-15.59	48.83	65	
6	11	23	27.06	19.75	-4.01	50.79	7.18	66	
6	11	28	3.82	5.33	3.34	1.41	-0.92	67	
6	11	33	9.83	15.54	3.31	-5.64	-7.32	68	
6	11	38	-37.59	-41.44	7.55	17.37	6.49	69	
6	11	43	5.58	6.65	4.12	3.57	1.91	70	
6	15	3	4.42	5.55	2.38	-0.16	-0.97	71	
6	15	8	1.93	11.42	4.13	-16.43	-14.41	72	
6	15	13	22.57	20.04	22.47	-31.37	3.43	73	
6	15	18	-23.04	-38.50	13.66	28.56	20.87	74	
6	15	23	-0.47	2.83	1.14	19.57	-3.00	75	
6	15	28	3.50	1.66	3.11	1.28	-0.27	76	
6	15	33	-3.22	-1.21	5.41	-41.49	-33.22	77	
6	15	38	15.08	28.46	-1.10	29.87	23.40	78	
6	15	43	3.92	3.72	3.82	0.63	-0.27	79	
6	19	3	6.03	8.43	2.66	-3.25	-4.32	80	
6	19	8	-28.02	-15.70	10.23	7.89	-22.41	81	
6	19	13	-10.60	-29.89	15.66	-36.54	-29.93	82	
6	19	18	22.74	32.74	1.67	19.42	17.40	83	
6	19	23	-2.50	3.77	-2.03	17.75	2.17	84	
6	19	28	17.97	35.04	1.21	-21.43	-25.11	85	
6	19	33	-16.01	-25.68	0.79	49.39	32.44	86	
6	19	38	1.24	3.38	2.26	-0.26	2.47	87	
6	19	43	2.69	4.04	2.72	1.37	-0.66	88	
6	23	3	4.67	13.91	-2.04	-48.99	-38.16	89	
6	23	8	-8.37	-26.72	-43.46	0.81	17.93	90	
6	23	13	7.65	14.21	-14.25	39.99	46.18	91	
6	23	18	7.45	5.83	5.66	-3.45	-0.97	92	
6	23	23	8.22	15.71	5.65	8.56	-3.95	93	
6	23	28	-31.16	-57.85	10.99	-2.99	-5.98	94	
6	23	33	12.63	20.43	1.34	14.82	11.44	95	
6	23	38	1.80	5.38	3.51	1.84	0.62	96	
6	23	43	1.11	3.82	3.86	-1.36	0.65	97	
6	27	3	-67.83	-36.49	-14.64	-12.76	18.79	98	
6	27	8	7.40	28.12	18.41	-5.90	10.65	99	
6	27	13	-14.17	15.31	29.23	3.09	-72.97	100	
6	27	18	6.76	4.51	1.59	-4.77	4.69	101	
6	27	23	-19.65	-20.38	-1.37	-31.69	-47.15	102	
6	27	28	15.90	32.75	-1.68	31.45	33.47	103	
6	27	33	3.18	4.03	1.92	4.02	-0.74	104	
6	27	38	0.73	1.81	2.32	-0.78	-1.14	105	
6	27	43	3.19	3.29	3.16	-0.95	-1.53	106	
6	31	3	-39.73	-10.38	4.71	11.98	-3.55	107	
6	31	8	14.63	14.37	1.00	-69.86	-54.87	108	
6	31	13	-37.51	-26.15	-30.39	45.92	40.99	109	
6	31	18	19.03	39.20	-2.42	-50.67	-53.97	110	
6	31	23	-9.07	-11.49	5.43	68.25	38.76	111	
6	31	28	4.11	6.19	3.31	0.51	-0.14	112	
6	31	33	4.25	5.37	3.82	-0.23	0.58	113	
6	31	38	2.45	3.47	4.07	0.77	0.50	114	
6	31	43	3.87	4.14	3.85	-1.57	1.37	115	
6	35	3	-22.07	15.94	-19.62	6.59	-48.73	116	
6	35	8	-13.62	-30.73	17.33	33.70	16.77	117	
6	35	13	4.48	38.86	7.40	10.40	-21.81	118	
6	35	18	-28.87	-68.82	9.74	15.24	14.60	119	
6	35	23	8.74	13.23	15.18	46.81	-4.89	120	
6	35	28	2.81	2.35	4.48	-1.39	-5.15	121	
6	35	33	6.23	5.44	5.73	-0.82	-4.54	122	
6	35	38	4.14	4.89	5.52	2.05	-4.61	123	
6	35	43	5.01	5.01	4.36	-2.11	-4.68	124	
6	39	3	8.70	28.17	-9.17	-59.23	32.85	125	
6	39	8	24.91	11.02	0.65	-4.03	-53.62	126	
6	39	13	-5.96	-54.12	-5.50	17.17	7.46	127	
6	39	18	42.71	42.08	2.68	17.38	30.11	128	
6	39	23	17.61	-2.39	2.08	81.71	-1.81	129	
6	39	28	3.09	3.61	1.75	-2.32	-1.04	130	
6	39	33	5.28	1.10	1.66	-0.84	1.65	131	
6	39	38	0.70	3.43	1.75	1.74	-3.21	132	
6	39	43	1.46	1.00	1.51	-1.84	-1.94	133	
6	43	3	24.91	-30.36	16.89	-85.25	33.08	134	
6	43	8	8.19	-10.32	-7.74	32.30	106.43	135	
6	43	13	10.91	38.64	3.91	19.52	55.20	136	
6	43	18	14.12	3.32	8.96	-0.24	7.77	137	
6	43	23	15.54	25.92	-1.54	41.85	20.35	138	
6	43	28	2.83	1.85	4.34	0.40	3.92	139	
6	43	33	5.57	3.84	-0.04	-0.61	4.73	140	
6	43	38	2.99	2.83	4.15	-1.11	7.60	141	
6	43	43	1.74	-1.72	1.44	4.28	3.36	142	
