143
diam	c	r	EConv0	EConv1	EConv2	OConv0	OConv1
6	3	3	4.38	4.63	5.48	-0.13	-0.71	44	
6	3	8	4.00	2.04	3.80	3.45	0.71	45	
6	3	13	24.18	43.66	-0.73	-39.32	-42.78	46	
6	3	18	-35.76	-88.97	12.71	16.00	15.78	47	
6	3	23	26.33	40.35	8.65	18.93	26.49	48	
6	3	28	10.63	7.55	3.99	6.37	0.20	49	
6	3	33	2.53	4.77	4.27	0.61	-1.45	50	
6	3	38	10.90	18.63	2.79	-8.71	-3.29	51	
6	3	43	-80.89	-37.04	-16.04	4.90	-86.03	52	
6	7	3	3.83	5.55	4.53	2.61	0.04	53	
6	7	8	20.62	51.60	1.75	-37.11	-37.84	54	
6	7	13	-28.74	-90.02	7.09	-22.71	-26.35	55	
6	7	18	21.63	48.05	-2.92	54.34	49.50	56	
6	7	23	11.21	2.02	5.38	-13.78	0.41	57	
6	7	28	11.52	4.74	4.96	7.09	0.95	58	
6	7	33	2.86	5.41	2.17	-0.79	0.27	59	
6	7	38	12.62	23.52	-3.95	-89.26	-81.35	60	
6	7	43	-36.68	-38.37	8.93	105.47	41.59	61	
6	11	3	5.62	27.08	4.44	-20.47	-112.83	62	
6	11	8	-14.54	-91.91	1.40	-11.31	-29.14	63	
6	11	13	16.15	46.78	2.62	53.43	64.12	64	
6	11	18	3.50	0.36	1.48	3.04	4.37	65	
6	11	23	7.74	10.98	2.02	-8.23	-2.26	66	
6	11	28	6.90	2.30	7.67	2.16	0.73	67	
6	11	33	25.29	48.94	0.27	-62.97	-57.29	68	
6	11	38	-19.74	-82.25	20.57	35.18	43.39	69	
6	11	43	11.58	47.10	-25.27	69.11	57.94	70	
6	15	3	-29.74	-12.50	11.15	-32.07	111.11	71	
6	15	8	11.44	54.86	5.40	35.66	60.87	72	
6	15	13	6.25	7.76	3.11	0.16	-0.19	73	
6	15	18	-16.95	30.78	11.67	-12.54	-84.98	74	
6	15	23	13.95	-4.23	13.64	-7.05	6.52	75	
6	15	28	21.90	47.60	-6.70	-29.56	-35.18	76	
6	15	33	-43.29	-95.90	9.49	-4.53	-4.18	77	
6	15	38	19.38	47.06	-3.07	40.96	46.10	78	
6	15	43	2.99	2.80	1.29	-0.36	0.01	79	
6	19	3	2.04	6.00	4.05	-3.48	1.10	80	
6	19	8	2.13	3.44	5.14	-0.55	-1.12	81	
6	19	13	26.53	51.70	-3.56	-64.29	-60.56	82	
6	19	18	-57.05	-56.70	-13.18	15.88	-29.26	83	
6	19	23	37.73	46.08	0.36	-20.50	-25.45	84	
6	19	28	-26.36	-79.79	11.49	-36.55	-49.69	85	
6	19	33	22.45	45.23	0.40	58.11	61.64	86	
6	19	38	5.16	4.59	2.86	1.45	2.01	87	
6	19	43	4.11	2.82	3.05	0.07	-0.94	88	
6	23	3	2.85	2.24	4.30	-3.40	-1.11	89	
6	23	8	19.65	36.88	-0.72	-24.75	-20.31	90	
6	23	13	-31.82	-84.52	17.63	-21.61	-0.88	91	
6	23	18	-56.58	-2.05	-6.78	75.39	30.28	92	
6	23	23	-13.51	-45.67	13.14	-63.69	-72.38	93	
6	23	28	10.93	30.41	-5.04	69.65	76.46	94	
6	23	33	8.19	10.48	2.57	2.14	2.39	95	
6	23	38	4.25	2.17	4.49	1.16	0.03	96	
6	23	43	3.39	3.82	2.60	-1.65	-0.61	97	
6	27	3	4.75	4.23	1.36	-2.81	-1.26	98	
6	27	8	-9.39	-15.02	5.54	-88.00	-61.24	99	
6	27	13	61.03	76.90	-4.47	26.98	32.65	100	
6	27	18	-23.38	-12.54	-23.36	12.88	-31.66	101	
6	27	23	7.36	-5.25	-2.37	66.53	78.33	102	
6	27	28	11.12	12.16	8.61	2.65	2.69	103	
6	27	33	3.45	3.66	3.96	-1.26	-0.79	104	
6	27	38	5.88	6.70	3.46	1.70	-0.64	105	
6	27	43	2.51	1.99	3.02	-2.12	-1.04	106	
6	31	3	33.14	41.14	-5.28	-46.79	-28.74	107	
6	31	8	-33.57	-54.13	13.35	67.51	45.67	108	
6	31	13	-1.26	-2.66	3.29	-97.69	-72.31	109	
6	31	18	-11.47	-31.68	3.04	86.90	83.36	110	
6	31	23	21.41	38.35	6.21	11.19	12.09	111	
6	31	28	7.40	5.26	3.59	3.86	2.68	112	
6	31	33	2.26	2.42	3.29	-0.29	0.79	113	
6	31	38	5.03	4.01	4.52	-0.98	-1.05	114	
6	31	43	4.43	3.52	5.27	1.56	1.71	115	
6	35	3	-15.09	-11.08	2.83	-105.56	-64.23	116	
6	35	8	53.74	72.58	-5.48	-9.71	-67.15	117	
6	35	13	-30.90	-72.03	14.02	41.49	44.37	118	
6	35	18	25.14	44.46	-2.49	34.48	28.86	119	
6	35	23	10.61	-2.75	7.63	-10.27	3.71	120	
6	35	28	11.99	6.14	4.52	7.10	-0.06	121	
6	35	33	3.55	3.87	3.75	0.68	0.96	122	
6	35	38	4.85	3.89	3.78	-0.80	0.31	123	
6	35	43	4.02	3.91	2.84	2.01	-1.68	124	
6	39	3	-50.85	-50.59	-47.49	-73.00	38.20	125	
6	39	8	-20.90	-75.78	-11.55	21.97	39.94	126	
6	39	13	17.18	49.29	-9.17	53.44	64.81	127	
6	39	18	8.73	23.70	9.93	-0.66	-12.15	128	
6	39	23	11.79	6.83	7.18	-2.80	-5.70	129	
6	39	28	7.32	3.67	6.44	5.53	-2.06	130	
6	39	33	3.85	4.53	4.44	0.63	-0.51	131	
6	39	38	2.66	2.32	3.09	-1.06	-0.58	132	
6	39	43	4.13	3.77	3.63	1.30	0.54	133	
6	43	3	-3.53	12.93	41.78	-9.07	40.97	134	
6	43	8	-5.41	42.68	15.37	7.60	55.14	135	
6	43	13	13.12	25.39	2.89	-14.30	-16.43	136	
6	43	18	-14.08	-15.79	-13.14	-65.44	-96.98	137	
6	43	23	62.60	-0.69	39.40	55.57	-15.85	138	
6	43	28	6.74	6.07	2.68	3.65	1.28	139	
6	43	33	3.12	1.84	2.98	-0.95	0.03	140	
6	43	38	5.12	4.73	4.60	0.02	1.54	141	
6	43	43	3.56	3.89	3.70	1.26	0.43	142	
