143
diam	c	r	EConv0	EConv1	EConv2	OConv0	OConv1
6	3	3	1.71	2.87	2.70	-0.44	0.05	44	
6	3	8	-71.26	-24.78	-8.65	-115.60	-48.36	45	
6	3	13	5.13	-8.73	-11.01	7.99	-161.32	46	
6	3	18	1.70	-2.42	-8.63	1.16	-147.86	47	
6	3	23	20.63	0.92	12.12	-3.58	-153.27	48	
6	3	28	33.20	8.08	19.96	142.54	-5.58	49	
6	3	33	4.27	5.92	4.06	0.46	-1.49	50	
6	3	38	3.01	2.55	1.64	-0.51	0.75	51	
6	3	43	0.70	2.26	3.44	0.03	-1.65	52	
6	7	3	3.56	3.25	4.04	-1.10	0.26	53	
6	7	8	-29.65	-10.63	35.51	-27.63	126.31	54	
6	7	13	-0.46	29.47	27.55	4.81	141.23	55	
6	7	18	-0.80	27.34	28.15	-1.65	143.73	56	
6	7	23	15.74	28.76	22.93	-11.83	144.72	57	
6	7	28	22.13	12.54	-0.26	143.37	4.71	58	
6	7	33	14.83	11.59	2.86	-6.55	-2.34	59	
6	7	38	-23.58	-18.75	-17.27	12.45	-105.18	60	
6	7	43	8.43	4.11	16.55	7.07	-6.43	61	
6	11	3	4.10	3.42	3.42	0.52	2.06	62	
6	11	8	3.33	-0.02	1.83	-4.57	1.30	63	
6	11	13	4.65	5.63	4.89	-1.48	4.19	64	
6	11	18	3.86	3.86	1.55	0.90	4.71	65	
6	11	23	20.13	5.98	9.01	-8.08	2.77	66	
6	11	28	-2.67	5.57	-42.15	110.08	31.80	67	
6	11	33	7.27	3.75	11.39	1.54	-0.42	68	
6	11	38	26.97	19.34	61.33	-38.91	64.29	69	
6	11	43	22.33	-14.35	5.36	90.36	-22.48	70	
6	15	3	3.63	2.94	2.69	0.03	0.40	71	
6	15	8	4.05	4.37	3.57	0.29	0.39	72	
6	15	13	3.55	3.24	4.34	-1.60	0.01	73	
6	15	18	4.13	2.68	4.06	0.34	1.33	74	
6	15	23	5.35	5.18	4.47	-2.16	0.64	75	
6	15	28	0.34	13.05	10.16	6.55	1.40	76	
6	15	33	3.12	3.44	3.38	2.31	2.31	77	
6	15	38	27.04	36.72	-2.45	-21.06	-17.49	78	
6	15	43	29.96	11.20	-5.44	83.74	23.58	79	
6	19	3	4.82	3.70	3.88	-1.73	-0.06	80	
6	19	8	2.05	2.41	2.61	0.25	-2.13	81	
6	19	13	3.92	2.40	2.77	-0.50	-2.15	82	
6	19	18	2.88	0.53	2.41	3.19	-4.49	83	
6	19	23	3.13	3.17	5.25	-1.33	-0.99	84	
6	19	28	-3.56	8.13	6.28	11.48	0.56	85	
6	19	33	3.27	2.29	3.37	0.87	-0.35	86	
6	19	38	-39.97	-70.69	15.68	-53.76	-40.42	87	
6	19	43	15.45	19.42	1.28	7.78	7.41	88	
6	23	3	2.57	1.74	3.59	0.08	-0.10	89	
6	23	8	3.45	3.99	2.95	-0.21	1.18	90	
6	23	13	2.37	3.91	4.69	0.22	-2.55	91	
6	23	18	6.68	67.23	11.58	-25.00	-53.29	92	
6	23	23	-21.62	-53.81	31.29	69.64	-67.91	93	
6	23	28	-1.12	12.39	7.88	12.64	1.17	94	
6	23	33	15.90	32.91	0.14	-61.76	-73.75	95	
6	23	38	29.55	48.53	-7.65	62.85	52.70	96	
6	23	43	3.73	3.12	3.25	1.82	-0.57	97	
6	27	3	3.76	4.54	4.30	-0.54	-3.30	98	
6	27	8	4.28	4.21	3.36	-1.06	-1.06	99	
6	27	13	25.64	71.91	-3.49	-57.40	-65.04	100	
6	27	18	5.89	-57.03	-9.07	26.90	52.11	101	
6	27	23	40.83	39.49	-7.00	97.81	44.26	102	
6	27	28	4.79	48.15	2.82	-46.08	-69.88	103	
6	27	33	8.27	12.90	2.70	65.07	73.85	104	
6	27	38	4.41	1.80	2.97	0.17	1.47	105	
6	27	43	3.13	4.62	2.00	0.84	0.09	106	
6	31	3	4.04	4.38	5.95	-0.56	1.84	107	
6	31	8	22.77	45.56	-1.92	-26.33	-22.92	108	
6	31	13	-48.67	-103.57	23.54	41.50	42.41	109	
6	31	18	-41.39	-76.34	16.57	-26.60	-24.68	110	
6	31	23	9.85	15.94	5.39	-47.43	-85.72	111	
6	31	28	6.79	31.77	14.57	62.58	75.83	112	
6	31	33	2.63	2.30	3.50	-0.15	0.87	113	
6	31	38	3.72	3.98	4.78	0.24	-1.98	114	
6	31	43	3.64	6.21	6.20	-0.14	0.91	115	
6	35	3	3.03	4.14	2.89	0.53	-1.66	116	
6	35	8	-51.33	-107.85	11.89	-46.02	-23.97	117	
6	35	13	53.10	105.02	-14.95	-65.72	-49.37	118	
6	35	18	15.77	-27.08	-13.78	19.10	-22.51	119	
6	35	23	9.65	54.26	0.95	47.47	77.83	120	
6	35	28	-8.03	7.63	8.33	8.67	-0.72	121	
6	35	33	5.18	4.15	3.30	1.18	-0.31	122	
6	35	38	2.51	5.11	2.00	-0.75	-1.92	123	
6	35	43	3.88	2.63	4.74	1.66	-0.30	124	
6	39	3	35.46	18.45	4.12	-20.41	-3.36	125	
6	39	8	43.37	41.37	28.24	87.66	8.20	126	
6	39	13	-35.27	-49.32	33.13	-55.61	88.69	127	
6	39	18	16.96	63.13	13.56	25.82	39.07	128	
6	39	23	2.72	1.64	1.83	0.62	2.11	129	
6	39	28	-6.17	11.47	9.50	9.35	3.00	130	
6	39	33	4.18	3.34	4.42	1.15	1.08	131	
6	39	38	3.07	4.09	4.92	-1.92	3.30	132	
6	39	43	3.31	3.36	4.86	1.40	-0.41	133	
6	43	3	17.93	-1.92	14.33	-16.34	4.72	134	
6	43	8	13.56	39.21	-14.97	37.75	43.62	135	
6	43	13	2.76	2.69	3.31	0.94	2.64	136	
6	43	18	1.98	3.53	3.09	3.67	3.36	137	
6	43	23	2.22	4.07	4.74	-0.55	2.74	138	
6	43	28	-6.97	8.89	9.22	11.37	-1.06	139	
6	43	33	3.59	2.90	3.51	4.17	-0.87	140	
6	43	38	3.91	3.40	3.54	-1.42	-1.26	141	
6	43	43	1.94	2.92	1.69	-0.76	0.64	142	
