143
diam	c	r	EConv0	EConv1	EConv2	OConv0	OConv1
6	3	3	4.64	3.25	6.08	7.17	-8.12	44	
6	3	8	3.47	4.32	4.61	1.29	-3.58	45	
6	3	13	1.69	-0.44	5.94	0.01	3.28	46	
6	3	18	8.95	9.08	3.84	-3.11	5.01	47	
6	3	23	4.08	3.63	4.28	1.31	-2.45	48	
6	3	28	5.15	-1.24	5.16	-15.02	0.69	49	
6	3	33	3.11	4.36	-3.32	7.61	5.73	50	
6	3	38	7.25	4.97	11.32	-1.16	-5.40	51	
6	3	43	9.34	4.98	-2.04	-9.07	-3.86	52	
6	7	3	0.36	0.99	3.85	11.52	-13.23	53	
6	7	8	5.70	2.31	3.22	4.07	1.68	54	
6	7	13	6.42	20.89	1.09	-5.79	-16.98	55	
6	7	18	-10.17	5.03	15.60	0.76	-58.25	56	
6	7	23	4.66	0.24	10.06	6.12	-1.57	57	
6	7	28	2.06	1.23	6.65	0.78	6.09	58	
6	7	33	4.35	6.82	5.63	-2.50	0.45	59	
6	7	38	1.82	22.95	1.78	2.24	-12.46	60	
6	7	43	0.34	-5.87	18.40	-1.63	-7.23	61	
6	11	3	-7.52	-4.14	-0.90	21.15	-0.17	62	
6	11	8	11.09	14.63	0.24	-8.90	-7.80	63	
6	11	13	1.02	5.76	-1.67	-50.11	-61.18	64	
6	11	18	-21.38	-15.92	-15.91	15.48	-43.91	65	
6	11	23	21.51	-3.80	21.51	49.71	-18.43	66	
6	11	28	-0.63	4.01	2.46	2.16	0.80	67	
6	11	33	8.40	7.10	-0.03	-8.49	6.58	68	
6	11	38	-15.92	-16.24	-8.29	-39.71	-51.02	69	
6	11	43	24.53	0.69	6.45	49.01	3.79	70	
6	15	3	-5.85	-1.59	-2.62	24.33	14.02	71	
6	15	8	16.37	23.56	1.17	-48.94	-20.87	72	
6	15	13	-12.88	-43.22	4.79	-7.09	18.29	73	
6	15	18	8.50	1.72	-25.46	-12.99	60.70	74	
6	15	23	23.59	4.73	11.42	87.13	-6.78	75	
6	15	28	-1.50	-0.78	-0.06	0.66	2.01	76	
6	15	33	25.60	22.47	4.71	-35.52	-25.64	77	
6	15	38	-28.14	-30.48	9.05	36.56	27.50	78	
6	15	43	10.37	18.68	-5.42	9.34	5.81	79	
6	19	3	4.06	16.15	-0.26	2.46	4.31	80	
6	19	8	-18.97	-22.25	3.06	-55.34	-28.08	81	
6	19	13	14.38	24.07	12.38	46.27	58.94	82	
6	19	18	38.80	28.31	25.31	-52.42	29.68	83	
6	19	23	16.08	5.32	-2.18	76.32	12.82	84	
6	19	28	10.45	19.73	2.26	-7.84	-15.08	85	
6	19	33	-14.79	-21.42	6.53	-33.36	-26.68	86	
6	19	38	8.15	20.38	-4.12	37.40	36.38	87	
6	19	43	5.32	5.33	3.80	0.85	0.90	88	
6	23	3	18.31	12.12	0.75	-24.72	-5.36	89	
6	23	8	-32.09	-30.94	7.95	28.53	22.54	90	
6	23	13	12.72	11.14	2.55	14.98	1.83	91	
6	23	18	25.44	10.63	2.98	-56.41	-11.44	92	
6	23	23	30.12	24.33	4.05	58.29	5.41	93	
6	23	28	-7.88	-1.98	4.16	-42.08	-44.66	94	
6	23	33	-12.59	-16.83	-0.46	40.38	33.77	95	
6	23	38	5.21	8.59	5.30	-0.37	5.94	96	
6	23	43	7.67	2.96	2.83	-10.35	4.89	97	
6	27	3	24.76	22.00	-0.05	-61.34	-20.23	98	
6	27	8	16.59	6.33	12.39	70.79	25.94	99	
6	27	13	0.80	3.11	-2.79	2.57	7.13	100	
6	27	18	3.29	6.31	11.96	-49.13	-7.71	101	
6	27	23	22.63	22.49	1.06	-10.52	-40.43	102	
6	27	28	-20.35	-35.80	-0.49	24.91	20.17	103	
6	27	33	10.88	22.13	3.69	16.30	13.66	104	
6	27	38	4.77	4.90	3.90	2.96	-0.61	105	
6	27	43	7.72	5.41	8.34	0.63	1.38	106	
6	31	3	-10.55	-3.60	-9.01	-88.88	-18.34	107	
6	31	8	35.89	28.82	13.92	59.71	-12.33	108	
6	31	13	7.71	24.88	7.59	-24.00	-47.21	109	
6	31	18	-2.31	-16.77	13.63	-30.15	-44.59	110	
6	31	23	-7.39	-31.47	-6.42	31.63	31.52	111	
6	31	28	10.44	33.57	11.12	18.72	39.63	112	
6	31	33	2.18	6.66	5.86	1.58	4.21	113	
6	31	38	0.66	1.97	2.21	-0.11	1.21	114	
6	31	43	-0.51	3.27	2.63	0.22	0.51	115	
6	35	3	-9.52	-19.22	-1.04	-83.12	11.58	116	
6	35	8	19.94	11.20	-20.52	6.40	-59.44	117	
6	35	13	2.12	-43.56	-4.39	-2.29	-20.34	118	
6	35	18	-5.67	-17.94	-7.38	40.74	54.89	119	
6	35	23	12.29	29.97	7.29	16.39	28.66	120	
6	35	28	5.12	4.82	5.38	-1.26	-3.38	121	
6	35	33	2.34	4.22	2.76	1.20	0.39	122	
6	35	38	2.33	3.31	4.07	0.83	2.10	123	
6	35	43	-0.61	2.58	2.56	-1.81	1.12	124	
6	39	3	5.53	-3.81	25.88	-22.19	29.97	125	
6	39	8	-13.72	-14.49	0.35	-11.69	68.17	126	
6	39	13	4.84	22.33	7.03	29.84	70.82	127	
6	39	18	5.69	25.42	3.85	3.43	24.19	128	
6	39	23	3.73	-0.89	2.55	-1.10	-1.01	129	
6	39	28	4.35	4.82	2.26	0.26	2.44	130	
6	39	33	1.25	2.74	3.39	0.75	-2.49	131	
6	39	38	2.66	3.90	4.27	2.27	-2.49	132	
6	39	43	-0.45	2.27	2.38	-2.04	-0.27	133	
6	43	3	1.37	4.86	0.11	0.25	1.51	134	
6	43	8	3.20	14.26	13.31	8.41	15.27	135	
6	43	13	5.51	6.29	4.51	3.13	-6.76	136	
6	43	18	2.39	0.46	4.52	-2.74	-7.04	137	
6	43	23	3.61	4.33	3.12	-0.16	-1.77	138	
6	43	28	3.47	1.48	3.65	-2.95	-4.89	139	
6	43	33	2.60	2.99	2.12	-0.34	1.42	140	
6	43	38	2.43	1.91	1.79	1.75	-1.35	141	
6	43	43	-0.90	0.75	3.62	2.17	1.18	142	
