143
diam	c	r	EConv0	EConv1	EConv2	OConv0	OConv1
6	3	3	-91.46	-25.60	-47.87	-26.62	-16.67	44	
6	3	8	18.74	42.54	19.51	-23.29	-76.24	45	
6	3	13	-16.53	-89.73	-9.88	10.96	35.85	46	
6	3	18	8.73	38.43	1.74	14.89	24.43	47	
6	3	23	1.44	1.96	1.92	-0.20	1.42	48	
6	3	28	-2.98	-2.60	-5.44	-8.89	0.52	49	
6	3	33	2.69	3.92	1.25	3.04	1.17	50	
6	3	38	3.24	2.56	3.49	1.82	-0.55	51	
6	3	43	2.93	4.06	4.31	0.74	-1.85	52	
6	7	3	3.24	17.33	46.11	-13.27	46.33	53	
6	7	8	-21.67	5.62	2.26	24.39	87.51	54	
6	7	13	4.21	9.08	3.95	4.26	10.32	55	
6	7	18	0.62	2.49	3.27	0.63	8.01	56	
6	7	23	0.64	2.12	1.43	0.86	4.47	57	
6	7	28	0.70	0.04	1.10	-11.19	3.23	58	
6	7	33	3.04	1.50	2.96	6.06	-1.45	59	
6	7	38	3.48	4.83	1.22	1.43	-0.22	60	
6	7	43	-28.80	9.07	38.86	14.81	-67.24	61	
6	11	3	1.54	3.22	3.11	-1.87	0.63	62	
6	11	8	3.79	2.44	3.69	-0.49	-0.19	63	
6	11	13	3.41	1.90	2.06	2.62	0.95	64	
6	11	18	3.82	5.60	5.23	0.79	-0.87	65	
6	11	23	0.83	3.04	2.71	-0.65	0.85	66	
6	11	28	1.51	1.11	-1.28	-12.70	-0.62	67	
6	11	33	6.15	2.98	2.16	7.84	0.77	68	
6	11	38	18.72	36.45	-4.18	-77.39	-84.02	69	
6	11	43	-50.60	-40.34	-63.93	86.34	49.06	70	
6	15	3	1.15	2.21	2.80	-0.27	2.76	71	
6	15	8	1.68	2.66	2.39	1.25	0.45	72	
6	15	13	8.45	50.77	-8.68	-67.11	-89.63	73	
6	15	18	43.79	-24.42	34.72	78.06	-29.18	74	
6	15	23	3.78	5.01	3.36	-1.95	-0.07	75	
6	15	28	-1.49	-0.58	-1.79	-9.17	-4.45	76	
6	15	33	31.50	62.45	-5.08	-58.47	-55.25	77	
6	15	38	-21.11	-54.80	10.92	69.73	74.88	78	
6	15	43	4.20	18.48	10.88	4.90	15.13	79	
6	19	3	4.13	3.26	3.62	-1.12	0.75	80	
6	19	8	30.72	62.06	-7.58	-58.44	-54.11	81	
6	19	13	-6.69	-57.21	5.17	45.59	76.92	82	
6	19	18	39.28	16.51	2.74	93.98	7.33	83	
6	19	23	2.35	2.42	3.17	-0.40	-0.64	84	
6	19	28	24.05	47.13	-4.13	-40.33	-29.94	85	
6	19	33	-38.42	-107.37	9.41	28.15	38.38	86	
6	19	38	11.08	26.47	2.90	8.32	11.82	87	
6	19	43	4.13	3.39	2.90	1.70	-0.65	88	
6	23	3	15.37	19.01	2.56	-9.10	-5.39	89	
6	23	8	-54.29	-100.13	20.89	10.98	27.88	90	
6	23	13	50.87	47.16	-1.18	-47.94	-17.64	91	
6	23	18	42.70	33.28	-5.86	47.13	13.61	92	
6	23	23	20.29	37.32	2.20	-16.57	-18.96	93	
6	23	28	-35.05	-116.81	15.61	-8.27	-2.67	94	
6	23	33	19.97	38.61	2.03	16.97	17.35	95	
6	23	38	4.79	3.86	5.06	4.26	0.40	96	
6	23	43	4.18	2.70	4.40	-1.09	0.69	97	
6	27	3	35.41	24.39	-3.73	-89.25	-34.22	98	
6	27	8	32.00	42.97	-4.92	35.04	21.05	99	
6	27	13	-53.70	-49.15	12.90	-37.20	-11.58	100	
6	27	18	11.05	25.59	1.75	-5.03	-8.72	101	
6	27	23	-35.10	-100.97	5.56	-27.50	-29.51	102	
6	27	28	18.99	49.73	-4.60	22.44	24.05	103	
6	27	33	4.92	2.78	4.62	5.00	-1.01	104	
6	27	38	4.31	5.36	4.95	2.94	-1.03	105	
6	27	43	2.70	1.84	0.68	-0.32	0.01	106	
6	31	3	-82.14	-41.51	0.99	-53.27	-6.51	107	
6	31	8	21.64	35.41	-8.06	-22.55	-12.97	108	
6	31	13	16.90	26.00	-6.71	56.28	29.49	109	
6	31	18	-21.98	-87.73	14.27	-25.53	-35.02	110	
6	31	23	26.00	58.07	4.42	32.42	42.80	111	
6	31	28	4.89	6.69	0.38	-9.44	1.44	112	
6	31	33	5.61	4.84	5.21	7.33	-0.66	113	
6	31	38	3.22	2.83	3.23	0.74	2.05	114	
6	31	43	3.10	3.66	3.12	-1.45	-0.77	115	
6	35	3	-36.75	-22.67	-48.64	-71.84	28.87	116	
6	35	8	-10.07	-53.71	29.64	7.50	-70.32	117	
6	35	13	-17.15	-85.01	3.82	-17.05	-23.97	118	
6	35	18	16.80	55.09	-2.85	40.26	41.58	119	
6	35	23	4.35	3.51	4.90	0.68	0.53	120	
6	35	28	8.10	4.81	1.27	-13.97	0.78	121	
6	35	33	4.03	2.80	3.04	7.17	0.23	122	
6	35	38	4.18	3.47	2.27	0.64	0.43	123	
6	35	43	3.22	3.30	3.69	-0.49	1.72	124	
6	39	3	40.33	7.09	12.34	-47.39	9.08	125	
6	39	8	-14.13	-39.80	-29.47	51.00	95.47	126	
6	39	13	13.83	48.84	3.58	17.33	23.62	127	
6	39	18	1.18	3.50	2.67	2.24	-0.10	128	
6	39	23	-0.48	2.11	1.69	2.07	-3.85	129	
6	39	28	5.05	-0.74	-1.95	-14.16	-7.15	130	
6	39	33	5.31	4.15	3.90	6.16	0.85	131	
6	39	38	4.44	3.62	3.47	-1.41	-1.27	132	
6	39	43	3.20	1.48	1.27	0.03	0.53	133	
6	43	3	1.47	0.89	7.70	-4.58	4.75	134	
6	43	8	0.67	10.33	2.47	-2.44	6.20	135	
6	43	13	2.99	3.24	3.03	0.08	1.23	136	
6	43	18	4.03	1.60	2.66	1.06	-3.42	137	
6	43	23	3.65	0.98	1.40	1.23	-0.35	138	
6	43	28	3.92	3.59	0.28	-5.87	1.48	139	
6	43	33	5.00	3.15	4.06	1.74	0.89	140	
6	43	38	4.16	1.86	5.25	0.68	-0.34	141	
6	43	43	4.27	2.47	4.02	1.35	-0.24	142	
