143
diam	c	r	EConv0	EConv1	EConv2	OConv0	OConv1
6	3	3	3.72	3.85	3.85	-1.50	-0.00	44	
6	3	8	4.49	3.75	5.39	0.87	0.56	45	
6	3	13	4.25	5.65	3.74	-6.57	3.26	46	
6	3	18	-1.13	5.54	2.62	3.68	-9.57	47	
6	3	23	4.08	1.71	5.46	4.55	1.43	48	
6	3	28	2.11	3.20	-0.25	-1.98	3.51	49	
6	3	33	3.38	4.38	6.72	1.88	-5.18	50	
6	3	38	4.13	4.23	4.79	1.89	0.78	51	
6	3	43	3.54	3.10	3.80	0.10	3.79	52	
6	7	3	4.40	3.44	4.32	-0.94	0.54	53	
6	7	8	3.65	3.79	3.83	1.35	0.00	54	
6	7	13	4.84	2.58	5.17	-3.94	2.11	55	
6	7	18	-2.01	6.78	-0.36	-7.44	7.32	56	
6	7	23	4.34	56.24	14.74	-31.16	-110.20	57	
6	7	28	2.58	-14.55	60.42	43.15	-91.30	58	
6	7	33	0.09	1.95	-1.20	6.86	-1.32	59	
6	7	38	2.97	2.42	3.65	-0.35	-3.01	60	
6	7	43	28.60	62.18	-16.62	-75.48	-76.99	61	
6	11	3	6.24	4.31	4.83	0.44	0.87	62	
6	11	8	2.58	3.67	4.33	1.70	-0.01	63	
6	11	13	7.09	5.16	2.77	-1.06	-0.72	64	
6	11	18	-5.64	2.35	1.25	-81.81	-104.29	65	
6	11	23	-7.16	-61.01	-7.92	12.61	27.67	66	
6	11	28	-37.96	23.25	-71.92	51.50	53.82	67	
6	11	33	3.21	4.87	5.12	-6.22	2.62	68	
6	11	38	28.40	55.77	-6.30	-29.45	-33.80	69	
6	11	43	-46.93	-104.12	16.63	-17.01	-16.93	70	
6	15	3	6.06	4.76	4.61	0.85	-0.75	71	
6	15	8	3.40	2.74	1.54	-0.75	1.35	72	
6	15	13	23.54	45.16	-13.20	-92.24	-83.79	73	
6	15	18	-15.30	-61.05	-8.05	34.47	57.17	74	
6	15	23	-0.71	54.75	6.03	33.06	38.42	75	
6	15	28	-57.73	-35.53	8.71	-48.57	2.07	76	
6	15	33	8.09	13.81	1.87	-0.11	1.09	77	
6	15	38	-26.52	-43.28	17.26	-92.90	-70.76	78	
6	15	43	0.34	4.97	-15.30	113.39	70.63	79	
6	19	3	4.24	5.89	5.12	1.42	-1.90	80	
6	19	8	17.51	23.67	-1.68	-13.65	-10.54	81	
6	19	13	-64.42	-86.08	15.39	-5.87	-4.87	82	
6	19	18	26.57	61.68	8.12	28.59	34.80	83	
6	19	23	5.31	12.23	1.87	-17.14	5.22	84	
6	19	28	-9.08	-18.56	13.12	58.01	12.04	85	
6	19	33	16.12	25.89	8.48	-90.70	-99.61	86	
6	19	38	-21.96	-45.94	-7.15	75.09	91.12	87	
6	19	43	10.36	20.75	7.32	8.11	4.70	88	
6	23	3	1.53	1.40	2.91	2.63	3.18	89	
6	23	8	10.66	14.90	-12.77	-117.59	-63.64	90	
6	23	13	15.81	19.42	21.85	113.36	58.32	91	
6	23	18	2.81	4.19	1.68	-1.76	0.22	92	
6	23	23	17.84	20.00	13.42	-22.78	-9.39	93	
6	23	28	33.31	68.08	-11.55	-42.48	-86.43	94	
6	23	33	-23.37	-75.15	17.33	60.89	66.61	95	
6	23	38	25.30	38.47	2.34	12.54	12.32	96	
6	23	43	5.10	5.60	3.65	2.83	-0.35	97	
6	27	3	4.17	5.72	3.31	0.44	1.10	98	
6	27	8	-75.05	-91.69	21.96	-27.64	13.37	99	
6	27	13	36.31	39.89	-24.12	56.08	31.19	100	
6	27	18	9.10	7.00	4.87	1.20	-1.76	101	
6	27	23	-28.49	-6.69	-6.74	-59.64	-103.53	102	
6	27	28	-51.37	-71.81	14.45	41.82	27.51	103	
6	27	33	11.54	56.63	3.40	20.19	21.43	104	
6	27	38	4.93	1.88	5.16	-0.86	-0.61	105	
6	27	43	3.81	3.68	3.84	1.98	-1.51	106	
6	31	3	27.44	7.34	8.51	-12.45	0.31	107	
6	31	8	-33.74	9.83	10.53	124.26	-0.94	108	
6	31	13	7.90	27.01	15.02	-2.86	-7.48	109	
6	31	18	28.36	45.38	22.12	-67.50	-104.74	110	
6	31	23	-20.23	-38.55	10.64	17.85	19.31	111	
6	31	28	17.07	64.06	-8.43	61.67	75.99	112	
6	31	33	4.61	5.78	0.29	-3.96	3.40	113	
6	31	38	9.03	4.30	8.41	7.08	-8.29	114	
6	31	43	2.61	2.80	3.98	2.83	-1.68	115	
6	35	3	5.53	3.59	5.30	1.58	-1.88	116	
6	35	8	-25.15	46.25	-78.72	-72.46	27.66	117	
6	35	13	5.47	-53.59	-33.00	-14.08	-79.72	118	
6	35	18	-16.18	-43.73	1.95	11.49	12.55	119	
6	35	23	4.76	46.21	-11.08	69.19	100.88	120	
6	35	28	2.45	0.89	3.39	0.03	-1.46	121	
6	35	33	12.29	3.67	6.42	-9.67	5.35	122	
6	35	38	2.54	0.46	-2.57	2.41	-1.50	123	
6	35	43	1.61	2.56	3.12	5.76	1.09	124	
6	39	3	3.18	4.19	2.99	1.38	1.19	125	
6	39	8	28.26	-35.98	30.16	-105.85	54.68	126	
6	39	13	-3.54	-59.78	-15.56	40.44	105.49	127	
6	39	18	8.51	66.05	2.78	53.08	97.68	128	
6	39	23	4.33	0.89	5.68	-1.67	-1.27	129	
6	39	28	-1.07	1.18	2.03	2.38	1.47	130	
6	39	33	4.39	5.06	8.41	-3.31	-1.04	131	
6	39	38	-2.00	4.04	2.70	-0.34	11.06	132	
6	39	43	4.12	4.16	2.68	4.44	3.13	133	
6	43	3	5.05	2.97	5.06	0.28	0.82	134	
6	43	8	5.16	5.59	8.13	0.21	-1.93	135	
6	43	13	5.68	18.68	6.21	4.81	1.64	136	
6	43	18	2.07	-0.91	-0.35	-0.86	-4.92	137	
6	43	23	6.58	4.63	6.71	-0.06	0.08	138	
6	43	28	2.69	3.39	0.47	1.81	2.58	139	
6	43	33	2.18	3.45	0.28	-0.38	-1.69	140	
6	43	38	5.61	4.64	5.93	1.72	2.57	141	
6	43	43	3.92	9.19	3.66	-2.31	-2.92	142	
