143
diam	c	r	EConv0	EConv1	EConv2	OConv0	OConv1
6	3	3	-14.75	-15.74	-16.35	-58.58	-47.91	44	
6	3	8	-5.99	-18.04	9.42	59.47	50.63	45	
6	3	13	10.36	23.68	2.93	-7.48	-2.74	46	
6	3	18	-31.37	-14.30	4.88	-38.07	-12.69	47	
6	3	23	4.17	-31.99	1.51	30.73	26.90	48	
6	3	28	3.40	10.89	-14.21	45.09	24.04	49	
6	3	33	3.60	2.68	1.09	2.85	1.31	50	
6	3	38	4.15	5.50	5.01	0.18	-0.19	51	
6	3	43	0.70	4.68	11.05	3.32	-7.86	52	
6	7	3	6.39	18.89	12.18	-52.76	46.87	53	
6	7	8	36.27	60.76	4.62	12.74	-6.38	54	
6	7	13	-9.31	-44.96	0.35	-26.87	-42.96	55	
6	7	18	12.94	3.90	16.18	10.33	77.53	56	
6	7	23	9.26	31.68	0.26	-8.96	7.90	57	
6	7	28	11.12	12.39	5.24	8.48	7.97	58	
6	7	33	4.36	3.78	4.60	1.42	3.04	59	
6	7	38	20.03	21.16	-1.02	-17.86	-8.50	60	
6	7	43	4.61	-17.40	2.93	48.95	-11.20	61	
6	11	3	-15.81	5.98	-8.72	-50.59	-30.73	62	
6	11	8	-8.11	-65.48	-5.91	-10.19	-11.56	63	
6	11	13	13.11	29.22	-1.65	41.91	53.03	64	
6	11	18	8.21	7.37	-0.04	-2.42	-7.06	65	
6	11	23	-16.61	-18.18	-1.07	15.76	7.31	66	
6	11	28	4.59	4.98	2.20	0.46	-0.75	67	
6	11	33	4.10	3.49	3.76	2.06	-1.42	68	
6	11	38	4.73	-0.74	4.83	-59.93	-34.04	69	
6	11	43	25.21	24.92	0.19	33.19	17.92	70	
6	15	3	-8.79	-23.50	21.65	-31.35	55.35	71	
6	15	8	6.57	36.60	0.61	24.92	38.01	72	
6	15	13	1.87	2.29	4.41	0.19	-0.03	73	
6	15	18	-5.05	4.85	1.56	-23.71	-18.99	74	
6	15	23	9.91	14.49	4.97	13.35	5.79	75	
6	15	28	2.23	4.23	5.30	-3.00	0.16	76	
6	15	33	13.64	24.45	1.53	-16.36	-15.07	77	
6	15	38	-25.02	-35.43	0.95	24.29	27.19	78	
6	15	43	5.50	6.61	4.36	2.11	1.64	79	
6	19	3	4.04	1.75	1.16	-0.17	-4.27	80	
6	19	8	3.83	1.62	2.18	-1.80	-1.35	81	
6	19	13	13.45	32.20	-0.94	-20.16	-26.26	82	
6	19	18	-42.09	-32.62	-6.61	16.48	-31.16	83	
6	19	23	4.28	3.13	3.82	0.53	3.65	84	
6	19	28	7.77	8.83	-0.65	-5.11	1.38	85	
6	19	33	-18.37	-31.07	10.47	-18.38	-17.90	86	
6	19	38	13.11	23.30	4.45	12.22	13.16	87	
6	19	43	2.64	5.15	2.91	1.98	0.24	88	
6	23	3	4.19	5.01	1.98	-1.00	-1.01	89	
6	23	8	11.69	21.78	2.76	-12.91	-15.76	90	
6	23	13	-24.77	-54.09	10.05	-11.25	-15.00	91	
6	23	18	-22.60	6.19	0.86	19.56	35.07	92	
6	23	23	6.06	5.35	3.67	1.68	-0.45	93	
6	23	28	5.23	4.91	1.45	-37.45	-40.09	94	
6	23	33	8.51	8.54	-1.75	45.46	35.67	95	
6	23	38	3.94	6.22	3.97	-2.32	-1.66	96	
6	23	43	2.56	3.95	4.29	-0.47	0.91	97	
6	27	3	3.32	3.46	4.07	-1.53	0.13	98	
6	27	8	-10.70	-18.86	0.61	-48.80	-40.59	99	
6	27	13	30.63	35.51	-0.83	43.99	20.46	100	
6	27	18	7.20	7.04	1.97	24.54	14.35	101	
6	27	23	7.90	18.42	7.00	-24.05	-37.34	102	
6	27	28	-1.00	-6.11	7.28	26.50	42.94	103	
6	27	33	5.67	10.49	3.22	3.01	-1.96	104	
6	27	38	2.64	4.28	2.98	-3.29	-0.31	105	
6	27	43	2.36	0.67	2.55	1.54	0.40	106	
6	31	3	31.60	15.64	0.57	-26.69	-4.47	107	
6	31	8	-30.00	-18.81	-0.59	37.54	13.71	108	
6	31	13	-4.61	-9.72	16.44	8.79	4.21	109	
6	31	18	6.17	22.01	2.13	-25.90	-40.28	110	
6	31	23	-3.08	-8.29	4.62	26.21	38.21	111	
6	31	28	7.60	8.64	4.61	-1.42	0.70	112	
6	31	33	4.71	4.59	4.12	1.13	2.82	113	
6	31	38	3.86	3.28	3.95	-1.14	2.09	114	
6	31	43	2.24	4.15	3.73	1.46	-0.73	115	
6	35	3	11.52	-0.03	13.59	-8.89	4.14	116	
6	35	8	-15.06	22.54	-1.15	-26.68	-12.23	117	
6	35	13	14.37	-2.11	-3.05	-1.62	-39.56	118	
6	35	18	-0.28	-8.50	-0.68	30.68	41.66	119	
6	35	23	8.26	10.68	3.94	2.98	-1.04	120	
6	35	28	2.14	1.80	3.92	0.08	-0.59	121	
6	35	33	5.81	4.51	4.59	1.56	-0.28	122	
6	35	38	4.81	3.53	4.73	-0.08	-0.67	123	
6	35	43	1.49	3.21	2.86	1.38	0.04	124	
6	39	3	11.38	2.76	7.99	-6.29	1.79	125	
6	39	8	-17.64	-29.70	-9.36	-1.78	55.47	126	
6	39	13	4.50	29.81	1.15	25.00	56.15	127	
6	39	18	1.97	6.20	4.08	1.16	0.63	128	
6	39	23	4.71	4.08	5.99	3.05	-2.32	129	
6	39	28	5.03	4.01	3.56	-0.26	0.31	130	
6	39	33	5.31	4.52	3.52	1.08	-2.25	131	
6	39	38	4.60	4.10	4.76	2.17	-1.79	132	
6	39	43	1.97	4.75	4.16	0.14	-0.23	133	
6	43	3	4.36	9.28	14.74	1.82	-4.33	134	
6	43	8	4.93	28.05	19.72	-2.41	-5.68	135	
6	43	13	3.87	8.19	16.30	-0.71	-8.93	136	
6	43	18	0.95	11.23	9.19	-1.53	-0.23	137	
6	43	23	3.76	10.15	10.08	1.25	-3.03	138	
6	43	28	3.32	2.52	4.61	-1.84	0.63	139	
6	43	33	2.39	0.83	0.20	-0.01	4.22	140	
6	43	38	5.01	7.44	7.07	1.51	1.50	141	
6	43	43	1.86	2.73	4.24	1.68	-0.00	142	
