143
diam	c	r	EConv0	EConv1	EConv2	OConv0	OConv1
6	3	3	0.78	5.76	-0.05	-2.95	-2.32	44	
6	3	8	6.33	5.69	2.16	7.82	4.57	45	
6	3	13	6.59	11.26	1.22	-4.35	-4.06	46	
6	3	18	-2.18	-6.98	7.32	20.95	6.31	47	
6	3	23	-49.10	-6.52	-6.44	-20.10	-29.18	48	
6	3	28	2.64	5.31	4.65	-4.80	2.78	49	
6	3	33	3.37	3.42	3.88	2.95	-2.33	50	
6	3	38	3.74	4.04	5.35	0.05	-0.30	51	
6	3	43	-0.69	3.23	3.19	0.10	2.58	52	
6	7	3	-6.96	-8.96	3.50	-4.11	-0.24	53	
6	7	8	4.60	3.17	2.32	-1.89	-0.30	54	
6	7	13	6.93	10.91	8.41	-36.04	-18.50	55	
6	7	18	12.79	15.46	2.20	8.88	6.39	56	
6	7	23	-79.69	-0.99	-13.74	-2.89	-23.59	57	
6	7	28	1.07	7.78	41.70	10.51	-35.96	58	
6	7	33	3.76	3.30	2.62	0.27	1.48	59	
6	7	38	2.84	3.43	2.46	2.02	-0.68	60	
6	7	43	-1.78	1.94	1.93	-0.66	-2.75	61	
6	11	3	6.10	4.29	1.02	9.53	4.94	62	
6	11	8	21.30	41.61	1.61	-20.26	-23.06	63	
6	11	13	-26.61	-73.72	-39.25	-23.01	-18.72	64	
6	11	18	39.53	-1.63	20.74	49.79	-19.20	65	
6	11	23	-38.39	-61.66	-2.39	-12.11	59.20	66	
6	11	28	-8.83	16.37	-36.53	46.55	61.50	67	
6	11	33	3.92	5.02	5.07	0.52	0.26	68	
6	11	38	3.62	3.47	2.99	-0.39	1.81	69	
6	11	43	0.30	1.26	6.70	6.05	-0.87	70	
6	15	3	5.46	5.50	3.66	1.10	0.36	71	
6	15	8	-43.79	-56.99	32.31	-7.15	-18.79	72	
6	15	13	37.05	54.60	17.29	-13.58	10.43	73	
6	15	18	22.91	6.22	0.17	20.96	6.55	74	
6	15	23	7.95	16.07	-1.75	7.95	8.45	75	
6	15	28	4.09	1.02	2.68	0.12	-2.65	76	
6	15	33	3.36	2.52	2.55	-1.22	1.16	77	
6	15	38	10.07	12.31	3.03	-9.09	-10.25	78	
6	15	43	7.34	7.51	-0.77	4.89	1.40	79	
6	19	3	9.03	8.43	3.97	-11.67	-5.84	80	
6	19	8	-18.04	26.04	-14.86	56.72	41.35	81	
6	19	13	-14.46	-30.48	10.55	-27.58	-25.08	82	
6	19	18	17.24	20.30	1.00	20.38	14.77	83	
6	19	23	3.13	3.20	2.89	-0.57	-3.30	84	
6	19	28	3.26	2.45	4.62	-0.76	-0.26	85	
6	19	33	5.57	7.58	3.79	-1.52	-2.09	86	
6	19	38	-4.23	-12.46	7.26	-4.55	0.84	87	
6	19	43	5.13	2.64	6.00	-0.32	1.69	88	
6	23	3	-7.49	-12.26	4.59	12.73	4.59	89	
6	23	8	-43.50	-53.61	-48.09	-9.89	10.10	90	
6	23	13	4.56	34.67	0.39	25.56	46.20	91	
6	23	18	3.56	5.83	6.88	-0.33	-3.06	92	
6	23	23	4.90	3.90	3.95	-0.64	1.07	93	
6	23	28	4.61	3.47	2.98	2.35	-1.06	94	
6	23	33	3.81	-0.32	2.82	-16.09	-16.90	95	
6	23	38	13.85	11.59	6.39	9.34	4.80	96	
6	23	43	7.77	6.30	2.60	2.42	2.49	97	
6	27	3	8.51	12.19	5.74	2.85	4.10	98	
6	27	8	6.37	27.45	12.72	-1.83	7.19	99	
6	27	13	1.35	-24.06	-11.67	-27.49	-58.58	100	
6	27	18	-13.44	-40.48	2.45	67.20	-49.61	101	
6	27	23	6.14	4.11	2.76	-2.70	0.59	102	
6	27	28	5.64	9.50	7.50	-10.37	-23.76	103	
6	27	33	7.20	9.64	3.30	13.53	15.19	104	
6	27	38	3.86	3.46	1.74	-2.15	3.07	105	
6	27	43	3.73	3.66	2.98	-1.14	-2.77	106	
6	31	3	3.66	4.10	4.01	-1.51	-0.50	107	
6	31	8	-16.75	-24.08	5.57	-45.68	-28.38	108	
6	31	13	16.03	46.28	16.37	17.22	30.86	109	
6	31	18	-24.23	19.63	-12.65	44.06	41.23	110	
6	31	23	9.11	19.69	9.56	-24.26	-35.15	111	
6	31	28	5.25	5.02	-0.97	26.38	24.53	112	
6	31	33	2.73	3.30	2.70	-0.17	-1.38	113	
6	31	38	5.27	3.49	6.41	0.43	-0.65	114	
6	31	43	4.76	5.15	4.65	-1.34	2.18	115	
6	35	3	16.40	12.53	1.36	-10.68	-1.65	116	
6	35	8	-26.45	-25.95	-15.63	42.71	-19.42	117	
6	35	13	15.00	-8.72	-25.15	9.71	-18.90	118	
6	35	18	7.47	5.21	-5.68	-13.32	-32.49	119	
6	35	23	3.38	10.55	1.75	21.81	39.93	120	
6	35	28	6.55	6.25	4.03	0.51	4.23	121	
6	35	33	4.86	4.20	4.80	-1.12	1.22	122	
6	35	38	4.58	3.86	3.39	0.62	0.75	123	
6	35	43	4.98	4.08	4.78	1.16	0.42	124	
6	39	3	19.10	32.12	14.42	-18.73	-17.09	125	
6	39	8	-16.29	31.75	6.06	30.69	-30.54	126	
6	39	13	-8.74	-58.82	-4.13	-3.20	-11.50	127	
6	39	18	2.75	25.17	4.36	16.72	30.81	128	
6	39	23	4.10	6.91	1.11	-3.95	-4.30	129	
6	39	28	3.77	1.89	8.31	2.03	-6.55	130	
6	39	33	2.85	3.28	3.65	2.78	-0.98	131	
6	39	38	3.94	4.54	3.33	0.42	-0.01	132	
6	39	43	3.96	3.35	3.21	0.21	-0.70	133	
6	43	3	-3.55	-39.53	3.45	-49.08	37.07	134	
6	43	8	8.10	39.67	15.09	25.61	76.54	135	
6	43	13	7.59	27.05	5.59	7.54	12.06	136	
6	43	18	2.67	3.01	1.74	-2.25	1.77	137	
6	43	23	5.94	-1.67	1.06	-32.06	-31.37	138	
6	43	28	18.03	-12.53	-4.56	48.79	-1.34	139	
6	43	33	2.02	3.35	3.01	1.73	-0.88	140	
6	43	38	3.89	4.19	3.80	-1.99	-0.53	141	
6	43	43	4.18	5.03	5.15	1.49	-0.41	142	
