143
diam	c	r	EConv0	EConv1	EConv2	OConv0	OConv1
6	3	3	4.46	3.52	4.25	-1.28	-1.34	44	
6	3	8	3.79	3.54	3.56	0.46	0.13	45	
6	3	13	4.70	4.95	3.38	-0.04	0.82	46	
6	3	18	4.80	5.51	7.65	1.62	1.05	47	
6	3	23	18.45	7.52	5.95	-8.99	1.18	48	
6	3	28	20.08	4.31	3.71	37.06	0.65	49	
6	3	33	0.67	40.72	16.42	-13.21	-29.54	50	
6	3	38	-2.00	34.05	35.38	1.08	-56.39	51	
6	3	43	8.42	4.87	10.01	0.04	-1.33	52	
6	7	3	2.43	3.06	2.54	-1.89	0.96	53	
6	7	8	2.09	5.60	4.46	0.51	-1.77	54	
6	7	13	2.88	2.05	5.25	-0.75	0.87	55	
6	7	18	1.33	3.76	0.83	2.46	1.47	56	
6	7	23	9.37	2.03	5.42	-3.52	0.60	57	
6	7	28	27.41	2.98	4.91	18.44	-18.18	58	
6	7	33	6.81	9.43	15.52	3.46	55.64	59	
6	7	38	14.19	27.37	41.21	-7.18	54.71	60	
6	7	43	-5.09	2.56	-17.79	29.56	-12.44	61	
6	11	3	3.40	3.39	4.55	-0.35	-0.96	62	
6	11	8	2.98	2.01	1.26	-3.99	2.91	63	
6	11	13	3.76	1.74	0.43	4.61	-3.65	64	
6	11	18	4.18	3.77	4.22	0.76	-0.27	65	
6	11	23	14.00	16.40	2.47	-3.37	-7.06	66	
6	11	28	17.39	2.86	2.58	57.99	10.05	67	
6	11	33	1.46	2.79	2.39	-3.24	-1.27	68	
6	11	38	4.72	4.32	4.12	-1.06	-1.99	69	
6	11	43	-30.63	-2.48	-6.33	-11.78	-0.20	70	
6	15	3	4.61	4.44	4.60	-1.85	0.61	71	
6	15	8	2.82	2.29	3.45	1.33	-0.47	72	
6	15	13	2.94	3.64	5.50	-2.05	2.22	73	
6	15	18	2.29	0.35	0.45	0.60	1.02	74	
6	15	23	5.94	-0.23	8.13	-6.63	4.97	75	
6	15	28	7.47	6.42	3.48	23.33	1.19	76	
6	15	33	2.99	4.90	5.49	-0.59	0.33	77	
6	15	38	2.51	2.74	4.19	0.07	0.91	78	
6	15	43	-29.63	-12.18	6.88	3.87	-1.82	79	
6	19	3	4.49	2.82	2.39	0.30	1.55	80	
6	19	8	5.98	5.31	3.94	-0.60	1.54	81	
6	19	13	3.68	4.01	4.23	2.14	-1.19	82	
6	19	18	6.68	18.70	-0.51	-5.22	-5.68	83	
6	19	23	9.67	0.52	18.16	5.48	-7.63	84	
6	19	28	4.62	-4.50	10.65	31.11	-9.32	85	
6	19	33	3.58	5.04	1.23	-4.40	-3.06	86	
6	19	38	15.65	15.46	1.51	-8.00	-6.77	87	
6	19	43	10.30	9.29	1.06	34.75	21.21	88	
6	23	3	3.69	2.02	1.84	-3.15	-1.42	89	
6	23	8	12.73	33.67	0.68	-12.02	-21.50	90	
6	23	13	17.84	-12.34	26.12	26.60	-12.31	91	
6	23	18	-6.61	-41.91	13.81	-37.16	-6.75	92	
6	23	23	14.36	19.70	-1.88	14.88	6.26	93	
6	23	28	-7.02	5.05	1.73	35.89	1.12	94	
6	23	33	4.03	4.94	5.69	-2.04	3.16	95	
6	23	38	-4.84	-18.50	13.48	-10.91	-1.87	96	
6	23	43	6.24	7.24	2.89	2.83	1.54	97	
6	27	3	18.32	33.53	0.60	-15.46	-15.53	98	
6	27	8	-22.48	-79.75	26.53	14.68	-0.73	99	
6	27	13	24.10	45.28	-1.99	-0.70	-8.17	100	
6	27	18	7.91	-7.69	-28.94	20.33	-20.71	101	
6	27	23	19.47	0.92	-9.34	30.86	11.37	102	
6	27	28	-11.19	4.06	-2.86	19.73	-0.92	103	
6	27	33	-1.18	-9.38	3.26	-13.44	-16.43	104	
6	27	38	11.56	15.31	5.18	6.30	8.27	105	
6	27	43	4.87	4.22	2.92	1.43	-0.99	106	
6	31	3	-16.22	-45.71	18.03	-41.56	-1.69	107	
6	31	8	21.92	66.16	2.09	9.71	-0.07	108	
6	31	13	2.74	-1.69	9.80	13.38	20.80	109	
6	31	18	-14.77	35.62	12.22	-6.38	-42.28	110	
6	31	23	3.92	1.63	4.21	-0.45	-2.16	111	
6	31	28	-36.57	-39.50	-18.40	10.76	-12.14	112	
6	31	33	6.11	15.11	4.67	4.90	13.62	113	
6	31	38	7.99	5.54	4.78	0.78	1.67	114	
6	31	43	3.32	2.13	4.26	0.94	1.24	115	
6	35	3	-34.07	-37.11	-32.58	-12.29	42.93	116	
6	35	8	10.14	40.53	1.46	16.51	22.07	117	
6	35	13	-9.73	-51.25	-4.24	-1.43	-7.62	118	
6	35	18	-10.76	28.84	31.63	-5.39	16.56	119	
6	35	23	-4.13	-29.76	1.59	7.32	-1.03	120	
6	35	28	-13.91	10.75	-4.67	23.51	2.27	121	
6	35	33	2.37	1.44	2.56	-1.97	-0.53	122	
6	35	38	8.23	42.94	10.73	-8.62	-33.55	123	
6	35	43	-14.25	18.35	38.72	18.30	-75.39	124	
6	39	3	11.21	25.04	0.42	-7.35	-11.43	125	
6	39	8	-2.49	-14.89	8.98	1.79	0.93	126	
6	39	13	1.95	-21.93	2.81	-12.61	-40.86	127	
6	39	18	7.11	10.82	-0.54	26.66	43.92	128	
6	39	23	3.70	9.17	2.59	2.22	1.48	129	
6	39	28	-10.08	0.42	2.07	11.17	0.98	130	
6	39	33	19.91	2.85	0.22	-14.40	-2.52	131	
6	39	38	5.26	6.84	21.05	7.51	48.57	132	
6	39	43	-47.59	-3.57	11.33	-26.48	45.71	133	
6	43	3	-30.29	-72.31	-44.85	-69.77	-13.74	134	
6	43	8	-0.77	-49.22	-26.03	26.98	50.17	135	
6	43	13	6.63	36.14	4.32	14.61	21.43	136	
6	43	18	-0.33	0.04	2.29	-1.25	3.78	137	
6	43	23	-0.40	20.55	7.56	-4.82	-9.35	138	
6	43	28	-22.55	-4.85	4.64	15.88	-11.12	139	
6	43	33	8.09	10.81	3.34	-1.23	-2.77	140	
6	43	38	8.29	-3.28	4.02	-4.17	-2.57	141	
6	43	43	0.85	14.08	2.55	25.96	22.45	142	
