143
diam	c	r	EConv0	EConv1	EConv2	OConv0	OConv1
6	3	3	4.78	3.39	2.85	2.09	2.02	44	
6	3	8	3.54	6.69	3.22	-2.07	2.83	45	
6	3	13	3.96	2.10	5.65	-0.04	2.28	46	
6	3	18	4.26	4.14	3.69	-1.44	1.50	47	
6	3	23	4.43	2.94	3.70	1.30	1.96	48	
6	3	28	3.74	4.84	1.86	2.83	-0.70	49	
6	3	33	5.25	1.84	8.84	-6.03	3.72	50	
6	3	38	3.97	-0.68	-13.07	-3.58	12.21	51	
6	3	43	6.21	-1.37	13.99	15.10	-11.81	52	
6	7	3	5.21	3.50	4.83	-0.03	-0.77	53	
6	7	8	6.59	4.17	5.72	-3.62	1.07	54	
6	7	13	6.52	6.34	3.25	-1.12	-3.18	55	
6	7	18	5.48	3.01	4.18	0.31	-2.45	56	
6	7	23	6.35	6.90	2.96	-0.25	-7.36	57	
6	7	28	1.92	-8.46	-0.53	13.47	-5.22	58	
6	7	33	2.90	4.46	2.48	1.04	1.02	59	
6	7	38	4.92	4.49	4.07	3.59	-0.73	60	
6	7	43	-15.51	9.03	-8.34	3.03	-2.01	61	
6	11	3	4.32	3.11	1.39	-0.30	1.17	62	
6	11	8	3.15	1.02	3.91	-2.11	-1.83	63	
6	11	13	3.93	3.27	4.71	-1.02	1.44	64	
6	11	18	4.03	6.66	3.51	-0.39	-0.16	65	
6	11	23	-6.61	-4.27	5.29	-0.94	-4.60	66	
6	11	28	-1.25	2.65	3.05	5.77	-7.03	67	
6	11	33	4.72	4.20	6.48	-0.65	-0.95	68	
6	11	38	4.99	6.46	2.85	0.45	-1.68	69	
6	11	43	-38.86	-12.44	-6.32	-15.18	-11.09	70	
6	15	3	2.30	1.18	3.60	-3.14	-0.62	71	
6	15	8	4.14	6.64	4.55	-2.46	1.39	72	
6	15	13	0.59	2.88	3.01	-0.97	-3.85	73	
6	15	18	10.95	11.17	6.21	-9.06	-5.62	74	
6	15	23	9.76	15.39	6.11	0.12	3.55	75	
6	15	28	1.48	1.16	0.90	7.83	2.57	76	
6	15	33	4.08	3.82	3.99	0.30	-0.74	77	
6	15	38	4.75	6.57	4.72	3.69	-1.47	78	
6	15	43	-66.82	-24.08	0.75	10.95	-15.98	79	
6	19	3	0.99	9.36	8.54	-3.35	-9.65	80	
6	19	8	6.89	32.62	8.34	-14.39	-25.83	81	
6	19	13	5.32	6.19	17.86	6.20	-22.12	82	
6	19	18	-5.39	14.68	4.76	-22.16	-24.57	83	
6	19	23	-15.62	-8.15	26.63	6.55	-29.40	84	
6	19	28	4.79	8.61	6.54	0.74	-0.96	85	
6	19	33	1.42	13.38	10.53	1.11	-13.33	86	
6	19	38	24.25	27.60	4.08	-25.80	-19.37	87	
6	19	43	-31.26	-14.27	-4.24	74.45	8.43	88	
6	23	3	11.33	17.17	-1.89	-13.48	6.22	89	
6	23	8	-0.36	-58.11	-2.18	-11.74	24.57	90	
6	23	13	33.24	44.00	7.09	14.68	8.90	91	
6	23	18	14.41	-23.59	32.69	-1.63	14.08	92	
6	23	23	-32.65	8.77	-41.51	2.65	16.07	93	
6	23	28	6.31	1.46	-0.19	7.55	9.17	94	
6	23	33	-1.17	2.26	4.04	-4.84	23.68	95	
6	23	38	3.61	-1.03	9.22	-57.30	-23.75	96	
6	23	43	25.77	16.73	-5.34	43.01	39.61	97	
6	27	3	23.70	7.93	10.77	-34.86	-2.74	98	
6	27	8	24.56	19.95	17.71	-27.39	-53.97	99	
6	27	13	-8.95	-52.41	-22.13	27.22	27.07	100	
6	27	18	12.50	42.60	4.86	-15.98	-31.92	101	
6	27	23	-14.78	-29.93	-1.96	24.21	29.99	102	
6	27	28	7.87	6.04	3.29	7.58	-1.11	103	
6	27	33	-0.43	10.50	-3.12	-37.28	-49.92	104	
6	27	38	-16.58	-29.04	-2.64	43.56	47.97	105	
6	27	43	5.44	10.48	2.17	2.27	1.36	106	
6	31	3	18.41	-11.58	9.03	-34.85	11.66	107	
6	31	8	4.76	30.59	13.00	17.89	65.55	108	
6	31	13	10.67	11.21	8.10	4.80	12.34	109	
6	31	18	-0.08	30.98	26.31	8.04	32.22	110	
6	31	23	5.37	15.54	1.81	-2.20	5.05	111	
6	31	28	7.76	27.96	5.25	-31.28	-59.20	112	
6	31	33	-8.01	-27.53	2.91	28.55	37.93	113	
6	31	38	8.14	15.28	0.45	15.94	8.85	114	
6	31	43	3.09	3.22	5.92	0.31	6.01	115	
6	35	3	6.61	11.94	5.54	-7.77	-1.76	116	
6	35	8	0.77	32.75	5.62	-26.43	-61.04	117	
6	35	13	10.65	-10.95	31.22	34.28	-30.58	118	
6	35	18	12.33	32.88	6.95	-14.20	-13.94	119	
6	35	23	2.24	-30.98	8.51	-31.15	-68.05	120	
6	35	28	7.44	14.99	7.19	41.08	63.70	121	
6	35	33	-0.93	11.20	9.19	2.42	7.41	122	
6	35	38	0.10	2.26	0.19	7.70	3.05	123	
6	35	43	4.25	3.92	1.38	-0.73	-1.68	124	
6	39	3	6.16	4.94	-10.59	-53.25	-41.08	125	
6	39	8	6.47	4.17	13.08	24.75	54.25	126	
6	39	13	-13.05	18.76	-33.69	4.41	-41.25	127	
6	39	18	-5.37	-82.79	-20.19	15.66	14.65	128	
6	39	23	6.21	93.74	0.93	10.01	19.76	129	
6	39	28	4.78	5.02	46.35	17.04	-38.04	130	
6	39	33	1.06	0.96	0.38	1.95	2.22	131	
6	39	38	5.69	3.82	5.14	1.70	2.44	132	
6	39	43	4.49	2.29	4.52	3.46	0.19	133	
6	43	3	-15.79	-5.47	-18.34	-64.30	17.77	134	
6	43	8	-2.67	-77.57	-30.94	3.27	2.02	135	
6	43	13	-0.21	4.83	-4.50	33.27	71.63	136	
6	43	18	5.19	24.77	0.72	17.02	15.88	137	
6	43	23	2.47	-44.27	21.54	-73.70	57.02	138	
6	43	28	6.22	25.91	-39.97	63.31	61.65	139	
6	43	33	4.15	5.09	5.75	-0.09	1.01	140	
6	43	38	4.21	4.53	4.62	-0.06	1.81	141	
6	43	43	3.57	6.70	3.71	1.52	2.96	142	
