143
diam	c	r	EConv0	EConv1	EConv2	OConv0	OConv1
6	3	3	4.73	2.73	4.86	1.56	-0.26	44	
6	3	8	3.59	4.58	4.68	-0.56	0.07	45	
6	3	13	2.94	3.51	2.14	-3.32	1.00	46	
6	3	18	8.90	4.12	4.80	-15.57	-0.63	47	
6	3	23	5.23	3.17	5.13	9.61	-4.54	48	
6	3	28	2.49	2.85	2.88	1.70	-1.11	49	
6	3	33	2.11	2.33	4.41	-0.48	-1.73	50	
6	3	38	2.74	4.28	4.07	-1.61	0.65	51	
6	3	43	-14.29	2.59	2.84	-3.91	-22.01	52	
6	7	3	1.72	2.95	3.28	3.24	-2.87	53	
6	7	8	8.95	11.02	-0.13	-9.79	-3.12	54	
6	7	13	10.38	-5.77	13.23	6.26	-9.12	55	
6	7	18	-44.28	-30.75	-49.25	-35.79	-64.41	56	
6	7	23	10.96	4.69	3.96	11.90	5.56	57	
6	7	28	3.75	4.14	1.71	-0.24	0.79	58	
6	7	33	4.24	4.34	3.63	1.80	1.13	59	
6	7	38	4.46	4.39	3.61	-0.53	0.23	60	
6	7	43	-31.10	-14.68	-2.20	11.63	11.88	61	
6	11	3	0.30	2.55	1.96	2.24	2.16	62	
6	11	8	0.29	7.20	6.48	-44.36	-49.90	63	
6	11	13	26.18	16.75	11.67	17.71	0.65	64	
6	11	18	-7.90	18.06	39.42	-39.17	21.25	65	
6	11	23	10.49	7.72	5.20	7.97	-0.38	66	
6	11	28	3.78	2.75	4.59	-1.65	-1.43	67	
6	11	33	4.45	3.48	4.18	1.75	-0.09	68	
6	11	38	10.14	10.56	1.42	-8.79	-3.09	69	
6	11	43	8.51	9.62	2.23	22.74	6.33	70	
6	15	3	14.79	40.17	-4.78	-58.04	-66.77	71	
6	15	8	27.45	-8.09	7.41	42.99	52.35	72	
6	15	13	4.48	-6.40	-29.24	3.89	-44.15	73	
6	15	18	6.43	-10.25	-1.21	35.11	22.26	74	
6	15	23	5.75	3.82	1.56	4.56	-1.27	75	
6	15	28	5.15	4.11	4.80	0.55	1.00	76	
6	15	33	4.03	4.66	3.21	1.83	-0.71	77	
6	15	38	-4.89	-2.77	1.93	-21.28	-12.72	78	
6	15	43	10.29	7.17	2.69	4.25	3.33	79	
6	19	3	-88.47	-37.50	-34.38	-44.40	26.45	80	
6	19	8	11.39	11.40	3.90	6.19	1.82	81	
6	19	13	-2.22	22.81	23.42	-0.52	38.00	82	
6	19	18	11.01	19.99	2.54	-5.61	1.99	83	
6	19	23	8.21	3.35	6.19	3.95	-0.49	84	
6	19	28	4.42	2.13	3.29	1.47	0.38	85	
6	19	33	9.46	14.97	1.10	-8.91	-6.96	86	
6	19	38	-4.26	-5.13	6.01	18.75	14.63	87	
6	19	43	4.69	4.82	3.12	-1.52	-0.61	88	
6	23	3	15.94	-1.05	19.69	-61.17	36.42	89	
6	23	8	22.72	-3.28	18.44	24.75	-11.73	90	
6	23	13	11.75	33.92	2.47	-22.90	-23.54	91	
6	23	18	-10.93	-38.06	-17.43	-20.19	-62.60	92	
6	23	23	20.81	4.44	8.42	11.54	-0.52	93	
6	23	28	4.67	5.24	4.01	1.14	-0.39	94	
6	23	33	-16.90	-27.67	7.27	-12.30	-13.15	95	
6	23	38	7.53	9.15	1.43	4.51	4.43	96	
6	23	43	4.52	3.42	5.14	-0.20	-0.24	97	
6	27	3	7.71	2.20	11.61	-4.04	0.03	98	
6	27	8	12.55	32.74	-6.23	4.11	6.88	99	
6	27	13	-33.94	-77.54	-2.17	-16.98	-17.66	100	
6	27	18	13.41	28.40	10.27	-14.59	47.20	101	
6	27	23	17.23	8.78	4.80	7.94	-2.31	102	
6	27	28	0.48	0.93	0.63	-25.37	-32.01	103	
6	27	33	8.93	17.65	-2.65	22.69	22.63	104	
6	27	38	4.11	4.76	5.02	-0.28	-1.37	105	
6	27	43	3.18	3.41	3.02	0.54	-0.45	106	
6	31	3	4.80	4.26	2.66	-0.51	0.99	107	
6	31	8	-8.89	-13.68	-4.23	-50.81	-30.28	108	
6	31	13	16.60	42.80	6.11	17.46	32.53	109	
6	31	18	2.37	-1.30	6.31	2.45	5.92	110	
6	31	23	11.77	8.80	1.74	-23.09	-29.88	111	
6	31	28	4.43	9.12	2.75	27.91	32.00	112	
6	31	33	3.76	3.99	3.51	0.42	0.18	113	
6	31	38	2.77	3.16	3.56	0.60	0.85	114	
6	31	43	2.82	4.32	2.74	-0.66	-0.77	115	
6	35	3	4.57	4.12	4.60	-1.79	-0.30	116	
6	35	8	-36.18	-13.31	23.85	36.81	2.88	117	
6	35	13	12.20	45.73	20.59	-16.22	-22.21	118	
6	35	18	10.15	-6.80	14.15	-13.13	-34.63	119	
6	35	23	12.37	12.67	9.86	27.26	26.94	120	
6	35	28	5.52	5.19	5.24	0.82	-2.31	121	
6	35	33	4.03	3.76	3.71	-0.33	0.41	122	
6	35	38	2.58	2.74	3.30	2.40	0.79	123	
6	35	43	2.10	2.43	3.09	-1.80	2.58	124	
6	39	3	21.85	10.72	5.37	-8.25	0.52	125	
6	39	8	-21.39	-39.33	-55.81	29.80	-35.70	126	
6	39	13	-5.37	-82.32	-23.93	7.44	50.29	127	
6	39	18	22.34	40.90	5.69	15.16	35.28	128	
6	39	23	9.34	5.63	6.52	8.34	1.04	129	
6	39	28	1.68	2.58	2.74	1.83	1.40	130	
6	39	33	4.81	3.84	3.72	-0.18	-0.04	131	
6	39	38	3.79	4.62	3.58	1.71	-0.84	132	
6	39	43	3.14	3.83	4.34	-1.03	-1.75	133	
6	43	3	8.64	0.94	6.83	0.05	-2.70	134	
6	43	8	3.39	48.59	17.96	18.34	54.32	135	
6	43	13	6.04	11.21	2.17	5.16	4.10	136	
6	43	18	7.11	2.90	4.26	-3.51	-0.77	137	
6	43	23	7.58	2.47	2.75	9.86	2.30	138	
6	43	28	3.41	6.21	3.43	0.56	-0.84	139	
6	43	33	3.56	3.32	3.25	-0.68	-2.92	140	
6	43	38	4.03	4.26	4.11	-0.11	-1.31	141	
6	43	43	1.94	2.87	3.51	0.71	-0.78	142	
