143
diam	c	r	EConv0	EConv1	EConv2	OConv0	OConv1
6	3	3	4.43	6.60	1.60	-0.92	0.34	44	
6	3	8	4.00	2.31	4.97	1.60	0.61	45	
6	3	13	9.69	19.35	4.86	-11.17	-18.39	46	
6	3	18	-3.50	-8.20	2.15	-25.32	-35.05	47	
6	3	23	-1.37	-13.26	7.84	18.80	23.80	48	
6	3	28	8.69	14.41	-0.75	15.22	19.11	49	
6	3	33	1.85	3.25	1.84	0.85	-0.44	50	
6	3	38	2.56	4.14	3.91	-0.11	1.88	51	
6	3	43	7.97	9.29	6.97	2.40	4.48	52	
6	7	3	4.60	2.46	6.65	-3.08	1.90	53	
6	7	8	10.12	19.25	0.65	-13.59	-13.90	54	
6	7	13	1.71	-6.45	0.47	-28.58	-32.90	55	
6	7	18	-4.17	-18.73	5.86	26.94	23.54	56	
6	7	23	4.77	19.15	3.20	19.27	17.92	57	
6	7	28	4.99	8.77	9.35	-2.50	0.09	58	
6	7	33	0.43	3.49	1.41	-1.37	3.52	59	
6	7	38	6.81	3.52	5.70	-0.80	4.40	60	
6	7	43	10.52	14.43	3.04	-10.57	-18.46	61	
6	11	3	6.44	13.32	-0.52	-10.60	-10.28	62	
6	11	8	-0.44	-6.18	3.96	-28.28	-31.74	63	
6	11	13	-2.57	-13.50	5.84	9.12	17.34	64	
6	11	18	15.50	26.67	2.36	22.39	24.10	65	
6	11	23	0.24	7.44	-0.26	-11.79	-25.19	66	
6	11	28	-1.73	-4.91	7.34	13.74	-32.61	67	
6	11	33	5.99	0.04	4.68	0.73	-0.94	68	
6	11	38	11.03	12.40	2.12	-6.21	-12.29	69	
6	11	43	-1.01	-2.43	-2.03	-27.29	-29.89	70	
6	15	3	7.39	3.48	-2.21	-40.08	-12.20	71	
6	15	8	-7.04	-17.82	3.26	14.79	12.36	72	
6	15	13	4.39	10.58	1.14	20.15	28.29	73	
6	15	18	7.90	10.24	0.50	-24.26	-22.70	74	
6	15	23	2.96	-0.91	-1.51	-5.54	-11.24	75	
6	15	28	-14.37	-7.78	-1.74	29.94	-7.05	76	
6	15	33	13.53	10.71	8.54	6.31	-2.30	77	
6	15	38	1.92	10.28	1.05	-29.09	-25.86	78	
6	15	43	-0.06	-6.30	4.28	-5.98	1.73	79	
6	19	3	2.19	-8.97	11.70	-19.24	19.75	80	
6	19	8	1.38	15.14	-1.41	20.54	35.96	81	
6	19	13	9.95	22.82	4.11	-15.91	-16.10	82	
6	19	18	-9.49	-17.65	3.19	-7.20	-6.31	83	
6	19	23	11.50	8.41	9.50	-12.10	11.63	84	
6	19	28	-5.46	-3.68	-2.75	41.04	25.58	85	
6	19	33	15.34	24.81	2.42	-23.99	-16.88	86	
6	19	38	-12.88	-27.57	7.39	-2.50	-3.93	87	
6	19	43	11.42	15.71	-3.34	-15.87	15.44	88	
6	23	3	1.44	4.27	4.92	3.07	3.13	89	
6	23	8	9.64	14.65	1.51	-13.78	-8.73	90	
6	23	13	-5.39	-12.51	4.59	-19.97	-19.90	91	
6	23	18	11.85	14.67	3.76	7.94	8.52	92	
6	23	23	-7.35	-13.35	0.10	4.03	0.57	93	
6	23	28	16.56	29.16	0.84	10.75	1.95	94	
6	23	33	-8.68	-21.57	2.27	-24.47	-22.20	95	
6	23	38	8.31	9.88	-0.42	31.43	31.09	96	
6	23	43	-0.64	5.14	6.91	-40.23	-16.48	97	
6	27	3	1.14	4.52	1.33	0.71	0.77	98	
6	27	8	9.25	11.13	2.82	-37.34	-15.52	99	
6	27	13	-2.17	-4.40	-0.84	14.86	15.33	100	
6	27	18	2.47	-3.50	3.18	-9.96	-2.19	101	
6	27	23	6.30	17.04	8.53	20.52	11.07	102	
6	27	28	3.27	-0.88	4.47	-26.88	-23.10	103	
6	27	33	-2.04	-7.05	9.57	26.71	25.53	104	
6	27	38	20.73	28.30	-1.17	-12.51	-2.43	105	
6	27	43	-21.86	-19.38	3.54	-14.56	-13.47	106	
6	31	3	4.41	3.40	3.72	-4.00	-0.55	107	
6	31	8	-6.83	-5.55	-0.73	-37.85	-10.65	108	
6	31	13	15.26	15.20	8.26	5.70	-15.37	109	
6	31	18	1.21	6.09	11.54	15.79	-4.86	110	
6	31	23	0.49	1.53	-4.10	-11.63	-14.00	111	
6	31	28	0.32	-10.67	4.53	6.12	11.87	112	
6	31	33	6.75	11.09	0.43	28.61	16.87	113	
6	31	38	13.06	9.34	1.60	-53.95	-13.24	114	
6	31	43	-16.63	-15.19	4.84	32.92	9.08	115	
6	35	3	4.76	3.88	3.79	-0.29	-2.54	116	
6	35	8	-4.76	-0.01	-1.27	-36.23	7.26	117	
6	35	13	-1.04	0.84	3.19	3.30	-8.70	118	
6	35	18	0.82	2.44	-3.96	1.25	-16.32	119	
6	35	23	0.35	-11.90	7.14	18.68	10.61	120	
6	35	28	5.00	12.00	3.52	10.94	21.41	121	
6	35	33	9.55	10.05	3.07	7.66	2.03	122	
6	35	38	3.58	1.37	6.69	-55.36	-11.13	123	
6	35	43	-5.13	-1.62	0.57	57.11	24.20	124	
6	39	3	3.44	3.74	3.20	-4.49	1.91	125	
6	39	8	10.54	-1.60	11.66	-23.02	22.46	126	
6	39	13	-3.44	-10.69	-8.13	0.41	29.53	127	
6	39	18	-0.56	-4.54	-4.66	12.77	37.61	128	
6	39	23	6.63	14.07	1.29	17.46	16.56	129	
6	39	28	5.73	5.36	6.15	0.91	-1.05	130	
6	39	33	13.90	10.72	1.91	-4.58	-5.23	131	
6	39	38	-16.19	-13.00	5.36	-30.51	-10.04	132	
6	39	43	9.30	13.60	1.89	45.84	17.87	133	
6	43	3	2.46	3.25	3.76	-3.19	-0.93	134	
6	43	8	7.29	4.52	8.87	-1.35	2.98	135	
6	43	13	-1.30	12.17	10.42	3.35	14.58	136	
6	43	18	5.75	13.17	9.24	-1.24	11.97	137	
6	43	23	5.35	6.09	3.08	-1.26	1.78	138	
6	43	28	0.71	1.73	2.95	8.57	-0.60	139	
6	43	33	16.92	13.92	5.12	-28.97	-5.13	140	
6	43	38	-24.13	-10.43	2.14	5.40	-0.37	141	
6	43	43	12.26	10.21	2.45	16.77	5.37	142	
