143
diam	c	r	EConv0	EConv1	EConv2	OConv0	OConv1
6	3	3	2.39	2.63	2.71	1.70	0.81	44	
6	3	8	2.44	2.44	2.37	0.71	0.47	45	
6	3	13	2.65	3.36	1.75	2.73	0.26	46	
6	3	18	1.97	2.20	3.17	-0.13	-0.67	47	
6	3	23	2.39	2.33	3.06	1.05	0.90	48	
6	3	28	1.34	3.38	1.74	-2.14	-1.39	49	
6	3	33	4.00	3.30	3.84	0.26	-0.33	50	
6	3	38	4.98	4.92	5.99	0.93	0.62	51	
6	3	43	3.89	3.22	2.19	1.23	-0.18	52	
6	7	3	2.19	2.79	2.75	1.63	0.75	53	
6	7	8	1.58	2.38	2.23	0.42	0.05	54	
6	7	13	3.44	3.41	2.23	-1.09	-0.02	55	
6	7	18	2.79	2.59	2.30	1.33	-0.24	56	
6	7	23	3.30	3.10	2.31	0.99	0.07	57	
6	7	28	1.87	1.59	2.24	-3.58	-0.68	58	
6	7	33	7.71	13.91	0.01	-5.63	-12.26	59	
6	7	38	-0.08	-6.37	10.87	9.96	-19.68	60	
6	7	43	4.25	2.03	2.91	1.71	-1.28	61	
6	11	3	1.50	3.35	3.65	2.23	-1.02	62	
6	11	8	2.33	3.93	1.00	-2.04	-1.07	63	
6	11	13	4.80	2.40	3.61	1.51	-1.05	64	
6	11	18	2.50	3.92	5.48	2.45	-6.35	65	
6	11	23	4.45	0.34	3.91	1.28	0.13	66	
6	11	28	4.40	4.88	4.53	-4.45	-4.90	67	
6	11	33	-8.70	-25.17	-4.10	-15.91	-15.13	68	
6	11	38	6.49	9.97	-4.98	24.67	19.35	69	
6	11	43	3.10	3.24	2.29	0.83	-0.73	70	
6	15	3	1.35	1.84	-0.38	-1.56	0.81	71	
6	15	8	5.05	4.55	4.95	-2.45	1.19	72	
6	15	13	4.17	12.39	0.16	-21.65	-28.70	73	
6	15	18	2.41	-11.27	6.40	30.11	-13.26	74	
6	15	23	4.84	7.87	-1.84	-1.83	-5.53	75	
6	15	28	-2.79	0.38	-2.40	-24.05	-24.45	76	
6	15	33	5.06	7.14	2.02	20.13	19.61	77	
6	15	38	3.89	5.36	3.00	1.73	0.36	78	
6	15	43	2.27	2.59	1.69	-0.25	1.76	79	
6	19	3	3.40	2.52	4.36	-0.74	-0.84	80	
6	19	8	10.68	11.06	-1.35	-18.86	-16.18	81	
6	19	13	-4.39	-16.46	1.52	5.92	8.84	82	
6	19	18	3.11	6.93	0.33	29.06	11.07	83	
6	19	23	6.28	12.04	0.99	-24.25	-18.85	84	
6	19	28	-7.42	-11.59	2.41	28.59	22.42	85	
6	19	33	4.83	7.76	5.09	2.32	5.17	86	
6	19	38	2.57	3.56	2.23	-3.78	1.44	87	
6	19	43	3.39	2.36	3.33	0.39	2.01	88	
6	23	3	3.94	4.26	1.52	-3.93	-2.28	89	
6	23	8	-7.49	-11.13	6.42	-16.13	-1.73	90	
6	23	13	10.84	20.10	3.56	-14.62	0.13	91	
6	23	18	21.13	32.05	3.77	0.15	-10.51	92	
6	23	23	-15.28	-31.61	6.50	8.59	4.50	93	
6	23	28	5.96	13.11	6.96	5.15	3.66	94	
6	23	33	1.67	3.33	1.42	1.81	-0.14	95	
6	23	38	0.83	0.61	1.51	0.82	-0.80	96	
6	23	43	3.69	2.97	2.53	-0.20	-0.86	97	
6	27	3	8.80	5.71	2.98	-9.55	1.14	98	
6	27	8	-5.74	-6.22	2.26	18.82	6.27	99	
6	27	13	-7.86	-0.12	6.38	-6.89	-8.25	100	
6	27	18	-11.67	-28.99	0.52	-11.38	-17.72	101	
6	27	23	13.09	19.20	-0.36	19.18	16.49	102	
6	27	28	4.83	7.27	3.95	-3.74	3.39	103	
6	27	33	0.53	1.95	-4.21	1.00	1.33	104	
6	27	38	1.74	1.58	2.78	1.50	0.38	105	
6	27	43	3.84	2.04	2.98	1.14	-0.31	106	
6	31	3	4.20	0.52	5.44	-6.95	-0.33	107	
6	31	8	17.64	17.29	-7.70	-11.02	5.45	108	
6	31	13	0.79	-23.05	-4.97	5.96	-6.81	109	
6	31	18	5.47	12.95	3.87	27.11	32.71	110	
6	31	23	2.89	4.46	0.58	2.97	2.26	111	
6	31	28	11.13	12.31	-4.33	-13.56	-8.62	112	
6	31	33	2.12	-11.89	24.87	21.58	-31.71	113	
6	31	38	3.03	1.93	2.51	2.19	0.73	114	
6	31	43	3.94	2.95	2.84	1.91	0.67	115	
6	35	3	1.39	1.47	2.36	0.46	2.12	116	
6	35	8	6.26	-3.04	13.94	-11.47	8.30	117	
6	35	13	2.71	22.63	7.17	10.22	37.90	118	
6	35	18	2.79	5.26	0.88	2.89	2.81	119	
6	35	23	1.74	2.49	2.46	0.29	0.79	120	
6	35	28	19.85	-5.56	9.62	-30.27	2.82	121	
6	35	33	10.77	14.55	-13.44	39.64	31.78	122	
6	35	38	3.91	4.93	1.44	0.36	-0.34	123	
6	35	43	4.06	2.72	3.13	1.15	0.26	124	
6	39	3	2.10	2.47	2.44	0.89	0.08	125	
6	39	8	3.80	4.95	4.50	-1.63	3.34	126	
6	39	13	2.87	0.62	0.80	2.90	-1.03	127	
6	39	18	2.79	2.75	1.86	-2.86	-0.08	128	
6	39	23	0.97	0.88	2.11	3.39	-0.50	129	
6	39	28	2.91	6.54	11.02	-0.73	7.45	130	
6	39	33	0.73	7.29	-0.50	-0.06	3.51	131	
6	39	38	1.98	2.12	3.39	-1.02	-0.05	132	
6	39	43	3.54	4.17	2.76	-0.18	-0.54	133	
6	43	3	4.45	3.79	3.46	1.25	-0.80	134	
6	43	8	1.85	-0.16	2.25	1.80	-0.83	135	
6	43	13	2.49	1.74	3.87	-0.73	-0.55	136	
6	43	18	3.71	5.22	4.88	0.79	1.08	137	
6	43	23	0.54	3.69	2.55	0.39	1.04	138	
6	43	28	2.55	2.89	3.19	0.39	-1.81	139	
6	43	33	2.96	2.70	4.37	-2.91	-3.42	140	
6	43	38	2.64	2.61	1.76	-2.37	-1.07	141	
6	43	43	3.61	1.03	2.65	0.38	-1.57	142	
