143
diam	c	r	EConv0	EConv1	EConv2	OConv0	OConv1
6	3	3	4.12	3.90	4.54	-0.57	-0.42	44	
6	3	8	3.81	3.30	3.25	-0.15	0.14	45	
6	3	13	3.65	5.37	6.03	0.31	1.06	46	
6	3	18	2.76	4.06	3.89	1.02	1.34	47	
6	3	23	2.13	4.38	3.34	0.17	-0.49	48	
6	3	28	2.42	3.54	3.45	1.26	1.59	49	
6	3	33	4.13	4.04	3.62	-2.08	1.22	50	
6	3	38	2.88	3.29	2.36	-1.25	0.38	51	
6	3	43	5.11	3.81	4.67	-0.64	-0.18	52	
6	7	3	1.87	-1.35	-3.43	-5.56	-8.21	53	
6	7	8	4.21	0.73	0.69	-2.82	-7.85	54	
6	7	13	4.55	5.07	-1.51	-5.74	-9.81	55	
6	7	18	2.54	0.80	-2.52	-2.44	-12.27	56	
6	7	23	9.32	4.43	1.87	-2.22	-10.54	57	
6	7	28	4.01	-6.03	17.09	13.87	-27.56	58	
6	7	33	2.45	-0.60	-2.31	-1.60	-13.43	59	
6	7	38	1.49	20.72	-7.55	-12.51	-33.58	60	
6	7	43	2.96	-9.70	-3.16	4.00	-13.72	61	
6	11	3	3.34	4.21	5.32	-1.81	4.24	62	
6	11	8	4.79	4.85	6.54	0.41	4.37	63	
6	11	13	2.55	5.04	7.44	-0.08	3.67	64	
6	11	18	4.24	8.83	9.21	-3.02	4.81	65	
6	11	23	7.63	14.71	7.21	-53.76	-54.01	66	
6	11	28	35.86	23.76	1.05	47.06	19.16	67	
6	11	33	2.47	9.32	7.77	0.28	5.38	68	
6	11	38	24.05	16.26	16.66	-68.55	2.17	69	
6	11	43	22.09	9.16	8.77	13.94	4.09	70	
6	15	3	4.57	3.25	4.01	-0.02	0.01	71	
6	15	8	4.33	5.24	4.02	0.52	-0.45	72	
6	15	13	12.08	4.33	6.11	-7.19	-0.98	73	
6	15	18	25.47	35.05	-0.03	-41.29	-64.81	74	
6	15	23	5.10	1.35	3.42	59.58	55.28	75	
6	15	28	5.12	6.40	4.64	2.46	2.19	76	
6	15	33	7.06	8.90	2.01	-4.33	-2.98	77	
6	15	38	-47.97	-47.80	11.13	-26.87	-22.52	78	
6	15	43	4.95	6.88	3.51	0.78	-1.35	79	
6	19	3	3.84	3.74	4.69	-0.08	-0.98	80	
6	19	8	5.99	6.72	5.26	-2.29	-1.15	81	
6	19	13	10.45	34.66	0.13	-46.69	-66.45	82	
6	19	18	-12.24	-39.21	0.90	45.42	63.09	83	
6	19	23	7.10	9.02	-0.13	4.50	8.06	84	
6	19	28	5.56	6.53	3.31	-0.54	-4.09	85	
6	19	33	-0.50	4.35	5.39	-44.46	-62.85	86	
6	19	38	12.76	28.09	-4.58	47.50	43.81	87	
6	19	43	4.49	5.30	3.40	0.85	2.28	88	
6	23	3	6.99	7.74	1.82	-1.63	-1.97	89	
6	23	8	3.31	11.40	1.29	-47.07	-62.48	90	
6	23	13	2.63	6.23	4.12	38.72	62.74	91	
6	23	18	-8.00	27.48	16.68	-4.98	-84.25	92	
6	23	23	15.06	1.57	19.02	10.33	-14.35	93	
6	23	28	3.04	13.36	-2.35	-50.77	-61.51	94	
6	23	33	-3.73	-0.98	-3.12	51.48	64.21	95	
6	23	38	4.04	5.95	5.53	1.46	3.89	96	
6	23	43	3.96	3.48	4.67	-0.71	0.77	97	
6	27	3	21.25	-0.21	9.72	-18.49	2.97	98	
6	27	8	-0.47	24.16	0.48	24.72	67.76	99	
6	27	13	-16.46	-63.38	-12.26	-10.15	2.69	100	
6	27	18	23.05	65.11	29.88	-6.47	58.87	101	
6	27	23	32.32	35.10	2.86	-8.84	-61.99	102	
6	27	28	-1.05	-1.25	8.04	45.34	57.91	103	
6	27	33	5.15	6.20	2.95	4.19	-0.00	104	
6	27	38	4.10	3.36	4.53	-0.49	0.31	105	
6	27	43	2.87	4.58	2.84	0.97	-1.51	106	
6	31	3	6.50	8.49	3.72	-1.65	-0.63	107	
6	31	8	-9.86	-33.03	11.64	-10.51	-6.76	108	
6	31	13	10.99	27.20	5.06	0.16	0.98	109	
6	31	18	-5.50	-20.66	12.50	-54.20	-62.24	110	
6	31	23	-7.16	-13.35	-6.75	55.52	72.30	111	
6	31	28	6.37	11.38	4.21	4.06	5.27	112	
6	31	33	0.81	2.18	1.41	1.87	-1.12	113	
6	31	38	3.06	3.12	2.21	0.48	-0.83	114	
6	31	43	4.71	2.59	4.09	-1.82	0.38	115	
6	35	3	24.76	13.60	-0.60	-25.31	-6.30	116	
6	35	8	20.90	35.73	-0.37	21.52	7.94	117	
6	35	13	11.49	-6.47	16.42	-45.61	-36.30	118	
6	35	18	0.95	18.02	3.83	46.08	77.63	119	
6	35	23	5.24	9.72	4.64	4.77	6.97	120	
6	35	28	4.21	5.19	4.36	-1.45	4.57	121	
6	35	33	2.17	2.48	1.09	-1.68	3.37	122	
6	35	38	4.60	3.29	2.43	1.71	0.88	123	
6	35	43	2.73	2.87	2.86	0.03	-0.56	124	
6	39	3	22.43	12.37	-7.68	-46.32	-12.49	125	
6	39	8	-5.32	-77.46	-20.56	-4.00	-10.81	126	
6	39	13	3.36	26.59	-4.02	31.71	56.72	127	
6	39	18	4.48	4.39	3.57	0.80	4.49	128	
6	39	23	-12.52	-11.72	13.00	14.40	-34.41	129	
6	39	28	4.28	2.29	4.27	0.77	-2.26	130	
6	39	33	3.23	3.21	5.36	0.83	0.73	131	
6	39	38	3.57	3.86	4.99	-0.53	2.40	132	
6	39	43	3.30	3.33	4.96	-1.23	4.32	133	
6	43	3	5.98	1.47	24.77	-8.74	14.59	134	
6	43	8	4.27	23.44	8.76	4.82	15.87	135	
6	43	13	5.01	5.02	5.32	-0.71	-0.00	136	
6	43	18	3.09	3.15	3.04	-0.18	-1.24	137	
6	43	23	-4.01	22.63	7.58	6.37	24.10	138	
6	43	28	4.34	5.47	2.69	-0.73	1.93	139	
6	43	33	4.11	4.76	3.75	0.97	-0.23	140	
6	43	38	3.73	4.00	4.43	1.01	-1.14	141	
6	43	43	3.99	3.59	2.40	2.67	-1.04	142	
