143
diam	c	r	EConv0	EConv1	EConv2	OConv0	OConv1
6	3	3	3.73	3.16	3.11	1.54	0.46	44	
6	3	8	3.24	4.48	3.93	1.04	0.06	45	
6	3	13	1.39	3.77	2.04	-2.86	1.92	46	
6	3	18	5.86	4.17	3.84	-2.60	0.65	47	
6	3	23	-22.37	-13.62	-38.01	-20.70	-67.41	48	
6	3	28	17.89	-1.01	15.49	13.18	-8.06	49	
6	3	33	4.81	3.69	4.10	-2.45	-0.62	50	
6	3	38	16.65	15.77	-2.33	-14.03	-6.96	51	
6	3	43	-4.18	9.41	47.22	29.54	-70.73	52	
6	7	3	3.39	4.61	5.14	1.05	-0.71	53	
6	7	8	1.64	2.97	3.92	-0.28	0.20	54	
6	7	13	2.97	3.70	5.77	-0.03	-0.13	55	
6	7	18	5.17	5.43	3.63	-2.43	-0.74	56	
6	7	23	1.08	19.95	33.40	-7.81	37.73	57	
6	7	28	9.43	11.34	-0.98	11.29	3.95	58	
6	7	33	4.94	3.35	3.67	-1.92	0.08	59	
6	7	38	9.91	3.13	14.66	-5.11	2.78	60	
6	7	43	-20.64	20.85	-34.58	-59.30	55.83	61	
6	11	3	3.96	19.09	19.07	1.26	-17.49	62	
6	11	8	2.82	17.29	17.01	0.63	-16.34	63	
6	11	13	2.01	11.49	13.69	0.45	-9.41	64	
6	11	18	3.72	6.17	5.55	-3.76	-3.21	65	
6	11	23	4.66	4.83	5.67	-0.07	-0.97	66	
6	11	28	3.96	4.77	4.38	0.39	0.89	67	
6	11	33	2.64	4.95	2.85	-1.50	-0.63	68	
6	11	38	5.57	6.64	5.22	0.58	0.06	69	
6	11	43	-0.85	0.69	9.12	-69.80	-6.64	70	
6	15	3	1.72	-19.05	-22.12	-1.63	43.06	71	
6	15	8	3.61	-21.12	-20.61	-0.72	43.93	72	
6	15	13	3.84	-13.32	-24.96	8.16	23.01	73	
6	15	18	21.66	-11.91	-5.37	-17.63	7.73	74	
6	15	23	7.11	-37.86	-38.87	3.29	5.80	75	
6	15	28	3.84	-39.61	-40.19	2.84	-1.33	76	
6	15	33	-1.28	-45.36	-42.75	-7.36	2.53	77	
6	15	38	11.76	-37.49	-38.31	-0.39	4.49	78	
6	15	43	-7.24	-65.10	-8.35	1.17	6.63	79	
6	19	3	4.21	4.98	6.38	-0.65	1.61	80	
6	19	8	5.18	7.16	5.59	-0.09	2.40	81	
6	19	13	4.37	5.79	8.52	-3.76	3.95	82	
6	19	18	7.55	12.33	1.60	-3.01	-3.44	83	
6	19	23	-8.97	23.96	4.04	-20.79	-63.32	84	
6	19	28	7.98	3.02	13.63	3.71	-0.04	85	
6	19	33	2.60	6.86	6.57	0.98	2.61	86	
6	19	38	14.95	19.53	2.31	-26.65	-11.80	87	
6	19	43	8.60	20.38	2.34	21.81	20.75	88	
6	23	3	1.86	2.67	2.81	1.29	-0.91	89	
6	23	8	4.84	3.76	4.13	-1.79	-0.18	90	
6	23	13	6.52	9.27	2.55	-4.35	-3.00	91	
6	23	18	-2.92	-25.20	4.84	-12.28	-16.81	92	
6	23	23	-10.65	5.18	14.26	-34.09	47.23	93	
6	23	28	12.09	9.99	2.74	7.59	3.40	94	
6	23	33	4.82	10.46	2.36	-1.81	-3.52	95	
6	23	38	-12.65	-20.41	10.24	5.14	2.13	96	
6	23	43	5.50	6.29	2.64	2.03	5.83	97	
6	27	3	2.78	3.53	5.12	-0.20	-0.63	98	
6	27	8	6.15	6.68	4.42	-2.78	-1.65	99	
6	27	13	-5.84	-19.10	8.96	-6.15	-16.62	100	
6	27	18	6.85	18.04	3.80	9.43	13.87	101	
6	27	23	-12.66	-12.64	-1.53	9.01	9.81	102	
6	27	28	5.46	5.61	5.25	1.91	0.65	103	
6	27	33	-1.90	-11.18	10.66	-12.49	-15.07	104	
6	27	38	9.25	15.03	-0.67	15.36	12.54	105	
6	27	43	3.78	3.72	3.85	-1.62	2.62	106	
6	31	3	2.70	3.71	3.21	0.41	0.75	107	
6	31	8	1.01	3.59	3.82	-23.77	-17.90	108	
6	31	13	4.48	14.02	2.13	15.12	16.41	109	
6	31	18	5.15	0.40	4.64	-7.78	0.82	110	
6	31	23	3.87	8.30	2.63	4.78	3.88	111	
6	31	28	0.75	3.73	8.24	-18.39	-27.57	112	
6	31	33	3.44	9.41	0.27	15.98	16.29	113	
6	31	38	4.15	3.91	4.66	0.94	0.02	114	
6	31	43	4.77	3.26	3.52	-1.42	0.40	115	
6	35	3	8.86	9.65	1.77	-3.28	-3.66	116	
6	35	8	-4.86	-1.75	2.39	14.21	2.39	117	
6	35	13	3.92	9.19	8.68	0.58	-5.22	118	
6	35	18	5.18	28.95	9.03	-8.60	-15.63	119	
6	35	23	-4.14	-18.52	11.70	-18.00	-54.53	120	
6	35	28	6.56	11.26	-1.84	26.92	27.15	121	
6	35	33	4.72	5.26	4.19	1.97	3.39	122	
6	35	38	2.59	3.54	2.92	0.22	-2.04	123	
6	35	43	3.19	4.23	3.97	0.22	-2.28	124	
6	39	3	11.70	0.44	11.49	-7.87	4.68	125	
6	39	8	11.88	9.95	-35.29	-11.79	4.94	126	
6	39	13	-12.14	-23.76	-24.69	-8.95	-69.93	127	
6	39	18	-8.64	-77.62	-13.03	12.15	-5.86	128	
6	39	23	7.35	33.30	-1.71	33.26	47.12	129	
6	39	28	4.70	6.40	5.01	3.02	3.19	130	
6	39	33	3.92	2.94	2.93	0.39	-0.92	131	
6	39	38	3.06	4.34	4.20	0.02	0.27	132	
6	39	43	4.26	4.67	4.90	-1.45	-0.26	133	
6	43	3	5.38	5.36	4.87	1.40	-1.34	134	
6	43	8	16.59	0.48	27.75	-13.53	13.79	135	
6	43	13	-3.95	26.38	13.20	12.35	85.68	136	
6	43	18	6.70	32.15	7.68	12.95	28.38	137	
6	43	23	9.96	42.62	-3.54	-25.57	-29.04	138	
6	43	28	15.93	-1.50	35.18	18.97	-17.42	139	
6	43	33	3.17	3.90	3.70	1.37	0.50	140	
6	43	38	4.80	4.74	5.25	-0.36	1.16	141	
6	43	43	8.84	27.52	3.13	-14.34	-18.88	142	
