143
diam	c	r	EConv0	EConv1	EConv2	OConv0	OConv1
6	3	3	13.40	11.85	0.26	-7.39	-3.93	44	
6	3	8	-2.58	-5.21	7.41	-8.11	-30.87	45	
6	3	13	3.35	-30.06	-11.91	-8.58	-13.43	46	
6	3	18	-5.00	-28.02	-29.09	-6.12	2.00	47	
6	3	23	0.49	-35.10	-20.64	-2.08	23.34	48	
6	3	28	4.60	-5.51	-5.14	-6.95	41.34	49	
6	3	33	0.54	0.12	0.48	-4.66	53.79	50	
6	3	38	5.23	10.35	7.11	-8.96	55.81	51	
6	3	43	11.53	15.16	16.41	4.99	35.88	52	
6	7	3	13.33	-1.71	12.95	-9.99	5.18	53	
6	7	8	5.77	19.56	10.54	13.07	42.98	54	
6	7	13	7.35	23.45	12.73	3.03	16.12	55	
6	7	18	3.20	17.92	15.20	-3.87	11.65	56	
6	7	23	5.58	11.94	12.21	-1.09	7.36	57	
6	7	28	44.33	52.59	-14.17	-65.54	-30.13	58	
6	7	33	-10.08	-41.98	26.98	87.19	-82.70	59	
6	7	38	11.34	5.34	7.06	-6.75	5.60	60	
6	7	43	9.00	5.47	6.37	8.76	6.37	61	
6	11	3	3.00	2.74	1.68	1.44	-2.39	62	
6	11	8	4.03	2.58	6.06	1.09	-3.97	63	
6	11	13	4.02	5.71	3.82	-1.39	-3.24	64	
6	11	18	7.34	3.43	3.44	-10.54	-3.10	65	
6	11	23	6.90	1.86	7.05	2.57	-2.65	66	
6	11	28	2.07	-29.97	-19.08	-128.21	1.57	67	
6	11	33	-50.69	-2.71	-10.44	109.61	-1.69	68	
6	11	38	6.29	1.84	4.46	-1.19	3.06	69	
6	11	43	-2.16	2.97	0.96	11.48	-1.63	70	
6	15	3	3.29	3.91	4.31	2.87	3.93	71	
6	15	8	1.75	4.58	-1.77	-5.74	-3.63	72	
6	15	13	9.35	31.86	6.63	-6.26	-21.52	73	
6	15	18	14.50	8.72	38.17	3.99	-17.53	74	
6	15	23	4.44	5.35	3.19	3.29	-0.78	75	
6	15	28	24.89	6.71	53.56	-27.00	26.17	76	
6	15	33	-78.88	-15.73	-29.14	87.98	9.92	77	
6	15	38	4.54	4.46	3.17	-1.14	-1.12	78	
6	15	43	-4.01	2.68	0.93	6.88	2.69	79	
6	19	3	4.68	6.33	5.72	2.40	-3.50	80	
6	19	8	0.99	3.06	8.67	-2.16	0.74	81	
6	19	13	-23.61	-35.35	-5.54	-69.05	-49.81	82	
6	19	18	9.72	-7.82	-49.99	13.86	-48.71	83	
6	19	23	42.61	-7.68	24.31	38.21	-12.08	84	
6	19	28	5.89	1.23	1.75	-2.87	-1.05	85	
6	19	33	-73.80	-18.24	-14.71	80.13	31.32	86	
6	19	38	3.94	1.56	3.71	2.18	0.97	87	
6	19	43	-2.72	3.52	-1.38	-3.55	3.01	88	
6	23	3	1.33	1.79	1.71	1.60	-7.62	89	
6	23	8	33.89	39.70	-5.05	-30.37	-22.04	90	
6	23	13	18.97	7.63	30.00	51.54	72.40	91	
6	23	18	-8.20	27.50	-33.11	-58.00	47.88	92	
6	23	23	60.13	18.22	18.02	61.79	2.05	93	
6	23	28	25.74	22.88	2.24	-24.91	-8.69	94	
6	23	33	11.81	33.39	-6.27	48.19	36.05	95	
6	23	38	6.29	5.01	4.99	0.57	0.87	96	
6	23	43	4.34	5.63	6.70	-6.86	-0.49	97	
6	27	3	1.19	6.37	6.16	1.25	10.27	98	
6	27	8	26.20	17.44	-2.00	-117.49	-24.76	99	
6	27	13	44.16	21.87	9.24	25.35	3.81	100	
6	27	18	30.46	7.04	26.50	-97.34	10.81	101	
6	27	23	37.94	27.46	-2.36	31.03	13.53	102	
6	27	28	-34.30	-29.46	12.37	-19.97	-24.38	103	
6	27	33	5.31	7.04	2.51	1.65	4.78	104	
6	27	38	4.35	3.48	4.20	0.52	0.69	105	
6	27	43	-2.12	-3.17	2.39	0.13	1.00	106	
6	31	3	3.52	4.03	4.10	-0.01	0.86	107	
6	31	8	-23.66	-7.64	-7.78	-131.78	-11.49	108	
6	31	13	32.11	35.94	38.04	40.91	-100.05	109	
6	31	18	-28.97	-38.45	54.72	-2.16	-36.77	110	
6	31	23	-1.54	28.87	2.95	-59.51	-88.34	111	
6	31	28	16.71	16.59	1.62	49.60	37.46	112	
6	31	33	4.67	3.91	4.35	3.10	-1.20	113	
6	31	38	7.25	7.21	3.64	-1.70	-1.42	114	
6	31	43	4.05	2.54	4.56	10.24	2.19	115	
6	35	3	1.87	1.29	4.16	2.19	0.15	116	
6	35	8	-11.05	-2.06	-3.92	-134.96	15.09	117	
6	35	13	4.10	1.43	-1.24	-4.34	-0.16	118	
6	35	18	9.74	13.02	-35.18	28.86	-28.07	119	
6	35	23	-33.80	-59.16	-0.89	68.20	58.52	120	
6	35	28	5.81	9.04	2.69	-1.50	1.22	121	
6	35	33	5.67	4.08	5.40	4.01	-0.45	122	
6	35	38	8.13	2.88	5.97	-3.90	0.31	123	
6	35	43	11.57	9.57	4.27	5.98	2.05	124	
6	39	3	3.76	2.93	3.27	2.36	0.50	125	
6	39	8	52.70	-11.90	43.19	-98.63	43.22	126	
6	39	13	-0.90	-8.27	-7.80	2.07	4.34	127	
6	39	18	2.61	-34.80	0.16	55.95	85.83	128	
6	39	23	15.12	42.79	7.18	16.35	23.87	129	
6	39	28	6.85	4.82	3.35	-1.73	-0.41	130	
6	39	33	7.01	4.39	5.19	6.77	-1.37	131	
6	39	38	3.68	4.66	3.62	-0.02	0.24	132	
6	39	43	5.27	3.74	4.31	-0.32	-1.02	133	
6	43	3	4.29	5.70	4.07	-0.41	-3.52	134	
6	43	8	8.31	2.90	12.12	-2.93	0.81	135	
6	43	13	-14.67	39.88	41.59	-1.84	80.15	136	
6	43	18	14.68	23.88	7.47	0.31	9.69	137	
6	43	23	8.10	5.86	5.47	7.47	2.75	138	
6	43	28	6.98	3.99	5.69	-1.94	0.53	139	
6	43	33	6.37	4.45	2.66	7.29	0.29	140	
6	43	38	4.38	3.42	5.22	0.72	-1.80	141	
6	43	43	4.47	4.13	4.99	2.34	0.50	142	
