143
diam	c	r	EConv0	EConv1	EConv2	OConv0	OConv1
6	3	3	5.00	7.21	2.99	-0.59	-3.06	44	
6	3	8	-5.75	-5.07	-8.05	-25.40	-58.56	45	
6	3	13	4.37	-17.81	-2.71	10.43	-28.76	46	
6	3	18	3.33	1.65	2.46	1.01	1.28	47	
6	3	23	1.70	17.85	11.49	-1.63	-13.10	48	
6	3	28	2.02	16.83	21.82	2.16	-14.12	49	
6	3	33	2.51	3.11	8.52	1.81	-2.80	50	
6	3	38	4.52	5.32	2.05	-1.55	-2.14	51	
6	3	43	3.65	2.89	2.88	0.80	-3.38	52	
6	7	3	7.65	1.59	11.00	-3.35	0.12	53	
6	7	8	5.28	33.91	22.96	3.52	34.74	54	
6	7	13	5.98	18.92	7.02	5.85	9.46	55	
6	7	18	8.29	8.73	-3.30	-18.48	-12.30	56	
6	7	23	6.59	-0.96	10.36	9.01	28.75	57	
6	7	28	3.35	13.04	9.13	0.24	28.77	58	
6	7	33	-0.41	-7.58	-24.70	-0.26	11.03	59	
6	7	38	3.56	0.46	13.82	9.56	-17.72	60	
6	7	43	3.20	4.72	3.49	-3.79	0.81	61	
6	11	3	3.32	3.30	3.83	2.59	4.07	62	
6	11	8	1.13	2.43	2.06	-1.15	2.93	63	
6	11	13	2.22	4.09	0.81	1.74	-1.28	64	
6	11	18	-0.01	2.14	11.00	-9.63	10.74	65	
6	11	23	3.79	2.30	0.58	4.10	1.93	66	
6	11	28	4.19	4.30	3.77	0.12	3.03	67	
6	11	33	4.04	5.58	1.83	0.61	-2.54	68	
6	11	38	10.39	3.57	11.59	-12.39	12.39	69	
6	11	43	11.90	-0.44	13.58	10.50	-5.12	70	
6	15	3	1.93	2.43	0.35	-0.56	-1.87	71	
6	15	8	3.15	2.56	4.70	-1.69	-1.21	72	
6	15	13	3.11	2.33	4.37	-1.14	1.42	73	
6	15	18	0.36	3.68	3.82	-1.38	-4.66	74	
6	15	23	4.68	4.67	4.13	1.89	0.42	75	
6	15	28	3.73	3.40	2.74	0.54	-3.54	76	
6	15	33	3.51	2.11	5.47	0.07	-0.93	77	
6	15	38	5.75	4.50	4.45	0.38	-0.35	78	
6	15	43	5.16	6.72	-0.89	14.40	5.16	79	
6	19	3	2.92	2.89	2.98	1.11	2.09	80	
6	19	8	1.74	5.22	3.66	0.33	0.98	81	
6	19	13	3.98	4.98	3.98	-1.27	2.49	82	
6	19	18	2.02	4.73	6.69	1.05	5.46	83	
6	19	23	3.09	4.90	1.57	-1.53	1.58	84	
6	19	28	2.91	5.08	2.92	-2.14	-0.48	85	
6	19	33	5.45	3.38	7.07	0.80	0.61	86	
6	19	38	4.11	4.49	2.75	-2.48	-1.02	87	
6	19	43	3.86	4.35	3.38	2.41	5.50	88	
6	23	3	3.27	6.07	5.44	-0.04	-4.53	89	
6	23	8	4.28	6.71	8.40	-0.08	-1.86	90	
6	23	13	-0.05	14.12	11.69	0.99	-13.77	91	
6	23	18	0.91	8.72	9.12	-1.84	-8.03	92	
6	23	23	2.76	12.61	10.52	0.01	-7.90	93	
6	23	28	3.14	15.69	19.89	-0.09	-10.15	94	
6	23	33	3.81	21.16	11.74	-0.82	-12.75	95	
6	23	38	2.55	12.61	21.36	4.94	-13.81	96	
6	23	43	4.00	17.28	16.81	1.65	-10.01	97	
6	27	3	1.70	-1.36	-11.00	0.54	15.89	98	
6	27	8	10.66	3.00	-5.65	-2.58	8.48	99	
6	27	13	-7.86	-31.01	12.83	27.63	13.50	100	
6	27	18	0.76	-5.14	-9.04	1.45	25.46	101	
6	27	23	2.06	-4.71	-3.05	2.72	28.84	102	
6	27	28	6.35	13.07	6.77	1.51	31.95	103	
6	27	33	-2.53	-9.24	6.92	1.60	35.53	104	
6	27	38	1.07	8.41	3.06	2.54	38.16	105	
6	27	43	1.12	2.81	4.89	-2.26	31.83	106	
6	31	3	4.95	-20.56	2.09	-17.14	-1.15	107	
6	31	8	3.88	-45.36	-7.87	5.88	-26.50	108	
6	31	13	-2.34	-15.43	-37.02	-1.40	40.62	109	
6	31	18	14.94	2.78	-3.88	13.94	3.78	110	
6	31	23	6.10	13.18	1.42	-6.33	-8.78	111	
6	31	28	-1.16	-25.07	2.78	-4.22	0.92	112	
6	31	33	5.94	8.58	3.35	6.99	4.69	113	
6	31	38	2.03	1.35	1.81	-0.69	2.61	114	
6	31	43	3.01	0.69	-2.07	-2.10	3.55	115	
6	35	3	-2.33	-49.81	0.20	2.98	-5.02	116	
6	35	8	12.07	53.42	-2.19	18.00	11.84	117	
6	35	13	8.23	-0.48	5.88	6.01	-0.83	118	
6	35	18	7.06	30.08	4.38	-20.19	-25.73	119	
6	35	23	1.51	-26.55	1.33	10.32	9.98	120	
6	35	28	8.03	10.38	5.35	5.14	3.74	121	
6	35	33	4.06	5.80	3.71	3.04	-2.60	122	
6	35	38	2.99	2.40	3.82	2.54	-1.36	123	
6	35	43	2.97	2.30	2.19	-4.87	-0.82	124	
6	39	3	7.77	46.48	3.14	-4.39	18.64	125	
6	39	8	6.69	19.76	11.92	0.76	2.99	126	
6	39	13	0.96	-0.60	-5.41	-8.79	-50.87	127	
6	39	18	-1.48	-8.41	6.14	23.52	31.41	128	
6	39	23	5.23	5.89	4.66	-2.22	0.60	129	
6	39	28	2.42	1.84	-0.13	0.77	0.93	130	
6	39	33	1.77	3.08	4.80	2.18	1.72	131	
6	39	38	1.11	4.31	1.75	1.35	-1.00	132	
6	39	43	3.05	3.71	4.88	-0.05	0.40	133	
6	43	3	-19.33	-5.90	-17.50	-23.49	-29.27	134	
6	43	8	0.05	-42.67	-19.80	16.24	24.22	135	
6	43	13	3.01	27.50	9.69	14.57	30.61	136	
6	43	18	5.99	6.96	4.49	2.12	2.95	137	
6	43	23	4.61	0.86	3.54	-4.74	0.17	138	
6	43	28	4.21	1.33	0.87	1.93	-1.74	139	
6	43	33	0.51	2.76	-0.67	-0.11	1.98	140	
6	43	38	-0.71	0.98	1.86	1.12	1.62	141	
6	43	43	2.05	2.94	4.48	-1.70	0.51	142	
