143
diam	c	r	EConv0	EConv1	EConv2	OConv0	OConv1
6	3	3	-17.28	-5.40	-1.84	-11.72	86.21	44	
6	3	8	5.99	42.43	3.97	25.92	46.18	45	
6	3	13	3.03	1.22	2.30	-1.91	-1.10	46	
6	3	18	26.24	36.09	-5.05	-42.43	-33.89	47	
6	3	23	26.59	-12.35	-0.47	46.25	-4.86	48	
6	3	28	1.81	3.51	1.93	1.15	-2.40	49	
6	3	33	2.95	1.98	4.14	0.41	-2.07	50	
6	3	38	3.79	2.60	2.99	1.37	0.08	51	
6	3	43	4.63	4.37	5.88	0.04	-0.75	52	
6	7	3	3.26	2.64	2.83	-0.77	-2.96	53	
6	7	8	1.54	1.17	4.12	-2.21	-1.12	54	
6	7	13	8.86	12.66	3.49	-4.56	-0.97	55	
6	7	18	-34.18	-53.68	11.08	5.48	21.92	56	
6	7	23	7.63	13.07	3.09	-6.75	0.41	57	
6	7	28	2.17	3.30	3.44	0.91	0.73	58	
6	7	33	2.67	2.79	3.60	1.21	0.80	59	
6	7	38	21.02	42.66	-3.25	-30.14	-32.39	60	
6	7	43	-7.46	-42.10	4.35	63.85	-35.30	61	
6	11	3	3.14	3.54	3.54	0.47	-0.98	62	
6	11	8	6.02	4.84	0.41	-0.21	3.29	63	
6	11	13	-5.34	-21.93	10.66	-21.72	-21.67	64	
6	11	18	13.68	23.10	1.85	16.41	14.68	65	
6	11	23	1.52	2.42	4.50	-2.32	3.01	66	
6	11	28	2.46	2.91	3.25	0.92	0.80	67	
6	11	33	8.46	13.66	1.31	-5.91	-10.50	68	
6	11	38	5.18	-31.26	12.66	-22.50	33.60	69	
6	11	43	25.25	41.95	-6.69	38.95	32.90	70	
6	15	3	6.36	11.99	4.47	-4.32	-1.83	71	
6	15	8	-3.88	-16.95	0.20	-26.02	-51.13	72	
6	15	13	11.64	20.01	-2.97	29.45	27.81	73	
6	15	18	-4.44	10.19	16.38	0.21	-18.70	74	
6	15	23	-0.60	2.56	-4.06	-5.83	-5.02	75	
6	15	28	5.99	12.49	3.23	-4.07	-5.73	76	
6	15	33	-6.00	-16.28	5.67	11.76	6.00	77	
6	15	38	2.17	6.61	5.09	1.04	2.35	78	
6	15	43	3.04	2.42	3.06	-1.31	-1.44	79	
6	19	3	7.98	-13.52	-10.76	-42.71	-3.70	80	
6	19	8	-0.09	12.55	-7.80	27.91	50.56	81	
6	19	13	8.49	5.75	-0.97	-25.73	-18.34	82	
6	19	18	-44.53	-22.92	-29.19	37.73	-0.53	83	
6	19	23	4.44	7.31	7.14	-3.26	3.59	84	
6	19	28	-11.72	-23.51	4.60	-3.89	-6.23	85	
6	19	33	5.93	5.81	2.41	5.93	4.94	86	
6	19	38	4.28	2.91	3.44	1.61	1.05	87	
6	19	43	2.72	2.97	2.84	-1.02	2.15	88	
6	23	3	-15.11	41.66	28.67	-9.83	-58.20	89	
6	23	8	13.12	11.29	3.59	-10.46	-7.77	90	
6	23	13	-4.03	-10.14	3.95	25.70	13.53	91	
6	23	18	-38.72	-9.43	5.30	38.34	-2.99	92	
6	23	23	-7.86	-8.39	1.49	-24.72	-33.33	93	
6	23	28	11.01	16.97	0.74	13.89	10.11	94	
6	23	33	3.50	4.37	0.76	0.97	-1.18	95	
6	23	38	3.54	3.21	3.02	1.36	-1.27	96	
6	23	43	3.32	3.70	3.77	-0.54	-1.20	97	
6	27	3	-8.62	-15.75	-23.74	-27.03	38.07	98	
6	27	8	11.00	-7.33	7.40	-17.51	-14.77	99	
6	27	13	32.31	35.40	-1.04	-15.82	-6.05	100	
6	27	18	6.48	-5.60	-4.55	39.34	-25.47	101	
6	27	23	5.44	15.28	6.37	22.69	30.42	102	
6	27	28	3.29	3.31	5.81	-0.59	0.03	103	
6	27	33	4.27	2.70	4.67	0.15	0.53	104	
6	27	38	3.02	3.31	2.56	0.83	-0.53	105	
6	27	43	3.48	1.88	3.72	0.59	-0.08	106	
6	31	3	-41.40	-46.46	9.37	11.93	8.20	107	
6	31	8	-29.39	-26.11	-0.76	30.32	6.30	108	
6	31	13	2.69	-1.47	4.49	-69.25	-34.53	109	
6	31	18	17.32	45.24	-2.19	50.34	49.98	110	
6	31	23	4.84	1.69	3.67	2.85	3.90	111	
6	31	28	3.69	2.19	4.24	2.20	-0.63	112	
6	31	33	3.60	3.20	2.97	1.83	-0.06	113	
6	31	38	3.05	3.24	3.17	-0.42	0.58	114	
6	31	43	3.72	3.75	3.29	2.06	0.15	115	
6	35	3	52.23	54.70	-5.26	-6.74	11.32	116	
6	35	8	40.30	58.75	5.42	7.05	-22.08	117	
6	35	13	-24.44	-36.86	6.33	40.99	31.58	118	
6	35	18	-11.17	-30.89	-20.52	-3.53	-3.99	119	
6	35	23	3.53	-36.53	-46.97	-0.34	-39.35	120	
6	35	28	17.02	1.08	6.38	12.81	-0.62	121	
6	35	33	3.14	3.55	2.48	0.70	-0.92	122	
6	35	38	5.23	4.19	4.33	-0.43	0.53	123	
6	35	43	2.80	2.93	2.66	2.52	0.18	124	
6	39	3	32.17	-9.20	14.59	-51.86	9.63	125	
6	39	8	-4.17	-55.64	0.14	9.73	39.75	126	
6	39	13	13.09	24.90	1.50	11.82	12.00	127	
6	39	18	1.38	9.84	8.43	-1.46	4.72	128	
6	39	23	7.58	15.53	21.31	-2.60	9.29	129	
6	39	28	6.03	6.94	2.22	4.55	0.54	130	
6	39	33	2.28	3.01	3.24	0.68	-0.07	131	
6	39	38	2.43	3.09	3.37	0.49	-1.40	132	
6	39	43	2.56	3.10	3.18	-1.01	-1.08	133	
6	43	3	3.23	4.91	6.06	0.96	3.60	134	
6	43	8	2.85	13.29	2.62	2.44	7.17	135	
6	43	13	2.91	0.22	2.84	-0.80	2.21	136	
6	43	18	-2.19	0.98	19.40	11.60	-16.87	137	
6	43	23	4.69	14.54	4.43	-6.63	-3.27	138	
6	43	28	8.12	2.72	6.73	2.10	0.11	139	
6	43	33	3.76	1.83	3.47	-0.09	0.39	140	
6	43	38	3.83	2.92	2.13	1.27	0.57	141	
6	43	43	3.42	1.19	2.29	0.81	0.63	142	
